146
60 34 116019
60 24 116019
60 25 116019
60 26 116019
60 27 116019
60 28 116019
60 29 116019
60 30 116019
60 31 116019
60 32 116019
60 33 116019
60 23 116019
60 35 116019
60 36 116019
60 37 116019
60 38 116019
60 39 116019
60 40 116019
60 41 116019
60 42 116019
60 43 116019
60 44 116019
60 13 116019
60 3 116019
60 4 116019
60 5 116019
60 6 116019
60 7 116019
60 8 116019
60 9 116019
60 10 116019
60 11 116019
60 12 116019
60 45 116019
60 14 116019
60 15 116019
60 16 116019
60 17 116019
60 18 116019
60 19 116019
60 20 116019
60 21 116019
60 22 116019
61 17 116019
60 56 116019
60 46 116019
60 47 116019
60 48 116019
60 49 116019
60 50 116019
60 51 116019
60 52 116019
60 53 116019
60 54 116019
60 55 116019
60 2 116019
60 57 116019
60 58 116019
60 59 116019
61 0 116019
61 1 116019
63 20 116019
62 61 116019
64 0 116019
70 64 116019
70 65 116019
70 66 116019
70 67 116019
70 68 116019
70 69 116019
71 0 116019
73 20 116019
72 71 116019
4 3 259437
9 5 259437
5 1 259437
2 0 259437
2 1 259437
3 0 259437
9 6 259437
8 2 259437
17 11 259437
7 1 259437
10 7 259437
13 5 259437
18 16 259437
11 0 259437
12 7 259437
14 2 259437
16 6 259437
15 10 259437
19 8 259437
21 0 259437
20 10 259437
22 12 259437
37 9 259437
25 15 259437
23 10 259437
24 18 259437
26 11 259437
34 7 259437
28 0 259437
27 26 259437
31 19 259437
29 14 259437
32 10 259437
30 28 259437
33 19 259437
36 23 259437
35 4 259437
48 0 259437
38 13 259437
41 2 259437
39 17 259437
40 21 259437
42 24 259437
43 15 259437
45 0 259437
44 23 259437
50 18 259437
46 18 259437
47 5 259437
49 5 259437
51 22 259437
52 2 259437
67 46 259437
53 13 259437
55 12 259437
54 2 259437
56 20 259437
58 13 259437
57 6 259437
64 10 259437
62 28 259437
59 18 259437
61 27 259437
60 0 259437
63 20 259437
66 27 259437
65 29 259437
72 38 259437
68 63 259437
69 16 259437
71 25 259437
70 0 259437
73 51 259437
