74 1000000
883981
883981 883981
883981 883981 883981
883981 883981 883981 883981
883981 883981 883981 883981 883981
883981 883981 883981 883981 883981 883981
883981 883981 883981 883981 883981 883981 883981
883981 883981 883981 883981 883981 883981 883981 883981
883981 883981 883981 883981 883981 883981 883981 883981 883981
883981 883981 883981 883981 883981 883981 883981 883981 883981 883981
883981 883981 883981 883981 883981 883981 883981 883981 883981 883981 883981
883981 883981 883981 883981 883981 883981 883981 883981 883981 883981 883981 883981
883981 883981 883981 883981 883981 883981 883981 883981 883981 883981 883981 883981 883981
883981 883981 883981 883981 883981 883981 883981 883981 883981 883981 883981 883981 883981 883981
883981 883981 883981 883981 883981 883981 883981 883981 883981 883981 883981 883981 883981 883981 883981
883981 883981 883981 883981 883981 883981 883981 883981 883981 883981 883981 883981 883981 883981 883981 883981
883981 883981 883981 883981 883981 883981 883981 883981 883981 883981 883981 883981 883981 883981 883981 883981 883981
883981 883981 883981 883981 883981 883981 883981 883981 883981 883981 883981 883981 883981 883981 883981 883981 883981 883981
883981 883981 883981 883981 883981 883981 883981 883981 883981 883981 883981 883981 883981 883981 883981 883981 883981 883981 883981
883981 883981 883981 883981 883981 883981 883981 883981 883981 883981 883981 883981 883981 883981 883981 883981 883981 883981 883981 883981
883981 883981 883981 883981 883981 883981 883981 883981 883981 883981 883981 883981 883981 883981 883981 883981 883981 883981 883981 883981 883981
883981 883981 883981 883981 883981 883981 883981 883981 883981 883981 883981 883981 883981 883981 883981 883981 883981 883981 883981 883981 883981 883981
883981 883981 883981 883981 883981 883981 883981 883981 883981 883981 883981 883981 883981 883981 883981 883981 883981 883981 883981 883981 883981 883981 883981
883981 883981 883981 883981 883981 883981 883981 883981 883981 883981 883981 883981 883981 883981 883981 883981 883981 883981 883981 883981 883981 883981 883981 883981
883981 883981 883981 883981 883981 883981 883981 883981 883981 883981 883981 883981 883981 883981 883981 883981 883981 883981 883981 883981 883981 883981 883981 883981 883981
883981 883981 883981 883981 883981 883981 883981 883981 883981 883981 883981 883981 883981 883981 883981 883981 883981 883981 883981 883981 883981 883981 883981 883981 883981 883981
883981 883981 883981 883981 883981 883981 883981 883981 883981 883981 883981 883981 883981 883981 883981 883981 883981 883981 883981 883981 883981 883981 883981 883981 883981 883981 883981
883981 883981 883981 883981 883981 883981 883981 883981 883981 883981 883981 883981 883981 883981 883981 883981 883981 883981 883981 883981 883981 883981 883981 883981 883981 883981 883981 883981
883981 883981 883981 883981 883981 883981 883981 883981 883981 883981 883981 883981 883981 883981 883981 883981 883981 883981 883981 883981 883981 883981 883981 883981 883981 883981 883981 883981 883981
883981 883981 883981 883981 883981 883981 883981 883981 883981 883981 883981 883981 883981 883981 883981 883981 883981 883981 883981 883981 883981 883981 883981 883981 883981 883981 883981 883981 883981 883981
883981 883981 883981 883981 883981 883981 883981 883981 883981 883981 883981 883981 883981 883981 883981 883981 883981 883981 883981 883981 883981 883981 883981 883981 883981 883981 883981 883981 883981 883981 883981
883981 883981 883981 883981 883981 883981 883981 883981 883981 883981 883981 883981 883981 883981 883981 883981 883981 883981 883981 883981 883981 883981 883981 883981 883981 883981 883981 883981 883981 883981 883981 883981
883981 883981 883981 883981 883981 883981 883981 883981 883981 883981 883981 883981 883981 883981 883981 883981 883981 883981 883981 883981 883981 883981 883981 883981 883981 883981 883981 883981 883981 883981 883981 883981 883981
883981 883981 883981 883981 883981 883981 883981 883981 883981 883981 883981 883981 883981 883981 883981 883981 883981 883981 883981 883981 883981 883981 883981 883981 883981 883981 883981 883981 883981 883981 883981 883981 883981 883981
883981 883981 883981 883981 883981 883981 883981 883981 883981 883981 883981 883981 883981 883981 883981 883981 883981 883981 883981 883981 883981 883981 883981 883981 883981 883981 883981 883981 883981 883981 883981 883981 883981 883981 883981
883981 883981 883981 883981 883981 883981 883981 883981 883981 883981 883981 883981 883981 883981 883981 883981 883981 883981 883981 883981 883981 883981 883981 883981 883981 883981 883981 883981 883981 883981 883981 883981 883981 883981 883981 883981
883981 883981 883981 883981 883981 883981 883981 883981 883981 883981 883981 883981 883981 883981 883981 883981 883981 883981 883981 883981 883981 883981 883981 883981 883981 883981 883981 883981 883981 883981 883981 883981 883981 883981 883981 883981 883981
883981 883981 883981 883981 883981 883981 883981 883981 883981 883981 883981 883981 883981 883981 883981 883981 883981 883981 883981 883981 883981 883981 883981 883981 883981 883981 883981 883981 883981 883981 883981 883981 883981 883981 883981 883981 883981 883981
883981 883981 883981 883981 883981 883981 883981 883981 883981 883981 883981 883981 883981 883981 883981 883981 883981 883981 883981 883981 883981 883981 883981 883981 883981 883981 883981 883981 883981 883981 883981 883981 883981 883981 883981 883981 883981 883981 883981
883981 883981 883981 883981 883981 883981 883981 883981 883981 883981 883981 883981 883981 883981 883981 883981 883981 883981 883981 883981 883981 883981 883981 883981 883981 883981 883981 883981 883981 883981 883981 883981 883981 883981 883981 883981 883981 883981 883981 883981
883981 883981 883981 883981 883981 883981 883981 883981 883981 883981 883981 883981 883981 883981 883981 883981 883981 883981 883981 883981 883981 883981 883981 883981 883981 883981 883981 883981 883981 883981 883981 883981 883981 883981 883981 883981 883981 883981 883981 883981 883981
883981 883981 883981 883981 883981 883981 883981 883981 883981 883981 883981 883981 883981 883981 883981 883981 883981 883981 883981 883981 883981 883981 883981 883981 883981 883981 883981 883981 883981 883981 883981 883981 883981 883981 883981 883981 883981 883981 883981 883981 883981 883981
883981 883981 883981 883981 883981 883981 883981 883981 883981 883981 883981 883981 883981 883981 883981 883981 883981 883981 883981 883981 883981 883981 883981 883981 883981 883981 883981 883981 883981 883981 883981 883981 883981 883981 883981 883981 883981 883981 883981 883981 883981 883981 883981
883981 883981 883981 883981 883981 883981 883981 883981 883981 883981 883981 883981 883981 883981 883981 883981 883981 883981 883981 883981 883981 883981 883981 883981 883981 883981 883981 883981 883981 883981 883981 883981 883981 883981 883981 883981 883981 883981 883981 883981 883981 883981 883981 883981
883981 883981 883981 883981 883981 883981 883981 883981 883981 883981 883981 883981 883981 883981 883981 883981 883981 883981 883981 883981 883981 883981 883981 883981 883981 883981 883981 883981 883981 883981 883981 883981 883981 883981 883981 883981 883981 883981 883981 883981 883981 883981 883981 883981 883981
883981 883981 883981 883981 883981 883981 883981 883981 883981 883981 883981 883981 883981 883981 883981 883981 883981 883981 883981 883981 883981 883981 883981 883981 883981 883981 883981 883981 883981 883981 883981 883981 883981 883981 883981 883981 883981 883981 883981 883981 883981 883981 883981 883981 883981 883981
883981 883981 883981 883981 883981 883981 883981 883981 883981 883981 883981 883981 883981 883981 883981 883981 883981 883981 883981 883981 883981 883981 883981 883981 883981 883981 883981 883981 883981 883981 883981 883981 883981 883981 883981 883981 883981 883981 883981 883981 883981 883981 883981 883981 883981 883981 883981
883981 883981 883981 883981 883981 883981 883981 883981 883981 883981 883981 883981 883981 883981 883981 883981 883981 883981 883981 883981 883981 883981 883981 883981 883981 883981 883981 883981 883981 883981 883981 883981 883981 883981 883981 883981 883981 883981 883981 883981 883981 883981 883981 883981 883981 883981 883981 883981
883981 883981 883981 883981 883981 883981 883981 883981 883981 883981 883981 883981 883981 883981 883981 883981 883981 883981 883981 883981 883981 883981 883981 883981 883981 883981 883981 883981 883981 883981 883981 883981 883981 883981 883981 883981 883981 883981 883981 883981 883981 883981 883981 883981 883981 883981 883981 883981 883981
883981 883981 883981 883981 883981 883981 883981 883981 883981 883981 883981 883981 883981 883981 883981 883981 883981 883981 883981 883981 883981 883981 883981 883981 883981 883981 883981 883981 883981 883981 883981 883981 883981 883981 883981 883981 883981 883981 883981 883981 883981 883981 883981 883981 883981 883981 883981 883981 883981 883981
883981 883981 883981 883981 883981 883981 883981 883981 883981 883981 883981 883981 883981 883981 883981 883981 883981 883981 883981 883981 883981 883981 883981 883981 883981 883981 883981 883981 883981 883981 883981 883981 883981 883981 883981 883981 883981 883981 883981 883981 883981 883981 883981 883981 883981 883981 883981 883981 883981 883981 883981
883981 883981 883981 883981 883981 883981 883981 883981 883981 883981 883981 883981 883981 883981 883981 883981 883981 883981 883981 883981 883981 883981 883981 883981 883981 883981 883981 883981 883981 883981 883981 883981 883981 883981 883981 883981 883981 883981 883981 883981 883981 883981 883981 883981 883981 883981 883981 883981 883981 883981 883981 883981
883981 883981 883981 883981 883981 883981 883981 883981 883981 883981 883981 883981 883981 883981 883981 883981 883981 883981 883981 883981 883981 883981 883981 883981 883981 883981 883981 883981 883981 883981 883981 883981 883981 883981 883981 883981 883981 883981 883981 883981 883981 883981 883981 883981 883981 883981 883981 883981 883981 883981 883981 883981 883981
883981 883981 883981 883981 883981 883981 883981 883981 883981 883981 883981 883981 883981 883981 883981 883981 883981 883981 883981 883981 883981 883981 883981 883981 883981 883981 883981 883981 883981 883981 883981 883981 883981 883981 883981 883981 883981 883981 883981 883981 883981 883981 883981 883981 883981 883981 883981 883981 883981 883981 883981 883981 883981 883981
883981 883981 883981 883981 883981 883981 883981 883981 883981 883981 883981 883981 883981 883981 883981 883981 883981 883981 883981 883981 883981 883981 883981 883981 883981 883981 883981 883981 883981 883981 883981 883981 883981 883981 883981 883981 883981 883981 883981 883981 883981 883981 883981 883981 883981 883981 883981 883981 883981 883981 883981 883981 883981 883981 883981
883981 883981 883981 883981 883981 883981 883981 883981 883981 883981 883981 883981 883981 883981 883981 883981 883981 883981 883981 883981 883981 883981 883981 883981 883981 883981 883981 883981 883981 883981 883981 883981 883981 883981 883981 883981 883981 883981 883981 883981 883981 883981 883981 883981 883981 883981 883981 883981 883981 883981 883981 883981 883981 883981 883981 883981
883981 883981 883981 883981 883981 883981 883981 883981 883981 883981 883981 883981 883981 883981 883981 883981 883981 883981 883981 883981 883981 883981 883981 883981 883981 883981 883981 883981 883981 883981 883981 883981 883981 883981 883981 883981 883981 883981 883981 883981 883981 883981 883981 883981 883981 883981 883981 883981 883981 883981 883981 883981 883981 883981 883981 883981 883981
883981 883981 883981 883981 883981 883981 883981 883981 883981 883981 883981 883981 883981 883981 883981 883981 883981 883981 883981 883981 883981 883981 883981 883981 883981 883981 883981 883981 883981 883981 883981 883981 883981 883981 883981 883981 883981 883981 883981 883981 883981 883981 883981 883981 883981 883981 883981 883981 883981 883981 883981 883981 883981 883981 883981 883981 883981 883981
883981 883981 883981 883981 883981 883981 883981 883981 883981 883981 883981 883981 883981 883981 883981 883981 883981 883981 883981 883981 883981 883981 883981 883981 883981 883981 883981 883981 883981 883981 883981 883981 883981 883981 883981 883981 883981 883981 883981 883981 883981 883981 883981 883981 883981 883981 883981 883981 883981 883981 883981 883981 883981 883981 883981 883981 883981 883981 883981
883981 883981 883981 883981 883981 883981 883981 883981 883981 883981 883981 883981 883981 883981 883981 883981 883981 883981 883981 883981 883981 883981 883981 883981 883981 883981 883981 883981 883981 883981 883981 883981 883981 883981 883981 883981 883981 883981 883981 883981 883981 883981 883981 883981 883981 883981 883981 883981 883981 883981 883981 883981 883981 883981 883981 883981 883981 883981 883981 883981
883981 883981 883981 883981 883981 883981 883981 883981 883981 883981 883981 883981 883981 883981 883981 883981 883981 883981 883981 883981 883981 883981 883981 883981 883981 883981 883981 883981 883981 883981 883981 883981 883981 883981 883981 883981 883981 883981 883981 883981 883981 883981 883981 883981 883981 883981 883981 883981 883981 883981 883981 883981 883981 883981 883981 883981 883981 883981 883981 883981 883981
883981 883981 883981 883981 883981 883981 883981 883981 883981 883981 883981 883981 883981 883981 883981 883981 883981 883981 883981 883981 883981 883981 883981 883981 883981 883981 883981 883981 883981 883981 883981 883981 883981 883981 883981 883981 883981 883981 883981 883981 883981 883981 883981 883981 883981 883981 883981 883981 883981 883981 883981 883981 883981 883981 883981 883981 883981 883981 883981 883981 883981 883981
883981 883981 883981 883981 883981 883981 883981 883981 883981 883981 883981 883981 883981 883981 883981 883981 883981 883981 883981 883981 883981 883981 883981 883981 883981 883981 883981 883981 883981 883981 883981 883981 883981 883981 883981 883981 883981 883981 883981 883981 883981 883981 883981 883981 883981 883981 883981 883981 883981 883981 883981 883981 883981 883981 883981 883981 883981 883981 883981 883981 883981 883981 883981
883981 883981 883981 883981 883981 883981 883981 883981 883981 883981 883981 883981 883981 883981 883981 883981 883981 883981 883981 883981 883981 883981 883981 883981 883981 883981 883981 883981 883981 883981 883981 883981 883981 883981 883981 883981 883981 883981 883981 883981 883981 883981 883981 883981 883981 883981 883981 883981 883981 883981 883981 883981 883981 883981 883981 883981 883981 883981 883981 883981 883981 883981 883981 883981
883981 883981 883981 883981 883981 883981 883981 883981 883981 883981 883981 883981 883981 883981 883981 883981 883981 883981 883981 883981 883981 883981 883981 883981 883981 883981 883981 883981 883981 883981 883981 883981 883981 883981 883981 883981 883981 883981 883981 883981 883981 883981 883981 883981 883981 883981 883981 883981 883981 883981 883981 883981 883981 883981 883981 883981 883981 883981 883981 883981 883981 883981 883981 883981 883981
883981 883981 883981 883981 883981 883981 883981 883981 883981 883981 883981 883981 883981 883981 883981 883981 883981 883981 883981 883981 883981 883981 883981 883981 883981 883981 883981 883981 883981 883981 883981 883981 883981 883981 883981 883981 883981 883981 883981 883981 883981 883981 883981 883981 883981 883981 883981 883981 883981 883981 883981 883981 883981 883981 883981 883981 883981 883981 883981 883981 883981 883981 883981 883981 883981 883981
883981 883981 883981 883981 883981 883981 883981 883981 883981 883981 883981 883981 883981 883981 883981 883981 883981 883981 883981 883981 883981 883981 883981 883981 883981 883981 883981 883981 883981 883981 883981 883981 883981 883981 883981 883981 883981 883981 883981 883981 883981 883981 883981 883981 883981 883981 883981 883981 883981 883981 883981 883981 883981 883981 883981 883981 883981 883981 883981 883981 883981 883981 883981 883981 883981 883981 883981
883981 883981 883981 883981 883981 883981 883981 883981 883981 883981 883981 883981 883981 883981 883981 883981 883981 883981 883981 883981 883981 883981 883981 883981 883981 883981 883981 883981 883981 883981 883981 883981 883981 883981 883981 883981 883981 883981 883981 883981 883981 883981 883981 883981 883981 883981 883981 883981 883981 883981 883981 883981 883981 883981 883981 883981 883981 883981 883981 883981 883981 883981 883981 883981 883981 883981 883981 883981
883981 883981 883981 883981 883981 883981 883981 883981 883981 883981 883981 883981 883981 883981 883981 883981 883981 883981 883981 883981 883981 883981 883981 883981 883981 883981 883981 883981 883981 883981 883981 883981 883981 883981 883981 883981 883981 883981 883981 883981 883981 883981 883981 883981 883981 883981 883981 883981 883981 883981 883981 883981 883981 883981 883981 883981 883981 883981 883981 883981 883981 883981 883981 883981 883981 883981 883981 883981 883981
883981 883981 883981 883981 883981 883981 883981 883981 883981 883981 883981 883981 883981 883981 883981 883981 883981 883981 883981 883981 883981 883981 883981 883981 883981 883981 883981 883981 883981 883981 883981 883981 883981 883981 883981 883981 883981 883981 883981 883981 883981 883981 883981 883981 883981 883981 883981 883981 883981 883981 883981 883981 883981 883981 883981 883981 883981 883981 883981 883981 883981 883981 883981 883981 883981 883981 883981 883981 883981 883981
883981 883981 883981 883981 883981 883981 883981 883981 883981 883981 883981 883981 883981 883981 883981 883981 883981 883981 883981 883981 883981 883981 883981 883981 883981 883981 883981 883981 883981 883981 883981 883981 883981 883981 883981 883981 883981 883981 883981 883981 883981 883981 883981 883981 883981 883981 883981 883981 883981 883981 883981 883981 883981 883981 883981 883981 883981 883981 883981 883981 883981 883981 883981 883981 883981 883981 883981 883981 883981 883981 883981
883981 883981 883981 883981 883981 883981 883981 883981 883981 883981 883981 883981 883981 883981 883981 883981 883981 883981 883981 883981 883981 883981 883981 883981 883981 883981 883981 883981 883981 883981 883981 883981 883981 883981 883981 883981 883981 883981 883981 883981 883981 883981 883981 883981 883981 883981 883981 883981 883981 883981 883981 883981 883981 883981 883981 883981 883981 883981 883981 883981 883981 883981 883981 883981 883981 883981 883981 883981 883981 883981 883981 883981
883981 883981 883981 883981 883981 883981 883981 883981 883981 883981 883981 883981 883981 883981 883981 883981 883981 883981 883981 883981 883981 883981 883981 883981 883981 883981 883981 883981 883981 883981 883981 883981 883981 883981 883981 883981 883981 883981 883981 883981 883981 883981 883981 883981 883981 883981 883981 883981 883981 883981 883981 883981 883981 883981 883981 883981 883981 883981 883981 883981 883981 883981 883981 883981 883981 883981 883981 883981 883981 883981 883981 883981 883981
259437
259437 259437
259437 259437 259437
259437 259437 259437 259437
259437 259437 259437 259437 259437
259437 259437 259437 259437 259437 259437
259437 259437 259437 259437 259437 259437 259437
259437 259437 259437 259437 259437 259437 259437 259437
259437 259437 259437 259437 259437 259437 259437 259437 259437
259437 259437 259437 259437 259437 259437 259437 259437 259437 259437
259437 259437 259437 259437 259437 259437 259437 259437 259437 259437 259437
259437 259437 259437 259437 259437 259437 259437 259437 259437 259437 259437 259437
259437 259437 259437 259437 259437 259437 259437 259437 259437 259437 259437 259437 259437
259437 259437 259437 259437 259437 259437 259437 259437 259437 259437 259437 259437 259437 259437
259437 259437 259437 259437 259437 259437 259437 259437 259437 259437 259437 259437 259437 259437 259437
259437 259437 259437 259437 259437 259437 259437 259437 259437 259437 259437 259437 259437 259437 259437 259437
259437 259437 259437 259437 259437 259437 259437 259437 259437 259437 259437 259437 259437 259437 259437 259437 259437
259437 259437 259437 259437 259437 259437 259437 259437 259437 259437 259437 259437 259437 259437 259437 259437 259437 259437
259437 259437 259437 259437 259437 259437 259437 259437 259437 259437 259437 259437 259437 259437 259437 259437 259437 259437 259437
259437 259437 259437 259437 259437 259437 259437 259437 259437 259437 259437 259437 259437 259437 259437 259437 259437 259437 259437 259437
259437 259437 259437 259437 259437 259437 259437 259437 259437 259437 259437 259437 259437 259437 259437 259437 259437 259437 259437 259437 259437
259437 259437 259437 259437 259437 259437 259437 259437 259437 259437 259437 259437 259437 259437 259437 259437 259437 259437 259437 259437 259437 259437
259437 259437 259437 259437 259437 259437 259437 259437 259437 259437 259437 259437 259437 259437 259437 259437 259437 259437 259437 259437 259437 259437 259437
259437 259437 259437 259437 259437 259437 259437 259437 259437 259437 259437 259437 259437 259437 259437 259437 259437 259437 259437 259437 259437 259437 259437 259437
259437 259437 259437 259437 259437 259437 259437 259437 259437 259437 259437 259437 259437 259437 259437 259437 259437 259437 259437 259437 259437 259437 259437 259437 259437
259437 259437 259437 259437 259437 259437 259437 259437 259437 259437 259437 259437 259437 259437 259437 259437 259437 259437 259437 259437 259437 259437 259437 259437 259437 259437
259437 259437 259437 259437 259437 259437 259437 259437 259437 259437 259437 259437 259437 259437 259437 259437 259437 259437 259437 259437 259437 259437 259437 259437 259437 259437 259437
259437 259437 259437 259437 259437 259437 259437 259437 259437 259437 259437 259437 259437 259437 259437 259437 259437 259437 259437 259437 259437 259437 259437 259437 259437 259437 259437 259437
259437 259437 259437 259437 259437 259437 259437 259437 259437 259437 259437 259437 259437 259437 259437 259437 259437 259437 259437 259437 259437 259437 259437 259437 259437 259437 259437 259437 259437
259437 259437 259437 259437 259437 259437 259437 259437 259437 259437 259437 259437 259437 259437 259437 259437 259437 259437 259437 259437 259437 259437 259437 259437 259437 259437 259437 259437 259437 259437
259437 259437 259437 259437 259437 259437 259437 259437 259437 259437 259437 259437 259437 259437 259437 259437 259437 259437 259437 259437 259437 259437 259437 259437 259437 259437 259437 259437 259437 259437 259437
259437 259437 259437 259437 259437 259437 259437 259437 259437 259437 259437 259437 259437 259437 259437 259437 259437 259437 259437 259437 259437 259437 259437 259437 259437 259437 259437 259437 259437 259437 259437 259437
259437 259437 259437 259437 259437 259437 259437 259437 259437 259437 259437 259437 259437 259437 259437 259437 259437 259437 259437 259437 259437 259437 259437 259437 259437 259437 259437 259437 259437 259437 259437 259437 259437
259437 259437 259437 259437 259437 259437 259437 259437 259437 259437 259437 259437 259437 259437 259437 259437 259437 259437 259437 259437 259437 259437 259437 259437 259437 259437 259437 259437 259437 259437 259437 259437 259437 259437
259437 259437 259437 259437 259437 259437 259437 259437 259437 259437 259437 259437 259437 259437 259437 259437 259437 259437 259437 259437 259437 259437 259437 259437 259437 259437 259437 259437 259437 259437 259437 259437 259437 259437 259437
259437 259437 259437 259437 259437 259437 259437 259437 259437 259437 259437 259437 259437 259437 259437 259437 259437 259437 259437 259437 259437 259437 259437 259437 259437 259437 259437 259437 259437 259437 259437 259437 259437 259437 259437 259437
259437 259437 259437 259437 259437 259437 259437 259437 259437 259437 259437 259437 259437 259437 259437 259437 259437 259437 259437 259437 259437 259437 259437 259437 259437 259437 259437 259437 259437 259437 259437 259437 259437 259437 259437 259437 259437
259437 259437 259437 259437 259437 259437 259437 259437 259437 259437 259437 259437 259437 259437 259437 259437 259437 259437 259437 259437 259437 259437 259437 259437 259437 259437 259437 259437 259437 259437 259437 259437 259437 259437 259437 259437 259437 259437
259437 259437 259437 259437 259437 259437 259437 259437 259437 259437 259437 259437 259437 259437 259437 259437 259437 259437 259437 259437 259437 259437 259437 259437 259437 259437 259437 259437 259437 259437 259437 259437 259437 259437 259437 259437 259437 259437 259437
259437 259437 259437 259437 259437 259437 259437 259437 259437 259437 259437 259437 259437 259437 259437 259437 259437 259437 259437 259437 259437 259437 259437 259437 259437 259437 259437 259437 259437 259437 259437 259437 259437 259437 259437 259437 259437 259437 259437 259437
259437 259437 259437 259437 259437 259437 259437 259437 259437 259437 259437 259437 259437 259437 259437 259437 259437 259437 259437 259437 259437 259437 259437 259437 259437 259437 259437 259437 259437 259437 259437 259437 259437 259437 259437 259437 259437 259437 259437 259437 259437
259437 259437 259437 259437 259437 259437 259437 259437 259437 259437 259437 259437 259437 259437 259437 259437 259437 259437 259437 259437 259437 259437 259437 259437 259437 259437 259437 259437 259437 259437 259437 259437 259437 259437 259437 259437 259437 259437 259437 259437 259437 259437
259437 259437 259437 259437 259437 259437 259437 259437 259437 259437 259437 259437 259437 259437 259437 259437 259437 259437 259437 259437 259437 259437 259437 259437 259437 259437 259437 259437 259437 259437 259437 259437 259437 259437 259437 259437 259437 259437 259437 259437 259437 259437 259437
259437 259437 259437 259437 259437 259437 259437 259437 259437 259437 259437 259437 259437 259437 259437 259437 259437 259437 259437 259437 259437 259437 259437 259437 259437 259437 259437 259437 259437 259437 259437 259437 259437 259437 259437 259437 259437 259437 259437 259437 259437 259437 259437 259437
259437 259437 259437 259437 259437 259437 259437 259437 259437 259437 259437 259437 259437 259437 259437 259437 259437 259437 259437 259437 259437 259437 259437 259437 259437 259437 259437 259437 259437 259437 259437 259437 259437 259437 259437 259437 259437 259437 259437 259437 259437 259437 259437 259437 259437
259437 259437 259437 259437 259437 259437 259437 259437 259437 259437 259437 259437 259437 259437 259437 259437 259437 259437 259437 259437 259437 259437 259437 259437 259437 259437 259437 259437 259437 259437 259437 259437 259437 259437 259437 259437 259437 259437 259437 259437 259437 259437 259437 259437 259437 259437
259437 259437 259437 259437 259437 259437 259437 259437 259437 259437 259437 259437 259437 259437 259437 259437 259437 259437 259437 259437 259437 259437 259437 259437 259437 259437 259437 259437 259437 259437 259437 259437 259437 259437 259437 259437 259437 259437 259437 259437 259437 259437 259437 259437 259437 259437 259437
259437 259437 259437 259437 259437 259437 259437 259437 259437 259437 259437 259437 259437 259437 259437 259437 259437 259437 259437 259437 259437 259437 259437 259437 259437 259437 259437 259437 259437 259437 259437 259437 259437 259437 259437 259437 259437 259437 259437 259437 259437 259437 259437 259437 259437 259437 259437 259437
259437 259437 259437 259437 259437 259437 259437 259437 259437 259437 259437 259437 259437 259437 259437 259437 259437 259437 259437 259437 259437 259437 259437 259437 259437 259437 259437 259437 259437 259437 259437 259437 259437 259437 259437 259437 259437 259437 259437 259437 259437 259437 259437 259437 259437 259437 259437 259437 259437
259437 259437 259437 259437 259437 259437 259437 259437 259437 259437 259437 259437 259437 259437 259437 259437 259437 259437 259437 259437 259437 259437 259437 259437 259437 259437 259437 259437 259437 259437 259437 259437 259437 259437 259437 259437 259437 259437 259437 259437 259437 259437 259437 259437 259437 259437 259437 259437 259437 259437
259437 259437 259437 259437 259437 259437 259437 259437 259437 259437 259437 259437 259437 259437 259437 259437 259437 259437 259437 259437 259437 259437 259437 259437 259437 259437 259437 259437 259437 259437 259437 259437 259437 259437 259437 259437 259437 259437 259437 259437 259437 259437 259437 259437 259437 259437 259437 259437 259437 259437 259437
259437 259437 259437 259437 259437 259437 259437 259437 259437 259437 259437 259437 259437 259437 259437 259437 259437 259437 259437 259437 259437 259437 259437 259437 259437 259437 259437 259437 259437 259437 259437 259437 259437 259437 259437 259437 259437 259437 259437 259437 259437 259437 259437 259437 259437 259437 259437 259437 259437 259437 259437 259437
259437 259437 259437 259437 259437 259437 259437 259437 259437 259437 259437 259437 259437 259437 259437 259437 259437 259437 259437 259437 259437 259437 259437 259437 259437 259437 259437 259437 259437 259437 259437 259437 259437 259437 259437 259437 259437 259437 259437 259437 259437 259437 259437 259437 259437 259437 259437 259437 259437 259437 259437 259437 259437
259437 259437 259437 259437 259437 259437 259437 259437 259437 259437 259437 259437 259437 259437 259437 259437 259437 259437 259437 259437 259437 259437 259437 259437 259437 259437 259437 259437 259437 259437 259437 259437 259437 259437 259437 259437 259437 259437 259437 259437 259437 259437 259437 259437 259437 259437 259437 259437 259437 259437 259437 259437 259437 259437
259437 259437 259437 259437 259437 259437 259437 259437 259437 259437 259437 259437 259437 259437 259437 259437 259437 259437 259437 259437 259437 259437 259437 259437 259437 259437 259437 259437 259437 259437 259437 259437 259437 259437 259437 259437 259437 259437 259437 259437 259437 259437 259437 259437 259437 259437 259437 259437 259437 259437 259437 259437 259437 259437 259437
259437 259437 259437 259437 259437 259437 259437 259437 259437 259437 259437 259437 259437 259437 259437 259437 259437 259437 259437 259437 259437 259437 259437 259437 259437 259437 259437 259437 259437 259437 259437 259437 259437 259437 259437 259437 259437 259437 259437 259437 259437 259437 259437 259437 259437 259437 259437 259437 259437 259437 259437 259437 259437 259437 259437 259437
259437 259437 259437 259437 259437 259437 259437 259437 259437 259437 259437 259437 259437 259437 259437 259437 259437 259437 259437 259437 259437 259437 259437 259437 259437 259437 259437 259437 259437 259437 259437 259437 259437 259437 259437 259437 259437 259437 259437 259437 259437 259437 259437 259437 259437 259437 259437 259437 259437 259437 259437 259437 259437 259437 259437 259437 259437
259437 259437 259437 259437 259437 259437 259437 259437 259437 259437 259437 259437 259437 259437 259437 259437 259437 259437 259437 259437 259437 259437 259437 259437 259437 259437 259437 259437 259437 259437 259437 259437 259437 259437 259437 259437 259437 259437 259437 259437 259437 259437 259437 259437 259437 259437 259437 259437 259437 259437 259437 259437 259437 259437 259437 259437 259437 259437
259437 259437 259437 259437 259437 259437 259437 259437 259437 259437 259437 259437 259437 259437 259437 259437 259437 259437 259437 259437 259437 259437 259437 259437 259437 259437 259437 259437 259437 259437 259437 259437 259437 259437 259437 259437 259437 259437 259437 259437 259437 259437 259437 259437 259437 259437 259437 259437 259437 259437 259437 259437 259437 259437 259437 259437 259437 259437 259437
259437 259437 259437 259437 259437 259437 259437 259437 259437 259437 259437 259437 259437 259437 259437 259437 259437 259437 259437 259437 259437 259437 259437 259437 259437 259437 259437 259437 259437 259437 259437 259437 259437 259437 259437 259437 259437 259437 259437 259437 259437 259437 259437 259437 259437 259437 259437 259437 259437 259437 259437 259437 259437 259437 259437 259437 259437 259437 259437 259437
259437 259437 259437 259437 259437 259437 259437 259437 259437 259437 259437 259437 259437 259437 259437 259437 259437 259437 259437 259437 259437 259437 259437 259437 259437 259437 259437 259437 259437 259437 259437 259437 259437 259437 259437 259437 259437 259437 259437 259437 259437 259437 259437 259437 259437 259437 259437 259437 259437 259437 259437 259437 259437 259437 259437 259437 259437 259437 259437 259437 259437
259437 259437 259437 259437 259437 259437 259437 259437 259437 259437 259437 259437 259437 259437 259437 259437 259437 259437 259437 259437 259437 259437 259437 259437 259437 259437 259437 259437 259437 259437 259437 259437 259437 259437 259437 259437 259437 259437 259437 259437 259437 259437 259437 259437 259437 259437 259437 259437 259437 259437 259437 259437 259437 259437 259437 259437 259437 259437 259437 259437 259437 259437
259437 259437 259437 259437 259437 259437 259437 259437 259437 259437 259437 259437 259437 259437 259437 259437 259437 259437 259437 259437 259437 259437 259437 259437 259437 259437 259437 259437 259437 259437 259437 259437 259437 259437 259437 259437 259437 259437 259437 259437 259437 259437 259437 259437 259437 259437 259437 259437 259437 259437 259437 259437 259437 259437 259437 259437 259437 259437 259437 259437 259437 259437 259437
259437 259437 259437 259437 259437 259437 259437 259437 259437 259437 259437 259437 259437 259437 259437 259437 259437 259437 259437 259437 259437 259437 259437 259437 259437 259437 259437 259437 259437 259437 259437 259437 259437 259437 259437 259437 259437 259437 259437 259437 259437 259437 259437 259437 259437 259437 259437 259437 259437 259437 259437 259437 259437 259437 259437 259437 259437 259437 259437 259437 259437 259437 259437 259437
259437 259437 259437 259437 259437 259437 259437 259437 259437 259437 259437 259437 259437 259437 259437 259437 259437 259437 259437 259437 259437 259437 259437 259437 259437 259437 259437 259437 259437 259437 259437 259437 259437 259437 259437 259437 259437 259437 259437 259437 259437 259437 259437 259437 259437 259437 259437 259437 259437 259437 259437 259437 259437 259437 259437 259437 259437 259437 259437 259437 259437 259437 259437 259437 259437
259437 259437 259437 259437 259437 259437 259437 259437 259437 259437 259437 259437 259437 259437 259437 259437 259437 259437 259437 259437 259437 259437 259437 259437 259437 259437 259437 259437 259437 259437 259437 259437 259437 259437 259437 259437 259437 259437 259437 259437 259437 259437 259437 259437 259437 259437 259437 259437 259437 259437 259437 259437 259437 259437 259437 259437 259437 259437 259437 259437 259437 259437 259437 259437 259437 259437
259437 259437 259437 259437 259437 259437 259437 259437 259437 259437 259437 259437 259437 259437 259437 259437 259437 259437 259437 259437 259437 259437 259437 259437 259437 259437 259437 259437 259437 259437 259437 259437 259437 259437 259437 259437 259437 259437 259437 259437 259437 259437 259437 259437 259437 259437 259437 259437 259437 259437 259437 259437 259437 259437 259437 259437 259437 259437 259437 259437 259437 259437 259437 259437 259437 259437 259437
259437 259437 259437 259437 259437 259437 259437 259437 259437 259437 259437 259437 259437 259437 259437 259437 259437 259437 259437 259437 259437 259437 259437 259437 259437 259437 259437 259437 259437 259437 259437 259437 259437 259437 259437 259437 259437 259437 259437 259437 259437 259437 259437 259437 259437 259437 259437 259437 259437 259437 259437 259437 259437 259437 259437 259437 259437 259437 259437 259437 259437 259437 259437 259437 259437 259437 259437 259437
259437 259437 259437 259437 259437 259437 259437 259437 259437 259437 259437 259437 259437 259437 259437 259437 259437 259437 259437 259437 259437 259437 259437 259437 259437 259437 259437 259437 259437 259437 259437 259437 259437 259437 259437 259437 259437 259437 259437 259437 259437 259437 259437 259437 259437 259437 259437 259437 259437 259437 259437 259437 259437 259437 259437 259437 259437 259437 259437 259437 259437 259437 259437 259437 259437 259437 259437 259437 259437
259437 259437 259437 259437 259437 259437 259437 259437 259437 259437 259437 259437 259437 259437 259437 259437 259437 259437 259437 259437 259437 259437 259437 259437 259437 259437 259437 259437 259437 259437 259437 259437 259437 259437 259437 259437 259437 259437 259437 259437 259437 259437 259437 259437 259437 259437 259437 259437 259437 259437 259437 259437 259437 259437 259437 259437 259437 259437 259437 259437 259437 259437 259437 259437 259437 259437 259437 259437 259437 259437
259437 259437 259437 259437 259437 259437 259437 259437 259437 259437 259437 259437 259437 259437 259437 259437 259437 259437 259437 259437 259437 259437 259437 259437 259437 259437 259437 259437 259437 259437 259437 259437 259437 259437 259437 259437 259437 259437 259437 259437 259437 259437 259437 259437 259437 259437 259437 259437 259437 259437 259437 259437 259437 259437 259437 259437 259437 259437 259437 259437 259437 259437 259437 259437 259437 259437 259437 259437 259437 259437 259437
259437 259437 259437 259437 259437 259437 259437 259437 259437 259437 259437 259437 259437 259437 259437 259437 259437 259437 259437 259437 259437 259437 259437 259437 259437 259437 259437 259437 259437 259437 259437 259437 259437 259437 259437 259437 259437 259437 259437 259437 259437 259437 259437 259437 259437 259437 259437 259437 259437 259437 259437 259437 259437 259437 259437 259437 259437 259437 259437 259437 259437 259437 259437 259437 259437 259437 259437 259437 259437 259437 259437 259437
259437 259437 259437 259437 259437 259437 259437 259437 259437 259437 259437 259437 259437 259437 259437 259437 259437 259437 259437 259437 259437 259437 259437 259437 259437 259437 259437 259437 259437 259437 259437 259437 259437 259437 259437 259437 259437 259437 259437 259437 259437 259437 259437 259437 259437 259437 259437 259437 259437 259437 259437 259437 259437 259437 259437 259437 259437 259437 259437 259437 259437 259437 259437 259437 259437 259437 259437 259437 259437 259437 259437 259437 259437
