772
316 20 228849
316 29 228849
316 28 228849
316 27 228849
316 26 228849
316 25 228849
316 24 228849
316 23 228849
316 22 228849
316 21 228849
316 30 228849
316 19 228849
316 18 228849
316 17 228849
316 16 228849
316 15 228849
316 14 228849
316 13 228849
316 12 228849
316 39 228849
316 47 228849
316 46 228849
316 45 228849
316 44 228849
316 43 228849
316 42 228849
316 41 228849
316 40 228849
316 11 228849
316 38 228849
316 37 228849
316 36 228849
316 35 228849
316 34 228849
316 33 228849
316 32 228849
316 31 228849
315 299 228849
315 307 228849
315 306 228849
315 305 228849
315 304 228849
315 303 228849
315 302 228849
315 301 228849
315 300 228849
315 308 228849
315 298 228849
315 297 228849
315 296 228849
315 295 228849
315 294 228849
315 293 228849
315 292 228849
315 291 228849
316 2 228849
316 10 228849
316 9 228849
316 8 228849
316 7 228849
316 6 228849
316 5 228849
316 4 228849
316 3 228849
316 48 228849
316 1 228849
316 0 228849
315 314 228849
315 313 228849
315 312 228849
315 311 228849
315 310 228849
315 309 228849
316 93 228849
316 102 228849
316 101 228849
316 100 228849
316 99 228849
316 98 228849
316 97 228849
316 96 228849
316 95 228849
316 94 228849
316 103 228849
316 92 228849
316 91 228849
316 90 228849
316 89 228849
316 88 228849
316 87 228849
316 86 228849
316 85 228849
316 112 228849
316 120 228849
316 119 228849
316 118 228849
316 117 228849
316 116 228849
316 115 228849
316 114 228849
316 113 228849
316 84 228849
316 111 228849
316 110 228849
316 109 228849
316 108 228849
316 107 228849
316 106 228849
316 105 228849
316 104 228849
316 57 228849
316 65 228849
316 64 228849
316 63 228849
316 62 228849
316 61 228849
316 60 228849
316 59 228849
316 58 228849
316 66 228849
316 56 228849
316 55 228849
316 54 228849
316 53 228849
316 52 228849
316 51 228849
316 50 228849
316 49 228849
316 75 228849
316 83 228849
316 82 228849
316 81 228849
316 80 228849
316 79 228849
316 78 228849
316 77 228849
316 76 228849
315 290 228849
316 74 228849
316 73 228849
316 72 228849
316 71 228849
316 70 228849
316 69 228849
316 68 228849
316 67 228849
315 189 228849
315 198 228849
315 197 228849
315 196 228849
315 195 228849
315 194 228849
315 193 228849
315 192 228849
315 191 228849
315 190 228849
315 199 228849
315 188 228849
315 187 228849
315 186 228849
315 185 228849
315 184 228849
315 183 228849
315 182 228849
315 181 228849
315 208 228849
315 216 228849
315 215 228849
315 214 228849
315 213 228849
315 212 228849
315 211 228849
315 210 228849
315 209 228849
315 180 228849
315 207 228849
315 206 228849
315 205 228849
315 204 228849
315 203 228849
315 202 228849
315 201 228849
315 200 228849
315 153 228849
315 161 228849
315 160 228849
315 159 228849
315 158 228849
315 157 228849
315 156 228849
315 155 228849
315 154 228849
315 162 228849
315 152 228849
315 151 228849
315 150 228849
315 149 228849
315 148 228849
315 147 228849
315 146 228849
315 145 228849
315 171 228849
315 179 228849
315 178 228849
315 177 228849
315 176 228849
315 175 228849
315 174 228849
315 173 228849
315 172 228849
315 217 228849
315 170 228849
315 169 228849
315 168 228849
315 167 228849
315 166 228849
315 165 228849
315 164 228849
315 163 228849
315 262 228849
315 271 228849
315 270 228849
315 269 228849
315 268 228849
315 267 228849
315 266 228849
315 265 228849
315 264 228849
315 263 228849
315 272 228849
315 261 228849
315 260 228849
315 259 228849
315 258 228849
315 257 228849
315 256 228849
315 255 228849
315 254 228849
315 281 228849
315 289 228849
315 288 228849
315 287 228849
315 286 228849
315 285 228849
315 284 228849
315 283 228849
315 282 228849
315 253 228849
315 280 228849
315 279 228849
315 278 228849
315 277 228849
315 276 228849
315 275 228849
315 274 228849
315 273 228849
315 226 228849
315 234 228849
315 233 228849
315 232 228849
315 231 228849
315 230 228849
315 229 228849
315 228 228849
315 227 228849
315 235 228849
315 225 228849
315 224 228849
315 223 228849
315 222 228849
315 221 228849
315 220 228849
315 219 228849
315 218 228849
315 244 228849
315 252 228849
315 251 228849
315 250 228849
315 249 228849
315 248 228849
315 247 228849
315 246 228849
315 245 228849
316 121 228849
315 243 228849
315 242 228849
315 241 228849
315 240 228849
315 239 228849
315 238 228849
315 237 228849
315 236 228849
316 312 228849
317 5 228849
316 130 228849
316 138 228849
316 137 228849
316 136 228849
316 135 228849
316 134 228849
316 133 228849
316 132 228849
316 131 228849
316 139 228849
316 129 228849
316 128 228849
316 127 228849
316 126 228849
316 125 228849
316 124 228849
316 123 228849
316 122 228849
316 144 228849
316 143 228849
316 142 228849
316 141 228849
316 140 228849
319 236 228849
319 318 228849
320 0 228849
330 173 228849
329 320 228849
329 328 228849
329 327 228849
329 326 228849
329 325 228849
329 324 228849
329 323 228849
329 322 228849
329 321 228849
331 135 228849
334 14 228849
333 311 228849
333 332 228849
335 0 228849
370 198 228849
371 120 228849
370 344 228849
370 353 228849
370 352 228849
370 351 228849
370 350 228849
370 349 228849
370 348 228849
370 347 228849
370 346 228849
370 345 228849
370 354 228849
370 343 228849
370 342 228849
370 341 228849
370 340 228849
370 339 228849
370 338 228849
370 337 228849
370 336 228849
370 363 228849
370 369 228849
370 368 228849
370 367 228849
370 366 228849
370 365 228849
370 364 228849
370 362 228849
370 361 228849
370 360 228849
370 359 228849
370 358 228849
370 357 228849
370 356 228849
370 355 228849
373 252 228849
374 171 228849
373 372 228849
382 360 228849
382 379 228849
383 5 228849
382 381 228849
382 380 228849
382 378 228849
382 377 228849
382 376 228849
382 375 228849
385 378 228849
386 2 228849
385 384 228849
5 2 228849
3 0 228849
3 1 228849
3 2 228849
4 0 228849
6 3 228849
11 1 228849
8 1 228849
7 0 228849
12 7 228849
10 3 228849
9 4 228849
22 7 228849
13 7 228849
14 0 228849
16 9 228849
24 16 228849
15 0 228849
17 4 228849
18 5 228849
20 12 228849
19 4 228849
21 9 228849
44 21 228849
23 22 228849
25 4 228849
26 23 228849
27 14 228849
33 1 228849
28 5 228849
29 14 228849
48 39 228849
30 0 228849
31 28 228849
32 14 228849
34 5 228849
35 0 228849
36 9 228849
41 1 228849
37 2 228849
38 9 228849
42 14 228849
39 0 228849
40 5 228849
88 57 228849
43 28 228849
47 32 228849
45 14 228849
46 4 228849
49 3 228849
50 15 228849
53 27 228849
51 21 228849
54 28 228849
52 5 228849
65 54 228849
55 30 228849
58 43 228849
56 3 228849
97 12 228849
57 1 228849
59 22 228849
60 36 228849
61 4 228849
64 26 228849
63 35 228849
62 0 228849
68 2 228849
66 26 228849
67 33 228849
69 1 228849
72 16 228849
70 5 228849
71 8 228849
81 61 228849
73 11 228849
76 13 228849
74 10 228849
84 15 228849
75 9 228849
77 3 228849
79 74 228849
78 5 228849
80 49 228849
176 156 228849
83 44 228849
82 17 228849
85 4 228849
86 84 228849
87 52 228849
95 3 228849
90 25 228849
89 5 228849
91 1 228849
93 44 228849
92 27 228849
94 5 228849
96 54 228849
99 55 228849
98 0 228849
100 10 228849
106 70 228849
102 46 228849
101 1 228849
108 57 228849
103 9 228849
104 24 228849
105 83 228849
107 1 228849
109 5 228849
110 78 228849
111 22 228849
117 16 228849
113 36 228849
112 2 228849
193 145 228849
114 33 228849
116 40 228849
115 2 228849
118 45 228849
131 38 228849
119 37 228849
120 100 228849
121 34 228849
126 94 228849
123 28 228849
122 4 228849
128 41 228849
124 15 228849
125 73 228849
127 114 228849
130 22 228849
129 4 228849
135 91 228849
132 52 228849
133 30 228849
134 133 228849
136 102 228849
137 3 228849
176 157 228849
138 121 228849
139 37 228849
144 7 228849
140 135 228849
145 63 228849
141 32 228849
143 4 228849
142 37 228849
163 19 228849
147 10 228849
146 4 228849
151 145 228849
149 6 228849
148 2 228849
167 144 228849
150 149 228849
152 140 228849
153 25 228849
154 127 228849
155 27 228849
159 77 228849
156 110 228849
160 118 228849
158 143 228849
161 14 228849
162 35 228849
166 110 228849
164 1 228849
165 129 228849
168 33 228849
169 47 228849
173 94 228849
170 5 228849
171 0 228849
174 121 228849
172 120 228849
189 124 228849
175 3 228849
180 29 228849
177 125 228849
178 0 228849
179 62 228849
181 32 228849
182 106 228849
186 101 228849
183 34 228849
184 32 228849
187 115 228849
185 140 228849
188 1 228849
192 137 228849
190 80 228849
191 0 228849
194 8 228849
195 50 228849
199 139 228849
196 92 228849
198 137 228849
197 6 228849
203 111 228849
200 13 228849
201 32 228849
216 121 228849
202 68 228849
204 101 228849
205 43 228849
212 192 228849
206 130 228849
210 29 228849
207 34 228849
208 8 228849
211 19 228849
209 146 228849
215 136 228849
213 125 228849
214 22 228849
230 114 228849
217 34 228849
218 36 228849
221 198 228849
219 36 228849
220 218 228849
225 82 228849
222 33 228849
223 47 228849
224 61 228849
226 50 228849
227 7 228849
228 89 228849
232 46 228849
229 98 228849
231 77 228849
235 121 228849
233 106 228849
234 1 228849
236 79 228849
237 15 228849
262 37 228849
238 44 228849
241 56 228849
239 97 228849
242 15 228849
240 3 228849
243 11 228849
246 8 228849
244 59 228849
256 37 228849
245 161 228849
253 16 228849
247 18 228849
248 7 228849
250 185 228849
251 135 228849
249 33 228849
252 122 228849
255 92 228849
254 18 228849
257 19 228849
259 233 228849
258 53 228849
260 174 228849
261 152 228849
264 95 228849
263 30 228849
265 14 228849
270 247 228849
266 4 228849
268 200 228849
267 29 228849
269 132 228849
273 17 228849
271 122 228849
272 34 228849
353 109 228849
274 0 228849
275 18 228849
278 9 228849
277 86 228849
276 34 228849
280 226 228849
279 23 228849
290 108 228849
281 139 228849
282 4 228849
287 189 228849
283 14 228849
285 176 228849
284 22 228849
286 91 228849
289 197 228849
288 47 228849
300 271 228849
291 110 228849
294 109 228849
292 56 228849
293 202 228849
296 294 228849
295 107 228849
335 73 228849
297 191 228849
298 40 228849
299 88 228849
302 63 228849
301 164 228849
304 232 228849
303 53 228849
305 121 228849
306 8 228849
325 251 228849
307 2 228849
309 62 228849
308 4 228849
310 9 228849
312 299 228849
311 8 228849
320 310 228849
313 133 228849
318 164 228849
314 3 228849
317 97 228849
315 90 228849
316 213 228849
319 28 228849
321 2 228849
323 314 228849
322 17 228849
324 191 228849
327 183 228849
326 71 228849
328 2 228849
332 289 228849
329 20 228849
331 36 228849
330 0 228849
334 207 228849
333 102 228849
370 198 228849
336 30 228849
338 32 228849
337 3 228849
339 132 228849
341 182 228849
340 84 228849
348 308 228849
342 24 228849
346 218 228849
344 323 228849
343 3 228849
345 179 228849
347 17 228849
349 16 228849
351 228 228849
350 140 228849
352 77 228849
354 339 228849
355 131 228849
359 310 228849
356 68 228849
358 84 228849
357 3 228849
361 174 228849
360 96 228849
362 6 228849
378 321 228849
364 255 228849
363 0 228849
365 91 228849
366 18 228849
367 327 228849
374 272 228849
368 106 228849
372 234 228849
369 84 228849
371 221 228849
373 7 228849
375 136 228849
377 114 228849
376 52 228849
380 147 228849
379 88 228849
384 372 228849
381 23 228849
383 171 228849
382 115 228849
386 186 228849
385 133 228849
