994
406 281 580697
406 296 580697
406 295 580697
406 294 580697
406 293 580697
406 292 580697
406 291 580697
406 290 580697
406 289 580697
406 288 580697
406 287 580697
406 286 580697
406 285 580697
406 284 580697
406 283 580697
406 282 580697
406 297 580697
406 280 580697
406 279 580697
406 278 580697
406 277 580697
406 276 580697
406 275 580697
406 274 580697
406 273 580697
406 272 580697
406 271 580697
406 270 580697
406 269 580697
406 268 580697
406 267 580697
406 312 580697
406 326 580697
406 325 580697
406 324 580697
406 323 580697
406 322 580697
406 321 580697
406 320 580697
406 319 580697
406 318 580697
406 317 580697
406 316 580697
406 315 580697
406 314 580697
406 313 580697
406 266 580697
406 311 580697
406 310 580697
406 309 580697
406 308 580697
406 307 580697
406 306 580697
406 305 580697
406 304 580697
406 303 580697
406 302 580697
406 301 580697
406 300 580697
406 299 580697
406 298 580697
406 221 580697
406 235 580697
406 234 580697
406 233 580697
406 232 580697
406 231 580697
406 230 580697
406 229 580697
406 228 580697
406 227 580697
406 226 580697
406 225 580697
406 224 580697
406 223 580697
406 222 580697
406 236 580697
406 220 580697
406 219 580697
406 218 580697
406 217 580697
406 216 580697
406 215 580697
406 214 580697
406 213 580697
406 212 580697
406 211 580697
406 210 580697
406 209 580697
406 208 580697
406 207 580697
406 251 580697
406 265 580697
406 264 580697
406 263 580697
406 262 580697
406 261 580697
406 260 580697
406 259 580697
406 258 580697
406 257 580697
406 256 580697
406 255 580697
406 254 580697
406 253 580697
406 252 580697
406 327 580697
406 250 580697
406 249 580697
406 248 580697
406 247 580697
406 246 580697
406 245 580697
406 244 580697
406 243 580697
406 242 580697
406 241 580697
406 240 580697
406 239 580697
406 238 580697
406 237 580697
406 402 580697
407 11 580697
407 10 580697
407 9 580697
407 8 580697
407 7 580697
407 6 580697
407 5 580697
407 4 580697
407 3 580697
407 2 580697
407 1 580697
407 0 580697
406 405 580697
406 404 580697
406 403 580697
407 12 580697
406 401 580697
406 400 580697
406 399 580697
406 398 580697
406 397 580697
406 396 580697
406 395 580697
406 394 580697
406 393 580697
406 392 580697
406 391 580697
406 390 580697
406 389 580697
406 388 580697
407 27 580697
407 41 580697
407 40 580697
407 39 580697
407 38 580697
407 37 580697
407 36 580697
407 35 580697
407 34 580697
407 33 580697
407 32 580697
407 31 580697
407 30 580697
407 29 580697
407 28 580697
406 387 580697
407 26 580697
407 25 580697
407 24 580697
407 23 580697
407 22 580697
407 21 580697
407 20 580697
407 19 580697
407 18 580697
407 17 580697
407 16 580697
407 15 580697
407 14 580697
407 13 580697
406 342 580697
406 356 580697
406 355 580697
406 354 580697
406 353 580697
406 352 580697
406 351 580697
406 350 580697
406 349 580697
406 348 580697
406 347 580697
406 346 580697
406 345 580697
406 344 580697
406 343 580697
406 357 580697
406 341 580697
406 340 580697
406 339 580697
406 338 580697
406 337 580697
406 336 580697
406 335 580697
406 334 580697
406 333 580697
406 332 580697
406 331 580697
406 330 580697
406 329 580697
406 328 580697
406 372 580697
406 386 580697
406 385 580697
406 384 580697
406 383 580697
406 382 580697
406 381 580697
406 380 580697
406 379 580697
406 378 580697
406 377 580697
406 376 580697
406 375 580697
406 374 580697
406 373 580697
406 206 580697
406 371 580697
406 370 580697
406 369 580697
406 368 580697
406 367 580697
406 366 580697
406 365 580697
406 364 580697
406 363 580697
406 362 580697
406 361 580697
406 360 580697
406 359 580697
406 358 580697
406 39 580697
406 54 580697
406 53 580697
406 52 580697
406 51 580697
406 50 580697
406 49 580697
406 48 580697
406 47 580697
406 46 580697
406 45 580697
406 44 580697
406 43 580697
406 42 580697
406 55 580697
406 70 580697
406 84 580697
406 83 580697
406 82 580697
406 81 580697
406 80 580697
406 79 580697
406 78 580697
406 77 580697
406 76 580697
406 75 580697
406 74 580697
406 73 580697
406 72 580697
406 71 580697
406 69 580697
406 68 580697
406 67 580697
406 66 580697
406 65 580697
406 64 580697
406 63 580697
406 62 580697
406 61 580697
406 60 580697
406 59 580697
406 58 580697
406 57 580697
406 56 580697
406 85 580697
406 160 580697
406 175 580697
406 174 580697
406 173 580697
406 172 580697
406 171 580697
406 170 580697
406 169 580697
406 168 580697
406 167 580697
406 166 580697
406 165 580697
406 164 580697
406 163 580697
406 162 580697
406 161 580697
406 176 580697
406 159 580697
406 158 580697
406 157 580697
406 156 580697
406 155 580697
406 154 580697
406 153 580697
406 152 580697
406 151 580697
406 150 580697
406 149 580697
406 148 580697
406 147 580697
406 146 580697
406 191 580697
406 205 580697
406 204 580697
406 203 580697
406 202 580697
406 201 580697
406 200 580697
406 199 580697
406 198 580697
406 197 580697
406 196 580697
406 195 580697
406 194 580697
406 193 580697
406 192 580697
406 145 580697
406 190 580697
406 189 580697
406 188 580697
406 187 580697
406 186 580697
406 185 580697
406 184 580697
406 183 580697
406 182 580697
406 181 580697
406 180 580697
406 179 580697
406 178 580697
406 177 580697
406 100 580697
406 114 580697
406 113 580697
406 112 580697
406 111 580697
406 110 580697
406 109 580697
406 108 580697
406 107 580697
406 106 580697
406 105 580697
406 104 580697
406 103 580697
406 102 580697
406 101 580697
406 115 580697
406 99 580697
406 98 580697
406 97 580697
406 96 580697
406 95 580697
406 94 580697
406 93 580697
406 92 580697
406 91 580697
406 90 580697
406 89 580697
406 88 580697
406 87 580697
406 86 580697
406 130 580697
406 144 580697
406 143 580697
406 142 580697
406 141 580697
406 140 580697
406 139 580697
406 138 580697
406 137 580697
406 136 580697
406 135 580697
406 134 580697
406 133 580697
406 132 580697
406 131 580697
406 129 580697
406 128 580697
406 127 580697
406 126 580697
406 125 580697
406 124 580697
406 123 580697
406 122 580697
406 121 580697
406 120 580697
406 119 580697
406 118 580697
406 117 580697
406 116 580697
408 72 580697
411 175 580697
410 343 580697
410 409 580697
412 247 580697
413 1 580697
425 131 580697
424 313 580697
424 423 580697
424 422 580697
424 421 580697
424 420 580697
424 419 580697
424 418 580697
424 417 580697
424 416 580697
424 415 580697
424 414 580697
426 189 580697
429 359 580697
430 51 580697
429 428 580697
429 427 580697
431 14 580697
476 385 580697
477 30 580697
476 446 580697
476 460 580697
476 459 580697
476 458 580697
476 457 580697
476 456 580697
476 455 580697
476 454 580697
476 453 580697
476 452 580697
476 451 580697
476 450 580697
476 449 580697
476 448 580697
476 447 580697
476 461 580697
476 445 580697
476 444 580697
476 443 580697
476 442 580697
476 441 580697
476 440 580697
476 439 580697
476 438 580697
476 437 580697
476 436 580697
476 435 580697
476 434 580697
476 433 580697
476 432 580697
476 475 580697
476 474 580697
476 473 580697
476 472 580697
476 471 580697
476 470 580697
476 469 580697
476 468 580697
476 467 580697
476 466 580697
476 465 580697
476 464 580697
476 463 580697
476 462 580697
478 36 580697
480 409 580697
481 50 580697
480 479 580697
482 52 580697
492 384 580697
493 13 580697
492 491 580697
492 490 580697
492 489 580697
492 488 580697
492 487 580697
492 486 580697
492 485 580697
492 484 580697
492 483 580697
494 3 580697
496 343 580697
496 495 580697
497 13 580697
6 3 941592
3 0 941592
3 1 941592
3 2 941592
4 0 941592
5 0 941592
8 2 941592
7 0 941592
14 1 941592
10 2 941592
9 0 941592
16 1 941592
11 0 941592
13 0 941592
12 0 941592
28 16 941592
15 4 941592
17 3 941592
21 3 941592
18 15 941592
31 19 941592
19 0 941592
20 9 941592
22 0 941592
23 7 941592
26 9 941592
24 13 941592
27 12 941592
25 0 941592
57 7 941592
30 20 941592
29 4 941592
32 7 941592
34 15 941592
33 4 941592
35 10 941592
42 16 941592
36 5 941592
37 30 941592
62 43 941592
38 10 941592
39 2 941592
40 37 941592
41 26 941592
43 35 941592
44 9 941592
45 7 941592
46 24 941592
47 7 941592
52 35 941592
49 4 941592
48 7 941592
54 20 941592
50 2 941592
51 26 941592
113 109 941592
53 44 941592
56 3 941592
55 14 941592
61 14 941592
58 10 941592
59 11 941592
60 14 941592
63 11 941592
64 10 941592
68 49 941592
65 5 941592
66 1 941592
70 2 941592
67 56 941592
84 50 941592
69 42 941592
71 24 941592
75 35 941592
72 12 941592
73 1 941592
124 109 941592
74 49 941592
76 21 941592
77 4 941592
78 18 941592
81 54 941592
79 32 941592
82 63 941592
80 0 941592
83 0 941592
87 36 941592
85 26 941592
86 0 941592
88 10 941592
113 110 941592
89 43 941592
90 0 941592
93 73 941592
91 1 941592
92 75 941592
94 10 941592
95 7 941592
97 88 941592
96 3 941592
108 23 941592
98 52 941592
105 10 941592
99 0 941592
100 5 941592
103 65 941592
101 13 941592
102 77 941592
104 54 941592
107 40 941592
106 11 941592
109 7 941592
111 90 941592
112 69 941592
122 23 941592
116 8 941592
114 56 941592
115 1 941592
117 0 941592
120 22 941592
118 4 941592
119 6 941592
121 11 941592
123 8 941592
125 2 941592
126 11 941592
128 91 941592
127 6 941592
129 55 941592
131 97 941592
130 46 941592
139 78 941592
132 27 941592
137 22 941592
133 16 941592
134 4 941592
136 6 941592
135 51 941592
138 126 941592
140 31 941592
142 141 941592
141 11 941592
145 28 941592
143 16 941592
144 7 941592
249 62 941592
146 4 941592
150 96 941592
147 25 941592
149 93 941592
148 16 941592
152 36 941592
151 6 941592
168 143 941592
153 4 941592
154 34 941592
155 151 941592
156 14 941592
158 76 941592
157 52 941592
165 6 941592
163 2 941592
159 0 941592
160 0 941592
162 12 941592
161 83 941592
164 80 941592
167 68 941592
166 53 941592
174 87 941592
170 47 941592
169 35 941592
171 59 941592
173 18 941592
172 9 941592
175 154 941592
176 40 941592
227 122 941592
177 14 941592
178 110 941592
179 22 941592
185 52 941592
181 56 941592
180 55 941592
187 12 941592
182 57 941592
183 177 941592
184 84 941592
209 170 941592
186 108 941592
189 30 941592
188 37 941592
195 90 941592
190 23 941592
191 134 941592
215 199 941592
192 4 941592
194 42 941592
193 54 941592
196 136 941592
197 1 941592
198 46 941592
199 119 941592
200 12 941592
201 113 941592
206 155 941592
205 29 941592
202 0 941592
203 13 941592
204 81 941592
207 41 941592
208 136 941592
214 82 941592
210 202 941592
211 53 941592
213 53 941592
212 10 941592
216 1 941592
218 35 941592
217 162 941592
219 210 941592
224 162 941592
220 52 941592
223 54 941592
221 12 941592
222 124 941592
225 30 941592
226 106 941592
231 175 941592
228 136 941592
229 16 941592
230 163 941592
232 185 941592
233 14 941592
243 237 941592
234 23 941592
235 60 941592
236 218 941592
241 85 941592
237 43 941592
239 233 941592
238 48 941592
240 235 941592
242 237 941592
247 226 941592
244 235 941592
245 52 941592
246 230 941592
248 220 941592
321 198 941592
250 26 941592
251 47 941592
252 189 941592
256 232 941592
253 14 941592
255 156 941592
254 3 941592
257 6 941592
258 202 941592
260 1 941592
259 36 941592
278 170 941592
263 21 941592
261 0 941592
262 131 941592
264 0 941592
273 247 941592
265 21 941592
266 44 941592
267 94 941592
271 154 941592
268 10 941592
269 210 941592
270 257 941592
276 73 941592
272 4 941592
274 215 941592
275 2 941592
277 116 941592
296 164 941592
279 13 941592
280 97 941592
281 133 941592
285 137 941592
282 5 941592
283 221 941592
284 254 941592
289 274 941592
286 3 941592
287 49 941592
288 78 941592
291 14 941592
290 152 941592
292 25 941592
293 246 941592
294 269 941592
298 221 941592
295 52 941592
297 35 941592
303 4 941592
299 15 941592
300 107 941592
301 123 941592
304 20 941592
302 6 941592
305 18 941592
306 226 941592
307 12 941592
308 6 941592
311 136 941592
310 115 941592
309 1 941592
312 308 941592
313 312 941592
329 186 941592
314 76 941592
316 173 941592
315 3 941592
317 98 941592
325 194 941592
318 67 941592
319 37 941592
320 34 941592
323 205 941592
322 44 941592
327 191 941592
324 3 941592
326 110 941592
328 183 941592
344 297 941592
330 53 941592
331 11 941592
335 131 941592
332 73 941592
333 27 941592
334 298 941592
339 68 941592
336 279 941592
337 259 941592
338 43 941592
340 48 941592
341 10 941592
342 182 941592
343 156 941592
346 258 941592
345 120 941592
350 151 941592
347 4 941592
348 48 941592
349 16 941592
351 120 941592
352 10 941592
454 288 941592
353 142 941592
356 289 941592
354 0 941592
357 264 941592
355 0 941592
370 48 941592
358 0 941592
359 32 941592
362 71 941592
360 66 941592
373 233 941592
361 190 941592
363 11 941592
364 161 941592
365 190 941592
368 149 941592
367 185 941592
366 7 941592
369 175 941592
372 274 941592
371 0 941592
374 11 941592
375 0 941592
378 292 941592
376 49 941592
377 338 941592
379 6 941592
380 18 941592
382 376 941592
381 31 941592
431 150 941592
383 235 941592
390 192 941592
384 34 941592
385 42 941592
386 50 941592
388 334 941592
387 238 941592
389 38 941592
392 378 941592
391 43 941592
393 227 941592
419 78 941592
394 16 941592
395 14 941592
396 12 941592
398 276 941592
397 342 941592
399 15 941592
400 278 941592
413 2 941592
401 16 941592
402 280 941592
403 119 941592
409 346 941592
404 2 941592
405 202 941592
408 118 941592
406 9 941592
407 42 941592
411 175 941592
410 178 941592
412 83 941592
425 131 941592
414 73 941592
415 52 941592
417 278 941592
416 363 941592
418 254 941592
421 206 941592
420 8 941592
422 26 941592
428 139 941592
423 178 941592
424 71 941592
426 356 941592
429 359 941592
427 22 941592
430 249 941592
432 113 941592
435 23 941592
433 164 941592
434 215 941592
446 17 941592
436 11 941592
439 210 941592
437 58 941592
448 422 941592
438 0 941592
440 12 941592
441 146 941592
442 98 941592
444 270 941592
443 382 941592
445 220 941592
447 23 941592
449 4 941592
450 9 941592
453 106 941592
451 13 941592
452 227 941592
456 346 941592
455 75 941592
457 131 941592
463 33 941592
458 248 941592
459 183 941592
461 321 941592
460 450 941592
462 253 941592
465 73 941592
464 22 941592
487 247 941592
466 31 941592
469 141 941592
467 49 941592
470 3 941592
468 3 941592
479 240 941592
471 16 941592
473 192 941592
482 98 941592
472 0 941592
474 21 941592
475 60 941592
478 82 941592
476 39 941592
477 228 941592
481 248 941592
480 2 941592
483 100 941592
484 10 941592
486 98 941592
485 252 941592
489 239 941592
488 1 941592
490 52 941592
495 190 941592
491 75 941592
494 49 941592
492 38 941592
493 211 941592
497 166 941592
496 13 941592
