10620
10644
10644
10594
10547
11947
11974
11464
13964
20564
20564
20564
20564
24064
24064
24064
24064
24064
24064
24064
24064
24064
27464
28464
28464
28464
28464
28464
28464
28464
28464
33164
33164
33164
38964
38964
40364
40364
48064
50664
50664
50664
50664
50664
50664
50664
50664
50664
50764
51564
51564
51564
60464
60464
60464
60464
61664
61664
61664
70964
70964
71464
71464
71464
73664
80664
80664
80664
80664
80664
85864
85864
92964
92964
94964
94964
95264
101464
107264
107264
112864
112864
112864
112864
112864
112864
116164
116164
125564
125564
125564
125564
125564
130464
140264
140264
149264
149264
149264
149264
