4534
4579
4654
4668
4701
4761
4887
4911
4831
4756
4835
4975
5042
5042
5042
5026
4864
4865
4865
4849
4849
4785
4785
4770
4716
4700
4784
4820
4809
4953
4842
4842
4833
4989
4942
4900
4905
4923
5047
4985
4985
4745
4769
4747
4499
4575
4575
4575
4422
4438
4438
4582
4582
4582
4560
4560
4521
4401
4299
4524
4494
4494
6194
6194
6296
6286
6410
6410
6410
6410
6362
6362
6192
6192
6190
6190
6190
6190
6190
6118
6199
6199
6199
5947
5947
5761
5753
5753
5753
5753
5753
5753
5775
5775
5749
5749
5749
5749
5749
5727
