100
29 97 34 65 26 87 23 39 32 33 81 76 10 27 97 51 31 79 30 52 57 15 39 60 41 55 96 41 48 36 51 10 12 66 45 18 58 58 58 70 53 57 47 27 79 87 18 8 86 7 99 43 24 7 66 16 24 68 25 93 45 64 78 60 3 39 69 57 5 55 19 45 29 68 35 11 72 17 21 64 44 60 50 56 67 68 73 60 45 20 10 7 11 90 65 43 49 29 33 39
100
SET 58 22
SET 52 97
SET 22 47
SET 17 31
SET 48 81
SET 32 92
SET 18 81
SET 20 44
SET 81 61
SET 68 43
SET 5 84
SET 60 95
SET 23 90
SET 48 100
SET 32 21
SET 31 23
SET 90 9
SET 76 77
SET 81 68
SET 44 36
SET 76 11
SET 64 32
SET 5 57
SET 49 34
SET 65 38
SET 93 77
SET 33 75
SET 10 22
SET 12 1
SET 23 95
SET 97 60
SET 68 55
SET 22 19
SET 36 88
SET 96 49
SET 66 45
SET 84 89
SET 8 26
SET 24 86
SET 92 30
SET 30 30
SET 95 55
SET 75 87
SET 99 77
SET 55 24
SET 30 68
SET 65 98
SET 5 65
SET 86 35
SET 87 91
SET 8 62
SET 45 69
SET 23 40
SET 5 14
SET 32 21
SET 22 40
SET 57 44
SET 60 20
SET 77 43
SET 20 95
SET 34 19
SET 20 81
INFLATION 17
SET 37 16
SET 43 94
SET 87 77
SET 26 88
SET 62 94
SET 13 62
SET 65 80
SET 28 4
SET 53 95
SET 94 9
SET 94 48
SET 68 67
SET 53 87
SET 29 16
SET 31 81
SET 35 58
SET 61 37
SET 37 64
SET 29 37
SET 98 67
SET 64 28
SET 6 11
SET 36 5
SET 73 65
SET 72 40
SET 31 88
SET 49 7
SET 57 27
SET 49 42
SET 85 96
SET 43 32
SET 65 39
SET 37 67
SET 11 27
SET 37 5
SET 37 82
SET 39 17
