5707
6607
14807
20307
21207
22807
22807
30907
35607
42307
50007
51107
54707
56407
57207
61207
68707
72707
80207
84907
89707
99107
101607
106607
107307
111207
114907
120507
120607
130507
130807
139707
148107
153707
158007
159107
167107
173007
176407
180607
188907
191207
192807
200207
204507
208107
217907
227207
236907
239107
242207
245807
251007
254207
259607
261907
262907
271807
279007
284107
287207
295207
296407
301107
308807
312107
313007
317107
318207
328007
334907
341207
345807
350907
359607
368607
372107
380207
385307
388007
390907
391907
392407
395407
402307
407507
415007
415307
424907
427707
433807
441207
447607
453807
457507
462107
469307
471207
473807
481407
