2901
4396
4696
4896
5196
5396
5696
5696
5896
6196
6496
6696
1128
1428
1528
1528
1628
1628
5148
5448
5448
5448
5548
5548
5748
5748
5848
5948
6148
6448
6448
6448
6548
6748
6748
6748
6948
6948
6948
7048
7348
7648
5600
5600
5800
6000
6000
6100
6300
6300
6600
5000
5000
5000
5200
5200
5300
5300
5600
5900
5900
5900
6200
6400
6400
6400
6600
6600
6600
6700
6700
8300
8300
8300
8300
8300
8300
8300
8400
8700
8700
9000
9300
9300
9500
9500
9600
9600
9900
10200
10300
10500
10800
10800
10800
10800
10800
10800
10800
10900
