794
994
1094
1194
1294
1494
1694
1894
1994
2094
2024
2324
2624
2724
2924
3224
3524
3649
3849
4049
4349
4549
4560
4860
4960
5060
5260
5460
5760
6060
6060
6260
6460
6660
6760
7060
7150
7350
7650
7558
7658
7758
8058
8258
8358
8558
8658
8858
9058
9158
9258
9558
9858
10058
10258
10458
10758
10858
10858
10958
11258
11358
11558
11558
11858
11858
11958
12158
12258
12458
12558
12758
12858
13158
13258
13558
13858
13958
14158
14258
14458
14758
14958
15258
15358
15658
15858
16058
16158
16458
16758
16958
17158
17158
17358
17658
17858
18058
18258
18258
