1066
1266
1866
2766
2866
3466
3766
3966
4395
4495
4995
5995
6195
6895
7895
8495
8695
9695
10695
10995
11995
12995
12995
13595
14095
14795
14895
15595
15795
15795
15995
16995
17895
17995
18895
18995
19695
20295
20895
21195
21595
22495
22995
23995
24395
24695
25495
26395
26795
27795
28195
28995
29095
29095
29895
30195
30295
30795
31195
31795
32795
32795
33695
34295
34595
34695
35395
35595
35695
35895
36095
36295
36395
36895
37495
38495
38995
39695
40295
41295
41895
41995
42995
43495
43695
43995
44795
45095
45095
45895
45895
46395
46595
47395
48195
49195
49895
49995
49995
50595
