100
100 100 100 100 100 100 100 100 100 100 100 100 100 100 100 100 100 100 100 100 100 100 100 100 100 100 100 100 100 100 100 100 100 100 100 100 100 100 100 100 100 100 100 100 100 100 100 100 100 100 100 100 100 100 100 100 100 100 100 100 100 100 100 100 100 100 100 100 100 100 100 100 100 100 100 100 100 100 100 100 100 100 100 100 100 100 100 100 100 100 100 100 100 100 100 100 100 100 100 100
100
SET 100 100
SET 100 100
SET 100 100
SET 100 100
SET 100 100
SET 100 100
SET 100 100
SET 100 100
SET 100 100
SET 100 100
SET 100 100
SET 100 100
SET 100 100
SET 100 100
SET 100 100
SET 100 100
SET 100 100
SET 100 100
SET 100 100
SET 100 100
SET 100 100
SET 100 100
SET 100 100
SET 100 100
SET 100 100
SET 100 100
SET 100 100
SET 100 100
SET 100 100
SET 100 100
SET 100 100
SET 100 100
SET 100 100
SET 100 100
SET 100 100
SET 100 100
SET 100 100
SET 100 100
SET 100 100
SET 100 100
SET 100 100
SET 100 100
SET 100 100
SET 100 100
SET 100 100
SET 100 100
SET 100 100
SET 100 100
SET 100 100
SET 100 100
SET 100 100
SET 100 100
SET 100 100
SET 100 100
SET 100 100
SET 100 100
SET 100 100
SET 100 100
SET 100 100
SET 100 100
SET 100 100
SET 100 100
SET 100 100
SET 100 100
SET 100 100
SET 100 100
SET 100 100
SET 100 100
SET 100 100
SET 100 100
INFLATION 100
SET 100 100
SET 100 100
SET 100 100
SET 100 100
SET 100 100
SET 100 100
SET 100 100
SET 100 100
SET 100 100
SET 100 100
SET 100 100
SET 100 100
SET 100 100
SET 100 100
SET 100 100
SET 100 100
SET 100 100
SET 100 100
SET 100 100
SET 100 100
SET 100 100
SET 100 100
SET 100 100
SET 100 100
SET 100 100
SET 100 100
SET 100 100
SET 100 100
SET 100 100
