4345
4645
4845
5045
5345
5645
5743
5797
5769
5869
6043
6243
6543
6543
6528
6728
6704
6749
7049
7349
7649
7712
7757
7857
8157
8157
8257
8557
8657
8957
9157
9157
9257
9557
9657
9691
9891
9991
10291
10391
10591
10591
10791
11091
11391
11370
11670
11644
11944
12144
12147
12247
12547
12747
12847
12947
12947
13047
13347
13447
13647
13747
13947
14247
14247
14347
14647
14947
15247
15247
15247
15247
15447
15447
15447
15547
15547
15547
15547
15747
15947
16247
16247
16447
16747
16747
17047
17147
17147
17247
17447
17547
17747
17747
17947
17947
17947
17947
18047
18247
