100
30 78 24 70 39 2 30 53 95 4 28 24 77 74 27 52 69 10 79 26 70 86 27 66 57 7 77 5 92 26 14 15 44 30 88 41 97 77 3 36 19 44 14 100 66 90 13 87 29 100 58 1 11 87 27 94 72 11 64 5 25 82 6 3 50 25 31 82 71 81 13 34 76 90 38 93 49 28 27 65 60 76 51 56 18 18 100 73 33 25 59 50 40 90 51 63 7 17 92 7
67
SET 30 78
SET 24 70
SET 39 2
SET 53 95
SET 4 28
SET 77 74
SET 27 52
SET 69 10
SET 79 26
SET 86 66
SET 57 7
SET 5 92
SET 14 15
SET 44 88
SET 41 97
SET 3 36
SET 19 100
SET 90 13
SET 87 29
SET 58 1
SET 11 94
SET 72 64
SET 25 82
SET 6 50
SET 31 71
SET 81 34
SET 76 38
SET 93 49
SET 65 60
SET 51 56
SET 18 73
SET 33 59
SET 40 63
SET 78 70
SET 2 95
SET 28 74
SET 52 10
SET 26 66
SET 7 92
SET 15 88
SET 97 36
SET 100 13
SET 29 1
SET 94 64
SET 82 50
SET 71 34
SET 38 49
SET 60 56
SET 73 59
SET 63 17
SET 70 95
SET 74 10
SET 66 92
SET 88 36
SET 13 1
SET 64 50
SET 34 49
SET 56 59
SET 95 10
SET 92 36
SET 1 50
SET 49 59
SET 10 36
SET 50 59
SET 36 59
SET 59 17
INFLATION 1
