324
143 89 0
143 108 0
84 42 0
84 45 0
84 48 0
84 49 0
84 51 0
84 53 0
84 55 0
84 57 0
84 58 0
84 61 0
84 67 0
84 68 0
143 116 0
143 86 0
143 84 0
85 7 0
85 8 0
85 17 0
85 23 0
83 66 0
144 37 0
144 36 0
144 35 0
83 41 0
83 43 0
144 31 0
83 46 0
144 22 0
83 56 0
144 16 0
83 62 0
83 65 0
85 25 0
144 13 0
83 70 0
83 74 0
83 79 0
144 3 0
144 1 0
84 2 0
84 9 0
84 10 0
84 14 0
143 128 0
143 126 0
142 112 0
142 111 0
142 107 0
142 106 0
142 101 0
142 115 0
142 81 0
142 71 0
142 60 0
87 28 0
87 29 0
87 32 0
142 44 0
87 39 0
85 73 0
85 26 0
85 27 0
85 30 0
85 50 0
85 52 0
85 64 0
144 38 0
85 82 0
142 136 0
142 135 0
142 132 0
142 119 0
80 69 0
145 107 0
80 28 0
80 40 0
80 54 0
80 59 0
80 63 0
80 72 0
80 75 0
80 76 0
80 78 0
81 1 0
79 18 0
79 21 0
79 33 0
79 34 0
146 14 0
83 5 0
83 11 0
83 12 0
83 15 0
139 85 0
92 0 0
92 4 0
92 6 0
139 124 0
139 122 0
139 121 0
139 120 0
92 19 0
92 20 0
92 24 0
139 102 0
139 96 0
92 47 0
91 90 0
92 77 0
93 0 0
91 69 0
140 24 0
139 137 0
139 134 0
139 133 0
91 88 0
95 24 0
138 20 0
94 92 0
138 118 0
141 114 0
141 113 0
141 110 0
141 98 0
141 97 0
141 83 0
141 131 0
141 129 0
141 127 0
141 125 0
141 123 0
151 77 0
150 148 0
152 6 0
150 50 0
153 85 0
154 5 0
147 76 0
147 105 0
147 104 0
147 103 0
147 100 0
147 99 0
147 130 0
147 117 0
147 109 0
149 110 0
160 30 0
162 70 0
157 53 0
161 159 0
159 89 0
158 30 0
156 22 0
155 47 0
132 26 1
133 2 1
132 105 1
132 79 1
130 92 1
92 27 1
109 31 1
83 23 1
82 63 1
92 33 1
123 60 1
162 61 1
82 54 1
154 98 1
109 34 1
139 119 1
32 28 1
149 88 1
155 66 1
140 82 1
9 8 1
9 7 1
82 61 1
140 79 1
112 2 1
159 14 1
139 108 1
56 18 1
123 39 1
155 78 1
139 111 1
123 78 1
158 24 1
160 158 1
9 6 1
92 2 1
91 89 1
91 85 1
109 20 1
139 130 1
123 69 1
109 25 1
83 16 1
10 3 1
83 59 1
115 45 1
123 0 1
83 68 1
8 4 1
115 39 1
115 51 1
115 87 1
83 58 1
140 96 1
44 3 1
149 95 1
51 49 1
83 64 1
37 35 1
123 31 1
83 52 1
115 55 1
158 2 1
32 29 1
82 67 1
115 57 1
46 41 1
13 3 1
157 2 1
149 86 1
140 105 1
104 25 1
115 50 1
157 151 1
90 81 1
131 113 1
140 10 1
44 38 1
85 11 1
44 37 1
44 36 1
54 40 1
85 14 1
91 1 1
85 18 1
149 53 1
125 9 1
104 90 1
84 24 1
124 109 1
132 13 1
140 17 1
125 19 1
131 127 1
131 123 1
84 76 1
84 72 1
154 113 1
139 112 1
85 22 1
48 2 1
140 26 1
15 12 1
161 68 1
92 43 1
21 7 1
146 90 1
116 64 1
53 42 1
75 56 1
162 141 1
116 77 1
154 122 1
156 28 1
116 74 1
159 128 1
158 133 1
112 47 1
116 5 1
123 101 1
53 9 1
116 29 1
114 99 1
149 71 1
114 100 1
111 93 1
114 103 1
114 102 1
19 15 1
116 46 1
149 73 1
111 97 1
148 61 1
110 19 1
136 132 1
138 21 1
121 41 1
94 1 1
134 50 1
138 65 1
138 70 1
80 11 1
99 28 1
137 26 1
30 1 1
138 62 1
135 16 1
150 14 1
106 71 1
140 126 1
107 1 1
140 120 1
129 83 1
153 127 1
117 1 1
152 86 1
118 56 1
147 94 1
161 143 1
156 142 1
145 82 1
144 44 1
157 49 0
162 41 0
159 51 0
158 8 0
161 42 0
