962
455 348 0
392 161 0
406 243 0
392 158 0
229 157 0
376 11 0
392 156 0
471 189 0
229 163 0
426 169 0
471 193 0
392 153 0
308 45 0
440 269 0
199 144 0
455 345 0
455 344 0
426 161 0
471 204 0
102 88 0
102 86 0
357 264 0
426 196 0
199 192 0
160 8 0
375 350 0
375 351 0
357 327 0
471 140 0
103 52 0
103 50 0
455 385 0
329 276 0
455 381 0
160 35 0
329 287 0
329 288 0
455 373 0
329 291 0
286 10 0
471 167 0
286 13 0
329 300 0
329 302 0
392 103 0
199 105 0
160 112 0
102 25 0
330 62 0
357 209 0
286 70 0
230 9 0
455 289 0
307 285 0
471 285 0
455 304 0
376 77 0
330 84 0
455 278 0
230 22 0
426 83 0
160 141 0
264 66 0
440 331 0
471 306 0
330 100 0
264 119 0
308 25 0
229 187 0
330 15 0
229 188 0
455 332 0
330 18 0
264 131 0
330 26 0
199 126 0
160 89 0
330 32 0
330 37 0
229 208 0
376 46 0
471 248 0
199 116 0
199 115 0
440 298 0
330 51 0
286 59 0
200 65 0
265 60 0
375 246 0
159 62 0
308 180 0
440 147 0
228 226 0
392 261 0
265 41 0
456 53 0
471 12 0
229 7 0
471 16 0
329 151 0
392 254 0
265 29 0
471 24 0
104 73 0
406 117 0
265 20 0
358 140 0
426 398 0
426 391 0
329 77 0
265 96 0
426 378 0
440 120 0
440 171 0
375 226 0
265 82 0
470 439 0
200 95 0
200 92 0
200 91 0
426 356 0
406 150 0
104 23 0
308 124 0
200 27 0
104 17 0
375 316 0
229 54 0
375 324 0
406 177 0
375 328 0
426 233 0
160 1 0
199 194 0
265 0 0
456 14 0
358 58 0
104 55 0
471 44 0
200 42 0
308 142 0
200 39 0
375 292 0
329 184 0
375 294 0
471 312 0
104 40 0
104 38 0
308 134 0
375 299 0
200 33 0
406 146 0
440 186 0
104 28 0
441 79 0
198 99 0
425 274 0
455 68 0
455 63 0
99 2 0
407 153 0
98 94 0
286 267 0
441 61 0
198 81 0
231 63 0
441 85 0
99 76 0
472 31 0
99 71 0
286 212 0
99 64 0
425 317 0
286 227 0
162 59 0
263 138 0
286 232 0
231 6 0
286 238 0
455 87 0
472 78 0
231 21 0
286 249 0
286 250 0
425 168 0
162 111 0
231 127 0
231 128 0
425 182 0
472 202 0
472 211 0
263 5 0
472 221 0
97 75 0
231 152 0
97 67 0
376 363 0
331 75 0
441 93 0
425 334 0
472 155 0
263 47 0
162 101 0
471 393 0
471 380 0
455 207 0
330 173 0
230 106 0
263 256 0
455 203 0
330 181 0
455 215 0
440 390 0
440 396 0
455 185 0
230 132 0
471 419 0
406 362 0
264 57 0
199 72 0
440 342 0
286 164 0
264 34 0
455 235 0
455 225 0
455 223 0
330 259 0
440 429 0
263 197 0
330 247 0
286 178 0
441 4 0
330 266 0
230 191 0
472 19 0
330 277 0
230 148 0
425 399 0
471 423 0
440 412 0
455 170 0
440 417 0
471 434 0
330 220 0
406 36 0
330 222 0
263 217 0
263 210 0
440 424 0
330 236 0
439 227 0
359 295 0
226 145 0
469 347 0
309 282 0
469 352 0
110 74 0
309 273 0
359 296 0
359 270 0
469 369 0
110 56 0
110 48 0
284 143 0
456 451 0
310 14 0
226 98 0
469 293 0
284 90 0
374 198 0
226 113 0
359 326 0
456 448 0
469 311 0
405 9 0
284 108 0
359 315 0
309 301 0
428 14 0
457 30 0
427 343 0
309 221 0
456 408 0
109 104 0
374 305 0
359 176 0
469 465 0
359 175 0
359 166 0
427 370 0
456 445 0
309 253 0
309 244 0
456 431 0
309 241 0
427 360 0
284 165 0
110 3 0
359 218 0
109 107 0
310 123 0
469 129 0
360 130 0
457 179 0
360 118 0
469 125 0
360 110 0
283 280 0
428 149 0
428 195 0
469 91 0
457 206 0
360 154 0
428 190 0
360 139 0
360 136 0
469 122 0
469 224 0
284 43 0
284 49 0
469 245 0
404 374 0
469 262 0
469 275 0
284 80 0
457 69 0
469 172 0
469 174 0
469 183 0
457 137 0
469 216 0
201 20 0
405 335 0
265 214 0
308 239 0
470 364 0
265 133 0
470 371 0
265 121 0
265 114 0
470 303 0
405 367 0
470 325 0
405 386 0
456 322 0
456 321 0
427 240 0
284 252 0
359 89 0
427 234 0
284 258 0
427 290 0
284 219 0
456 353 0
456 338 0
427 255 0
456 242 0
265 257 0
427 213 0
405 237 0
456 279 0
456 272 0
456 271 0
442 402 0
474 379 0
389 376 0
453 73 0
474 397 0
442 376 0
474 341 0
409 264 0
442 382 0
442 387 0
168 40 0
474 457 0
474 454 0
422 415 0
475 9 0
422 405 0
354 4 0
260 4 0
453 135 0
474 280 0
443 192 0
452 255 0
443 205 0
410 121 0
336 0 0
443 251 0
473 34 0
355 337 0
355 333 0
472 438 0
472 449 0
355 320 0
355 163 0
441 377 0
472 323 0
473 421 0
441 401 0
441 416 0
400 163 0
460 414 0
365 313 0
365 297 0
432 337 0
461 0 0
435 422 0
366 8 0
464 260 0
460 351 0
365 205 0
436 105 0
365 268 0
433 41 0
319 257 0
319 281 0
432 383 0
432 361 0
432 413 0
314 210 0
464 446 0
318 108 0
462 22 0
463 14 0
368 346 0
368 318 0
461 349 0
433 340 0
458 124 0
394 251 0
468 64 0
403 239 0
372 308 0
394 388 0
395 1 0
467 243 0
430 2 0
467 411 0
468 420 0
466 168 0
459 277 0
437 105 0
459 339 0
459 384 0
458 447 0
477 57 0
480 449 0
450 153 0
481 9 0
444 165 0
478 243 0
479 442 0
476 352 0
418 138 0
386 300 1
395 301 1
395 388 1
386 35 1
395 266 1
395 377 1
386 310 1
395 298 1
395 263 1
394 200 1
395 283 1
386 307 1
394 265 1
395 274 1
395 292 1
395 385 1
394 261 1
386 308 1
395 360 1
386 64 1
395 364 1
395 362 1
395 333 1
395 327 1
395 80 1
437 435 1
438 325 1
438 324 1
438 158 1
438 319 1
438 318 1
438 315 1
438 313 1
438 1 1
438 8 1
438 7 1
438 3 1
438 2 1
438 15 1
438 0 1
438 326 1
437 434 1
437 430 1
437 426 1
438 30 1
438 43 1
438 41 1
438 36 1
438 33 1
438 28 1
438 25 1
438 22 1
438 21 1
438 20 1
438 379 1
438 358 1
438 354 1
438 351 1
438 348 1
438 347 1
438 345 1
438 344 1
438 339 1
438 337 1
438 389 1
438 387 1
438 383 1
438 382 1
438 18 1
438 371 1
438 365 1
438 305 1
438 296 1
438 293 1
438 306 1
438 287 1
438 284 1
438 280 1
438 278 1
438 277 1
438 330 1
438 328 1
438 62 1
438 112 1
438 111 1
438 109 1
438 107 1
438 105 1
438 104 1
438 154 1
438 153 1
438 148 1
438 140 1
438 130 1
438 59 1
438 72 1
438 66 1
438 116 1
438 61 1
438 60 1
438 58 1
438 57 1
438 52 1
438 87 1
438 100 1
438 98 1
438 92 1
438 91 1
438 391 1
438 86 1
438 84 1
437 413 1
437 395 1
437 393 1
437 390 1
437 385 1
437 381 1
437 396 1
437 377 1
437 372 1
437 370 1
437 369 1
437 421 1
437 420 1
437 417 1
438 361 1
437 412 1
437 407 1
437 406 1
437 405 1
437 403 1
437 401 1
437 400 1
438 125 1
438 124 1
438 122 1
438 120 1
438 119 1
438 118 1
441 177 1
441 115 1
441 40 1
441 38 1
441 34 1
441 32 1
441 29 1
441 197 1
441 195 1
441 193 1
441 192 1
441 187 1
441 198 1
441 183 1
441 179 1
441 42 1
441 175 1
441 174 1
441 172 1
441 212 1
441 225 1
441 223 1
441 222 1
441 219 1
441 216 1
441 170 1
441 205 1
441 203 1
441 141 1
441 24 1
441 67 1
441 65 1
441 56 1
441 114 1
441 110 1
441 102 1
441 99 1
441 97 1
441 94 1
441 90 1
441 88 1
441 14 1
441 27 1
441 138 1
441 23 1
441 17 1
441 16 1
441 13 1
441 11 1
441 10 1
441 6 1
441 53 1
441 51 1
441 50 1
441 49 1
441 47 1
441 46 1
438 186 1
438 268 1
438 267 1
438 264 1
438 257 1
438 254 1
438 251 1
438 185 1
438 184 1
438 182 1
438 181 1
438 180 1
438 178 1
438 173 1
438 269 1
438 171 1
438 168 1
438 199 1
438 213 1
438 209 1
438 208 1
438 204 1
438 201 1
438 196 1
438 194 1
438 191 1
438 190 1
438 189 1
441 159 1
441 137 1
441 136 1
441 135 1
441 131 1
441 128 1
441 126 1
441 123 1
441 117 1
441 156 1
441 163 1
441 162 1
441 161 1
441 160 1
438 83 1
441 157 1
441 145 1
441 144 1
438 230 1
438 243 1
438 242 1
438 235 1
438 234 1
438 232 1
438 231 1
438 228 1
438 227 1
438 218 1
199 19 1
439 106 1
439 82 1
439 95 1
439 93 1
439 89 1
439 96 1
439 78 1
439 76 1
439 75 1
439 73 1
439 68 1
439 121 1
439 113 1
439 108 1
439 103 1
199 31 1
199 79 1
439 155 1
439 411 1
439 215 1
439 214 1
439 375 1
439 386 1
439 384 1
439 380 1
439 378 1
439 376 1
439 374 1
439 373 1
439 368 1
439 367 1
439 363 1
439 416 1
439 217 1
439 408 1
439 404 1
439 398 1
439 394 1
439 392 1
439 317 1
439 322 1
439 321 1
439 332 1
439 314 1
439 311 1
439 310 1
439 308 1
439 290 1
439 265 1
439 262 1
439 261 1
439 260 1
439 259 1
439 248 1
439 246 1
439 244 1
439 300 1
439 299 1
439 294 1
439 291 1
439 307 1
439 289 1
439 281 1
439 210 1
439 207 1
439 206 1
439 200 1
439 188 1
439 240 1
439 237 1
439 233 1
439 224 1
439 221 1
439 220 1
439 147 1
438 397 1
438 432 1
439 5 1
439 4 1
438 431 1
438 429 1
438 425 1
438 422 1
439 139 1
439 152 1
439 151 1
439 150 1
439 149 1
438 399 1
439 146 1
439 143 1
439 142 1
439 134 1
439 133 1
439 132 1
439 129 1
439 127 1
439 176 1
439 169 1
439 167 1
439 166 1
439 165 1
439 64 1
439 304 1
439 357 1
439 356 1
439 353 1
439 346 1
439 341 1
439 340 1
439 336 1
439 37 1
439 35 1
439 26 1
439 12 1
439 9 1
441 69 1
439 63 1
439 55 1
439 54 1
439 48 1
439 45 1
439 44 1
439 39 1
438 418 1
438 415 1
438 414 1
438 410 1
438 409 1
438 402 1
434 350 1
435 245 1
435 239 1
435 236 1
435 229 1
434 366 1
434 364 1
434 362 1
434 360 1
434 359 1
434 355 1
434 352 1
435 247 1
434 349 1
434 388 1
434 343 1
434 303 1
434 302 1
435 212 1
435 263 1
435 258 1
435 256 1
435 297 1
435 301 1
435 298 1
435 255 1
435 295 1
435 292 1
435 288 1
435 285 1
435 226 1
435 241 1
435 253 1
435 252 1
435 250 1
435 249 1
435 81 1
435 80 1
435 77 1
435 74 1
435 71 1
435 70 1
434 327 1
434 316 1
434 329 1
434 342 1
434 338 1
434 335 1
434 334 1
434 333 1
434 331 1
435 266 1
434 320 1
433 386 1
433 428 1
433 427 1
433 424 1
433 423 1
433 419 1
433 286 1
435 85 1
435 279 1
435 276 1
435 275 1
435 274 1
435 273 1
435 272 1
435 271 1
435 270 1
435 283 1
441 312 1
440 142 1
440 101 1
442 8 1
455 348 1
440 238 1
440 436 1
440 164 1
202 15 1
445 224 1
444 54 1
442 323 1
442 309 1
443 31 1
442 282 1
446 55 1
448 419 1
449 5 1
448 447 1
443 211 1
450 99 1
456 335 1
458 149 1
457 455 1
456 454 1
456 452 1
451 316 1
453 341 1
475 353 1
476 79 1
474 296 1
475 466 1
475 465 1
475 463 1
475 461 1
475 460 1
475 459 1
475 470 1
474 473 1
474 467 1
474 464 1
480 233 1
481 303 1
478 79 1
480 477 1
480 462 1
476 468 1
469 276 1
479 22 1
481 472 1
481 471 1
394 116 0
394 115 0
