998
193 7 0
173 65 0
462 123 0
301 160 0
495 278 0
279 76 0
401 229 0
453 197 0
213 78 0
393 45 0
238 123 0
145 19 0
455 350 0
92 89 0
246 9 0
361 210 0
326 67 0
334 201 0
334 202 0
437 2 0
423 366 0
473 142 0
163 62 0
417 30 0
469 404 0
436 396 0
462 149 0
416 409 0
288 14 0
462 146 0
375 57 0
458 434 0
334 169 0
462 141 0
382 67 0
279 90 0
67 10 0
291 183 0
469 363 0
349 195 0
145 2 0
453 184 0
349 192 0
173 75 0
427 387 0
301 168 0
453 187 0
225 78 0
246 33 0
288 68 0
427 318 0
213 46 0
427 315 0
389 46 0
392 390 0
173 2 0
193 48 0
200 153 0
371 224 0
392 385 0
495 205 0
405 57 0
163 81 0
440 432 0
495 200 0
385 25 0
268 130 0
291 172 0
200 143 0
296 189 0
312 300 0
92 60 0
469 406 0
491 287 0
334 213 0
317 263 0
262 30 0
411 25 0
487 359 0
401 262 0
301 184 0
312 263 0
338 179 0
366 233 0
411 16 0
455 338 0
225 122 0
193 40 0
225 124 0
393 148 0
174 6 0
484 344 0
213 154 0
326 150 0
93 53 0
416 353 0
225 4 0
144 84 0
487 414 0
144 88 0
371 163 0
423 307 0
274 191 0
411 96 0
447 403 0
401 152 0
447 402 0
322 208 0
484 370 0
163 8 0
312 144 0
455 395 0
416 331 0
462 249 0
462 248 0
436 272 0
469 246 0
349 325 0
408 226 0
462 240 0
93 38 0
291 230 0
393 170 0
246 161 0
428 72 0
246 158 0
423 295 0
312 108 0
296 107 0
444 368 0
173 109 0
484 394 0
338 220 0
393 106 0
361 133 0
484 399 0
246 83 0
296 137 0
246 77 0
268 194 0
343 294 0
111 37 0
208 25 0
66 59 0
274 212 0
261 222 0
246 116 0
476 287 0
279 131 0
261 178 0
338 223 0
246 104 0
469 457 0
296 128 0
111 29 0
66 22 0
455 377 0
317 306 0
436 351 0
437 227 0
402 11 0
322 313 0
437 217 0
453 327 0
478 369 0
348 263 0
112 35 0
437 211 0
91 44 0
362 91 0
194 12 0
71 42 0
226 36 0
410 317 0
419 299 0
313 140 0
268 44 0
371 282 0
445 34 0
495 52 0
172 39 0
374 264 0
473 64 0
478 354 0
245 49 0
437 198 0
461 403 0
200 87 0
146 11 0
374 251 0
459 73 0
470 120 0
440 319 0
338 89 0
366 112 0
335 73 0
459 103 0
263 20 0
478 327 0
485 186 0
239 31 0
288 191 0
121 81 0
384 334 0
171 112 0
382 270 0
344 134 0
244 188 0
112 51 0
121 117 0
244 237 0
437 252 0
244 234 0
440 333 0
494 469 0
200 61 0
263 3 0
212 125 0
419 286 0
485 175 0
417 100 0
473 99 0
455 314 0
401 329 0
92 13 0
334 283 0
349 41 0
470 34 0
410 378 0
349 28 0
445 15 0
401 346 0
401 297 0
344 22 0
401 302 0
334 259 0
401 308 0
193 119 0
478 451 0
69 21 0
349 56 0
69 26 0
473 101 0
301 18 0
322 293 0
245 85 0
410 358 0
440 380 0
70 39 0
245 74 0
485 103 0
401 386 0
437 181 0
371 260 0
92 0 0
495 110 0
478 418 0
193 129 0
382 177 0
374 292 0
448 208 0
496 290 0
360 73 0
479 323 0
473 356 0
468 419 0
435 398 0
428 383 0
247 241 0
333 180 0
488 57 0
367 114 0
420 111 0
311 128 0
388 218 0
367 138 0
351 6 0
408 126 0
381 164 0
479 340 0
376 10 0
463 63 0
435 372 0
214 129 0
458 253 0
428 400 0
95 51 0
190 167 0
269 115 0
287 86 0
441 222 0
456 21 0
388 232 0
416 159 0
350 258 0
269 93 0
484 135 0
405 235 0
452 425 0
237 170 0
381 231 0
452 430 0
287 105 0
496 250 0
400 281 0
496 254 0
463 23 0
292 23 0
375 343 0
367 98 0
333 206 0
452 408 0
490 442 0
303 39 0
463 157 0
339 85 0
420 167 0
215 9 0
476 118 0
435 274 0
476 127 0
416 42 0
311 17 0
310 288 0
394 199 0
468 279 0
496 399 0
429 100 0
444 189 0
388 139 0
441 323 0
416 80 0
311 58 0
463 102 0
269 139 0
476 155 0
333 94 0
176 57 0
280 162 0
247 21 0
375 204 0
436 196 0
268 266 0
279 216 0
469 182 0
436 207 0
487 472 0
94 31 0
311 309 0
487 437 0
268 243 0
144 54 0
144 55 0
487 431 0
428 97 0
388 347 0
416 330 0
349 337 0
416 304 0
388 320 0
279 203 0
444 345 0
361 5 0
333 267 0
333 257 0
333 277 0
247 165 0
416 185 0
287 113 0
393 365 0
444 289 0
94 47 0
473 273 0
360 276 0
360 221 0
416 219 0
381 271 0
381 275 0
265 79 0
460 280 0
454 263 0
439 15 0
493 256 0
438 436 0
446 144 0
298 291 0
471 280 0
364 24 0
364 27 0
364 32 0
477 382 0
486 218 0
493 193 0
324 120 0
242 1 0
228 79 0
364 79 0
242 50 0
391 5 0
373 79 0
445 209 0
336 98 0
426 46 0
373 236 0
493 421 0
242 136 0
316 245 0
364 285 0
492 367 0
492 422 0
492 412 0
477 342 0
424 397 0
166 43 0
336 332 0
486 467 0
424 407 0
424 147 0
424 151 0
371 357 0
424 132 0
362 352 0
424 156 0
424 82 0
371 341 0
493 450 0
485 482 0
493 481 0
498 129 0
449 294 0
480 338 0
415 25 0
321 172 0
255 111 0
328 190 0
464 195 0
475 373 0
433 428 0
305 1 0
442 210 0
434 43 0
489 64 0
474 470 0
483 97 0
497 476 0
499 287 0
443 441 0
465 191 0
456 355 0
413 49 0
379 316 0
466 285 0
305 284 0
409 175 1
409 40 1
407 102 1
409 173 1
407 205 1
407 148 1
409 39 1
409 182 1
409 107 1
407 152 1
407 201 1
409 108 1
409 105 1
407 196 1
409 124 1
409 179 1
407 125 1
409 149 1
409 85 1
407 180 1
407 115 1
409 57 1
409 133 1
409 62 1
407 166 1
407 167 1
407 168 1
409 64 1
407 178 1
407 177 1
409 138 1
409 90 1
407 194 1
409 41 1
407 134 1
407 165 1
407 162 1
408 4 1
408 228 1
408 15 1
408 16 1
408 231 1
407 383 1
408 136 1
408 95 1
408 387 1
393 109 1
461 221 1
393 199 1
393 119 1
355 87 1
355 88 1
62 40 1
62 39 1
355 93 1
461 42 1
59 37 1
393 108 1
393 107 1
393 105 1
461 43 1
393 291 1
355 97 1
355 99 1
355 100 1
355 10 1
59 50 1
59 48 1
461 205 1
393 85 1
393 83 1
393 81 1
461 224 1
355 7 1
393 284 1
393 133 1
461 214 1
355 79 1
461 218 1
355 82 1
461 219 1
393 124 1
355 84 1
355 59 1
461 9 1
393 262 1
393 305 1
355 73 1
393 303 1
393 302 1
62 13 1
62 12 1
355 68 1
353 104 1
62 56 1
63 8 1
461 18 1
461 20 1
353 111 1
461 21 1
393 226 1
393 268 1
461 49 1
461 51 1
461 53 1
393 275 1
62 41 1
393 269 1
393 90 1
393 267 1
393 265 1
393 264 1
62 22 1
461 63 1
461 66 1
355 65 1
355 67 1
461 162 1
461 152 1
461 153 1
396 285 1
355 187 1
59 36 1
355 190 1
355 191 1
461 160 1
59 30 1
461 163 1
461 148 1
461 225 1
393 154 1
59 17 1
355 14 1
393 149 1
393 147 1
396 307 1
461 132 1
396 256 1
60 44 1
355 223 1
461 134 1
396 298 1
60 41 1
396 308 1
393 146 1
355 171 1
355 172 1
396 301 1
396 300 1
396 299 1
396 297 1
396 295 1
396 294 1
461 254 1
393 182 1
60 6 1
393 179 1
60 3 1
60 2 1
393 175 1
461 253 1
393 173 1
354 341 1
393 101 1
461 196 1
354 345 1
354 347 1
354 348 1
393 94 1
461 201 1
461 236 1
393 141 1
461 232 1
393 139 1
393 138 1
461 235 1
353 113 1
393 195 1
461 194 1
393 192 1
393 186 1
393 185 1
353 162 1
392 241 1
392 240 1
392 238 1
461 92 1
61 13 1
392 242 1
392 226 1
392 222 1
352 336 1
461 129 1
461 115 1
461 70 1
353 189 1
392 332 1
392 330 1
353 193 1
352 338 1
392 323 1
461 78 1
461 86 1
461 89 1
392 244 1
461 91 1
353 1 1
392 251 1
61 57 1
393 41 1
61 55 1
61 54 1
353 0 1
461 431 1
352 304 1
461 433 1
61 47 1
352 310 1
352 311 1
461 437 1
352 342 1
352 344 1
392 340 1
392 261 1
392 259 1
352 349 1
352 350 1
392 255 1
393 202 1
461 34 1
461 35 1
461 38 1
393 203 1
461 102 1
461 103 1
461 23 1
461 25 1
393 217 1
461 27 1
353 121 1
353 123 1
62 52 1
393 211 1
353 125 1
461 31 1
393 204 1
353 165 1
353 166 1
353 167 1
353 168 1
353 169 1
353 170 1
353 176 1
353 177 1
353 178 1
353 180 1
392 328 1
353 181 1
396 258 1
62 46 1
62 45 1
354 295 1
397 217 1
463 37 1
354 335 1
354 276 1
354 277 1
354 280 1
354 95 1
354 96 1
354 98 1
462 293 1
462 343 1
354 106 1
354 110 1
354 114 1
354 116 1
354 142 1
462 325 1
354 128 1
354 131 1
354 136 1
354 140 1
462 337 1
462 339 1
462 431 1
397 71 1
462 443 1
354 227 1
354 228 1
396 388 1
396 387 1
354 231 1
396 385 1
354 260 1
354 266 1
354 326 1
354 317 1
354 318 1
354 321 1
354 331 1
354 333 1
354 334 1
354 229 1
354 234 1
396 381 1
396 377 1
354 239 1
354 183 1
463 69 1
355 122 1
355 117 1
355 118 1
355 120 1
396 371 1
355 126 1
355 127 1
396 366 1
355 130 1
396 363 1
462 374 1
355 164 1
462 376 1
396 362 1
355 112 1
396 327 1
355 206 1
355 207 1
355 208 1
355 209 1
355 213 1
355 215 1
355 216 1
355 220 1
355 135 1
396 358 1
396 357 1
396 356 1
462 373 1
355 198 1
354 150 1
396 246 1
396 245 1
354 210 1
462 389 1
354 212 1
462 390 1
396 248 1
354 151 1
462 395 1
354 155 1
354 188 1
462 309 1
462 312 1
462 315 1
396 200 1
354 156 1
396 197 1
462 319 1
462 320 1
462 306 1
462 383 1
462 384 1
462 386 1
355 144 1
355 137 1
396 184 1
355 143 1
355 145 1
462 360 1
462 382 1
462 368 1
355 159 1
396 161 1
462 398 1
354 157 1
354 158 1
462 351 1
352 313 1
462 407 1
354 174 1
462 411 1
394 101 1
438 190 1
346 133 1
438 230 1
394 64 1
380 238 1
26 5 1
26 4 1
438 243 1
393 379 1
393 375 1
393 369 1
393 367 1
438 233 1
438 237 1
26 11 1
381 15 1
381 16 1
347 4 1
381 33 1
381 32 1
381 29 1
381 28 1
381 24 1
381 19 1
438 423 1
438 425 1
438 412 1
438 414 1
438 370 1
347 58 1
438 372 1
438 405 1
438 410 1
461 290 1
461 455 1
461 458 1
352 316 1
352 314 1
352 322 1
352 324 1
352 329 1
392 391 1
353 288 1
353 274 1
353 263 1
353 270 1
353 287 1
353 272 1
353 282 1
354 75 1
354 72 1
354 74 1
354 76 1
354 77 1
354 80 1
459 11 1
352 48 1
458 447 1
352 281 1
352 283 1
352 289 1
352 273 1
352 292 1
352 278 1
352 279 1
352 247 1
352 249 1
352 250 1
352 252 1
352 271 1
352 257 1
352 296 1
352 286 1
460 283 1
460 435 1
460 436 1
460 454 1
460 444 1
460 445 1
460 448 1
460 430 1
460 453 1
459 426 1
459 429 1
459 432 1
459 434 1
459 441 1
459 442 1
459 428 1
459 415 1
459 417 1
459 422 1
459 404 1
459 401 1
459 406 1
459 408 1
439 250 1
440 36 1
440 359 1
440 361 1
440 364 1
440 365 1
440 399 1
440 378 1
433 402 1
452 211 1
452 409 1
452 413 1
452 416 1
452 400 1
452 403 1
464 106 1
465 10 1
452 424 1
452 427 1
452 449 1
452 418 1
452 419 1
452 420 1
452 421 1
452 446 1
452 450 1
451 33 1
466 44 1
466 456 1
467 155 1
459 457 1
492 487 1
492 486 1
492 480 1
492 417 1
493 16 1
492 468 1
492 477 1
492 476 1
492 471 1
492 469 1
495 429 1
496 14 1
489 206 1
498 368 1
498 470 1
499 4 1
498 490 1
498 485 1
498 484 1
498 482 1
494 7 1
472 47 1
473 289 1
475 36 1
474 463 1
494 483 1
494 479 1
491 346 1
488 13 1
491 478 1
484 481 1
497 5 1
426 259 0
338 13 0
243 194 0
