998
184 178 0
380 75 0
442 357 0
483 199 0
286 123 0
219 195 0
286 125 0
340 310 0
134 109 0
340 309 0
454 19 0
340 306 0
320 210 0
467 442 0
467 450 0
301 284 0
467 452 0
134 120 0
454 15 0
483 182 0
380 91 0
320 214 0
301 281 0
184 168 0
483 174 0
219 189 0
320 192 0
134 70 0
483 229 0
286 104 0
340 338 0
286 105 0
286 106 0
286 107 0
418 416 0
301 294 0
286 111 0
286 113 0
184 165 0
301 292 0
395 358 0
442 349 0
301 291 0
442 351 0
483 209 0
442 353 0
418 408 0
483 205 0
134 96 0
134 98 0
286 170 0
483 141 0
468 4 0
468 5 0
454 2 0
483 137 0
219 216 0
219 217 0
340 255 0
243 130 0
219 218 0
135 42 0
442 408 0
468 3 0
340 248 0
135 47 0
135 48 0
483 126 0
395 326 0
220 2 0
243 121 0
135 55 0
340 240 0
184 162 0
243 158 0
442 381 0
380 103 0
418 384 0
243 155 0
442 383 0
219 208 0
135 9 0
184 163 0
467 429 0
243 147 0
380 116 0
286 153 0
340 271 0
467 464 0
340 269 0
395 337 0
286 156 0
380 122 0
135 25 0
483 146 0
133 127 0
483 314 0
320 161 0
395 392 0
133 117 0
379 371 0
341 67 0
454 51 0
442 285 0
442 286 0
133 124 0
419 43 0
442 288 0
219 157 0
483 297 0
302 10 0
341 55 0
244 5 0
380 6 0
483 289 0
185 44 0
442 266 0
185 73 0
483 342 0
419 65 0
442 259 0
302 24 0
133 86 0
133 87 0
185 69 0
341 94 0
483 334 0
442 264 0
244 38 0
133 95 0
244 35 0
379 355 0
341 83 0
442 272 0
286 44 0
396 2 0
379 362 0
380 39 0
302 1 0
483 258 0
243 227 0
219 179 0
395 370 0
483 252 0
419 17 0
320 188 0
467 421 0
483 260 0
483 244 0
467 423 0
483 242 0
467 424 0
419 8 0
467 427 0
185 18 0
286 97 0
467 428 0
185 16 0
134 13 0
134 14 0
380 11 0
380 12 0
134 20 0
454 40 0
483 276 0
483 275 0
286 176 0
395 376 0
419 27 0
483 268 0
483 267 0
454 37 0
243 232 0
134 36 0
286 78 0
320 183 0
468 84 0
184 74 0
380 269 0
136 88 0
243 10 0
320 295 0
184 71 0
320 300 0
443 75 0
482 425 0
453 403 0
468 90 0
136 112 0
468 62 0
395 283 0
468 64 0
395 282 0
184 88 0
243 34 0
243 33 0
243 32 0
243 31 0
320 282 0
243 29 0
286 241 0
482 453 0
301 208 0
482 387 0
468 115 0
220 77 0
321 10 0
395 239 0
184 30 0
482 368 0
482 367 0
220 80 0
220 81 0
220 82 0
409 70 0
395 256 0
301 220 0
320 311 0
320 312 0
395 253 0
301 263 0
380 169 0
380 172 0
286 193 0
243 101 0
380 180 0
380 181 0
340 196 0
340 194 0
243 85 0
286 201 0
380 150 0
340 233 0
380 151 0
340 230 0
340 228 0
380 154 0
340 223 0
340 221 0
243 49 0
243 59 0
468 50 0
243 54 0
243 53 0
243 52 0
468 57 0
243 46 0
243 45 0
135 118 0
243 79 0
135 129 0
320 149 0
135 131 0
243 68 0
286 215 0
484 164 0
245 31 0
186 43 0
419 231 0
419 226 0
454 148 0
484 144 0
379 112 0
484 139 0
396 114 0
320 36 0
484 133 0
484 190 0
419 237 0
484 166 0
419 200 0
341 318 0
396 100 0
341 322 0
341 307 0
341 303 0
484 76 0
341 298 0
396 108 0
396 102 0
319 291 0
441 432 0
186 89 0
441 400 0
441 405 0
441 407 0
484 290 0
484 274 0
484 211 0
484 213 0
419 254 0
484 204 0
484 202 0
484 197 0
484 238 0
132 128 0
379 279 0
133 0 0
133 7 0
483 406 0
341 160 0
341 159 0
379 287 0
132 110 0
132 99 0
483 440 0
379 257 0
483 437 0
483 433 0
454 92 0
132 119 0
341 177 0
379 324 0
133 60 0
320 140 0
133 66 0
320 143 0
133 72 0
379 336 0
483 394 0
133 22 0
133 23 0
483 390 0
133 28 0
483 378 0
419 175 0
379 191 0
341 265 0
419 173 0
341 262 0
341 261 0
419 171 0
132 21 0
379 198 0
419 167 0
132 26 0
341 293 0
341 278 0
419 138 0
132 63 0
379 225 0
341 222 0
419 142 0
132 61 0
379 246 0
379 247 0
132 93 0
341 235 0
341 251 0
341 250 0
379 206 0
132 41 0
379 212 0
341 236 0
380 345 0
341 234 0
132 56 0
132 58 0
483 479 0
444 83 0
382 77 0
321 270 0
481 238 0
321 273 0
417 310 0
321 296 0
321 280 0
417 377 0
481 360 0
453 232 0
481 330 0
443 430 0
443 435 0
481 375 0
481 366 0
417 364 0
481 316 0
481 308 0
481 305 0
417 352 0
480 474 0
469 37 0
480 475 0
480 478 0
480 414 0
382 325 0
382 327 0
382 332 0
382 335 0
480 398 0
480 446 0
480 436 0
321 315 0
321 304 0
339 227 0
453 333 0
453 346 0
453 329 0
481 460 0
481 457 0
443 410 0
443 412 0
443 426 0
481 439 0
249 61 0
487 65 0
466 67 0
407 356 0
455 122 0
407 341 0
407 344 0
407 347 0
397 254 0
486 484 0
249 152 0
249 187 0
465 455 0
249 145 0
420 415 0
407 393 0
422 17 0
488 27 0
317 203 0
317 187 0
398 41 0
487 470 0
487 462 0
487 461 0
317 224 0
487 448 0
317 207 0
374 354 0
374 359 0
374 363 0
374 365 0
374 369 0
374 372 0
374 373 0
317 299 0
397 348 0
397 331 0
487 323 0
397 365 0
487 328 0
317 277 0
465 447 0
317 313 0
487 413 0
487 402 0
487 431 0
420 77 0
343 110 0
485 122 0
396 350 0
466 463 0
454 434 0
420 388 0
420 391 0
454 449 0
420 361 0
485 473 0
451 161 0
411 163 0
471 353 0
475 385 0
472 2 0
476 324 0
386 355 0
476 456 0
476 445 0
476 404 0
476 399 0
476 389 0
472 459 0
409 401 0
477 288 0
451 438 0
493 175 0
496 93 0
498 56 0
458 188 0
497 70 0
497 490 0
492 193 0
492 491 0
495 105 0
494 477 0
489 303 0
499 245 0
404 278 1
404 269 1
410 394 1
411 321 1
411 349 1
411 308 1
411 292 1
404 56 1
411 376 1
406 142 1
307 138 1
262 86 1
283 240 1
477 172 1
313 233 1
106 7 1
106 6 1
375 308 1
342 61 1
206 3 1
454 84 1
154 6 1
498 30 1
106 15 1
350 326 1
374 300 1
360 117 1
391 98 1
462 388 1
415 412 1
479 309 1
102 93 1
115 28 1
337 39 1
289 17 1
183 103 1
230 163 1
439 262 1
455 223 1
342 91 1
365 84 1
254 185 1
350 310 1
330 281 1
276 183 1
46 27 1
395 244 1
177 56 1
498 42 1
354 117 1
432 53 1
315 10 1
337 32 1
479 345 1
266 59 1
495 388 1
426 345 1
415 265 1
462 352 1
415 261 1
172 147 1
70 43 1
275 128 1
367 30 1
350 299 1
304 222 1
431 416 1
307 169 1
70 37 1
477 473 1
245 140 1
329 239 1
375 29 1
415 393 1
313 287 1
229 167 1
103 8 1
47 43 1
498 90 1
415 356 1
329 229 1
454 254 1
300 199 1
239 216 1
330 265 1
408 32 1
283 254 1
454 105 1
498 50 1
376 51 1
70 55 1
266 76 1
448 166 1
391 120 1
481 428 1
173 133 1
177 62 1
391 191 1
46 8 1
216 80 1
245 153 1
288 270 1
350 275 1
364 0 1
173 139 1
425 92 1
447 193 1
307 26 1
425 144 1
482 9 1
375 236 1
265 210 1
354 179 1
276 274 1
479 274 1
470 417 1
484 371 1
88 28 1
106 35 1
289 123 1
495 364 1
97 26 1
375 168 1
477 47 1
484 407 1
407 35 1
395 164 1
473 320 1
364 297 1
392 127 1
477 81 1
495 459 1
375 69 1
392 122 1
115 16 1
431 385 1
139 13 1
455 108 1
314 10 1
104 81 1
314 12 1
181 131 1
422 89 1
498 162 1
403 383 1
97 19 1
439 268 1
375 224 1
239 145 1
420 62 1
478 41 1
163 159 1
206 25 1
303 13 1
266 160 1
375 137 1
342 71 1
470 436 1
462 22 1
342 74 1
249 224 1
358 320 1
206 20 1
342 82 1
277 30 1
330 114 1
495 359 1
307 200 1
344 44 1
498 135 1
458 86 1
106 79 1
498 95 1
230 54 1
344 57 1
425 129 1
479 301 1
392 103 1
281 77 1
230 75 1
447 215 1
405 53 1
375 321 1
336 164 1
441 83 1
351 294 1
104 36 1
305 52 1
423 164 1
447 408 1
458 235 1
465 329 1
245 107 1
420 414 1
286 51 1
315 38 1
205 86 1
214 211 1
214 160 1
286 249 1
286 251 1
498 368 1
396 98 1
465 219 1
378 3 1
441 64 1
175 13 1
488 386 1
126 35 1
208 194 1
396 52 1
319 108 1
480 13 1
369 365 1
373 87 1
489 336 1
420 269 1
334 115 1
209 143 1
353 299 1
435 204 1
467 123 1
431 240 1
493 8 1
435 207 1
209 149 1
420 278 1
351 193 1
363 179 1
342 341 1
208 139 1
404 56 1
227 38 1
441 131 1
353 44 1
63 58 1
411 292 1
458 156 1
178 58 1
498 434 1
311 214 1
111 88 1
366 289 1
275 124 1
490 324 1
102 14 1
313 252 1
187 99 1
182 148 1
313 259 1
435 142 1
391 226 1
391 260 1
313 293 1
473 424 1
400 129 1
245 190 1
304 169 1
439 213 1
481 415 1
245 187 1
230 45 1
275 67 1
435 134 1
209 2 1
396 9 1
226 195 1
342 24 1
226 198 1
174 171 1
477 457 1
391 253 1
350 279 1
286 196 1
401 384 1
463 298 1
182 111 1
435 94 1
219 48 1
463 419 1
401 344 1
467 248 1
401 346 1
476 56 1
453 125 1
123 4 1
421 318 1
463 378 1
161 41 1
463 387 1
371 247 1
414 212 1
463 78 1
256 88 1
422 49 1
485 33 1
485 31 1
478 445 1
257 139 1
486 308 1
136 109 1
374 93 1
218 112 1
442 177 1
351 125 1
266 232 1
466 9 1
298 116 1
328 237 1
371 141 1
255 201 1
499 76 1
429 404 1
255 192 1
136 89 1
485 243 1
282 246 1
142 60 1
422 18 1
307 288 1
321 292 1
343 231 1
234 176 1
321 285 1
470 469 1
403 153 1
499 241 1
216 72 1
361 192 1
88 68 1
430 399 1
186 108 1
242 225 1
485 1 1
444 238 1
267 30 1
343 318 1
149 119 1
371 130 1
255 166 1
460 433 1
295 282 1
343 228 1
322 2 1
499 438 1
410 181 1
282 189 1
460 449 1
485 21 1
497 300 1
480 440 1
85 66 1
439 333 1
462 96 1
484 250 1
430 113 1
470 446 1
374 118 1
462 121 1
402 189 1
284 85 1
361 258 1
361 264 1
391 372 1
335 296 1
462 158 1
203 61 1
461 63 1
338 227 1
361 340 1
161 157 1
354 152 1
343 151 1
460 413 1
355 257 1
233 132 1
284 34 1
499 483 1
316 227 1
218 110 1
485 170 1
284 23 1
374 155 1
302 272 1
421 73 1
284 5 1
447 362 1
370 339 1
413 217 1
464 333 1
405 379 1
491 48 1
357 163 1
413 218 1
488 40 1
492 345 1
327 184 1
377 316 1
306 193 1
209 197 1
397 255 1
179 53 1
202 141 1
492 380 1
474 167 1
100 40 1
180 25 1
488 165 1
409 65 1
409 58 1
327 230 1
410 394 1
390 60 1
319 296 1
176 136 1
171 34 1
389 334 1
394 237 1
389 317 1
418 370 1
485 417 1
272 178 1
188 64 1
437 189 1
325 19 1
108 11 1
291 75 1
245 225 1
290 246 1
186 146 1
376 349 1
487 423 1
471 113 1
398 189 1
332 19 1
233 150 1
273 2 1
451 376 1
271 123 1
263 144 1
437 347 1
342 238 1
284 220 1
472 435 1
490 87 1
263 101 1
280 234 1
331 157 1
331 221 1
406 60 1
468 381 1
323 300 1
456 166 1
312 270 1
494 233 1
370 233 1
497 450 1
497 452 1
427 131 1
475 257 1
443 252 1
381 119 1
496 131 1
348 169 1
382 85 1
337 13 0
322 83 0
469 82 0
337 161 0
469 81 0
444 322 0
469 80 0
221 181 0
444 318 0
417 122 0
322 159 0
383 125 0
383 123 0
289 126 0
480 207 0
337 14 0
145 132 0
300 192 0
444 432 0
145 128 0
337 20 0
383 113 0
383 111 0
480 224 0
144 127 0
382 350 0
480 385 0
144 76 0
444 307 0
409 312 0
239 120 0
444 393 0
394 244 0
145 110 0
145 56 0
480 277 0
453 49 0
289 146 0
336 324 0
394 205 0
181 12 0
469 100 0
239 96 0
444 347 0
