998
313 312 0
361 360 0
75 74 0
345 344 0
161 160 0
461 460 0
73 72 0
191 190 0
239 238 0
297 296 0
401 400 0
71 70 0
163 162 0
69 68 0
259 258 0
261 260 0
189 188 0
389 388 0
67 66 0
427 426 0
359 358 0
241 240 0
437 436 0
65 64 0
347 346 0
471 470 0
165 164 0
299 298 0
495 494 0
63 62 0
157 156 0
197 196 0
385 384 0
87 86 0
155 154 0
317 316 0
85 84 0
363 362 0
459 458 0
235 234 0
343 342 0
83 82 0
195 194 0
263 262 0
403 402 0
187 186 0
81 80 0
295 294 0
237 236 0
79 78 0
425 424 0
193 192 0
159 158 0
387 386 0
439 438 0
473 472 0
493 492 0
315 314 0
77 76 0
393 392 0
497 496 0
397 396 0
43 42 0
41 40 0
253 252 0
303 302 0
465 464 0
39 38 0
181 180 0
355 354 0
351 350 0
173 172 0
247 246 0
37 36 0
45 44 0
35 34 0
33 32 0
31 30 0
431 430 0
307 306 0
29 28 0
433 432 0
179 178 0
27 26 0
175 174 0
251 250 0
25 24 0
23 22 0
53 52 0
61 60 0
257 256 0
399 398 0
59 58 0
463 462 0
167 166 0
311 310 0
243 242 0
57 56 0
55 54 0
185 184 0
391 390 0
357 356 0
301 300 0
293 292 0
349 348 0
169 168 0
429 428 0
255 254 0
51 50 0
435 434 0
49 48 0
245 244 0
183 182 0
469 468 0
47 46 0
309 308 0
171 170 0
137 136 0
117 116 0
221 220 0
283 282 0
411 410 0
211 210 0
275 274 0
135 134 0
115 114 0
447 446 0
371 370 0
417 416 0
453 452 0
113 112 0
223 222 0
333 332 0
209 208 0
325 324 0
285 284 0
335 334 0
111 110 0
379 378 0
273 272 0
139 138 0
109 108 0
479 478 0
487 486 0
409 408 0
225 224 0
451 450 0
483 482 0
125 124 0
279 278 0
375 374 0
217 216 0
127 126 0
215 214 0
413 412 0
123 122 0
329 328 0
331 330 0
449 448 0
129 128 0
281 280 0
207 206 0
121 120 0
415 414 0
373 372 0
219 218 0
277 276 0
213 212 0
131 130 0
119 118 0
377 376 0
481 480 0
485 484 0
133 132 0
327 326 0
151 150 0
339 338 0
443 442 0
421 420 0
97 96 0
201 200 0
149 148 0
383 382 0
457 456 0
231 230 0
95 94 0
267 266 0
291 290 0
365 364 0
93 92 0
99 98 0
319 318 0
405 404 0
199 198 0
341 340 0
91 90 0
233 232 0
475 474 0
153 152 0
491 490 0
265 264 0
89 88 0
423 422 0
441 440 0
381 380 0
369 368 0
141 140 0
107 106 0
445 444 0
287 286 0
419 418 0
271 270 0
323 322 0
337 336 0
105 104 0
143 142 0
205 204 0
455 454 0
227 226 0
499 498 0
103 102 0
145 144 0
101 100 0
407 406 0
367 366 0
203 202 0
269 268 0
289 288 0
229 228 0
477 476 0
489 488 0
321 320 0
147 146 0
395 394 0
13 12 0
305 304 0
15 14 0
177 176 0
353 352 0
11 10 0
7 6 0
5 4 0
9 8 0
1 0 0
17 16 0
21 20 0
19 18 0
3 2 0
467 466 0
249 248 0
408 407 1
406 405 1
412 411 1
410 409 1
398 397 1
396 395 1
404 403 1
400 399 1
402 401 1
426 425 1
424 423 1
430 429 1
432 431 1
428 427 1
418 417 1
414 413 1
416 415 1
422 421 1
420 419 1
368 367 1
364 363 1
366 365 1
372 371 1
374 373 1
370 369 1
356 355 1
358 357 1
354 353 1
362 361 1
360 359 1
388 387 1
386 385 1
394 393 1
390 389 1
392 391 1
378 377 1
376 375 1
384 383 1
380 379 1
382 381 1
478 477 1
476 475 1
482 481 1
480 479 1
470 469 1
468 467 1
474 473 1
472 471 1
494 493 1
492 491 1
498 497 1
496 495 1
486 485 1
484 483 1
490 489 1
488 487 1
444 443 1
442 441 1
448 447 1
446 445 1
436 435 1
434 433 1
440 439 1
438 437 1
462 461 1
460 459 1
466 465 1
464 463 1
452 451 1
454 453 1
450 449 1
458 457 1
456 455 1
204 203 1
206 205 1
198 197 1
202 201 1
200 199 1
212 211 1
216 215 1
214 213 1
208 207 1
210 209 1
184 183 1
182 181 1
186 185 1
178 177 1
180 179 1
194 193 1
196 195 1
188 187 1
192 191 1
190 189 1
238 237 1
240 239 1
234 233 1
236 235 1
246 245 1
248 247 1
242 241 1
244 243 1
222 221 1
224 223 1
218 217 1
220 219 1
230 229 1
232 231 1
226 225 1
228 227 1
102 101 1
100 99 1
106 105 1
108 107 1
104 103 1
92 91 1
90 89 1
98 97 1
94 93 1
96 95 1
120 119 1
118 117 1
124 123 1
122 121 1
112 111 1
110 109 1
116 115 1
114 113 1
50 49 1
54 53 1
52 51 1
46 45 1
48 47 1
60 59 1
62 61 1
56 55 1
58 57 1
26 25 1
24 23 1
30 29 1
28 27 1
12 11 1
14 13 1
6 5 1
4 3 1
2 1 1
10 9 1
8 7 1
20 19 1
22 21 1
16 15 1
18 17 1
40 39 1
44 43 1
42 41 1
34 33 1
32 31 1
38 37 1
36 35 1
80 79 1
82 81 1
78 77 1
86 85 1
88 87 1
84 83 1
68 67 1
64 63 1
66 65 1
74 73 1
76 75 1
70 69 1
72 71 1
162 161 1
160 159 1
164 163 1
154 153 1
158 157 1
156 155 1
172 171 1
176 175 1
174 173 1
168 167 1
166 165 1
170 169 1
134 133 1
138 137 1
136 135 1
128 127 1
126 125 1
132 131 1
130 129 1
148 147 1
152 151 1
150 149 1
142 141 1
140 139 1
146 145 1
144 143 1
322 321 1
324 323 1
320 319 1
328 327 1
330 329 1
326 325 1
310 309 1
306 305 1
308 307 1
316 315 1
318 317 1
312 311 1
314 313 1
346 345 1
342 341 1
344 343 1
352 351 1
348 347 1
350 349 1
334 333 1
332 331 1
336 335 1
340 339 1
338 337 1
270 269 1
266 265 1
268 267 1
276 275 1
278 277 1
272 271 1
274 273 1
254 253 1
256 255 1
250 249 1
252 251 1
262 261 1
264 263 1
258 257 1
260 259 1
296 295 1
298 297 1
294 293 1
304 303 1
300 299 1
302 301 1
284 283 1
280 279 1
282 281 1
290 289 1
292 291 1
286 285 1
288 287 1
244 243 1
270 269 1
52 51 1
200 199 1
158 157 1
412 411 1
484 483 1
94 93 1
442 441 1
326 325 1
262 261 1
402 401 1
414 413 1
316 315 1
30 29 1
248 247 1
274 273 1
128 127 1
6 5 1
202 201 1
204 203 1
112 111 1
480 479 1
40 39 1
100 99 1
416 415 1
330 329 1
42 41 1
118 117 1
300 299 1
212 211 1
498 497 1
88 87 1
446 445 1
14 13 1
132 131 1
410 409 1
482 481 1
4 3 1
120 119 1
96 95 1
448 447 1
336 335 1
48 47 1
418 417 1
24 23 1
190 189 1
216 215 1
54 53 1
130 129 1
396 395 1
468 467 1
198 197 1
176 175 1
444 443 1
392 391 1
2 1 1
494 493 1
66 65 1
288 287 1
250 249 1
18 17 1
398 397 1
478 477 1
280 279 1
466 465 1
320 319 1
34 33 1
350 349 1
476 475 1
362 361 1
424 423 1
258 257 1
334 333 1
184 183 1
460 459 1
368 367 1
152 151 1
470 469 1
86 85 1
284 283 1
404 403 1
324 323 1
364 363 1
268 267 1
378 377 1
264 263 1
340 339 1
124 123 1
12 11 1
170 169 1
294 293 1
342 341 1
306 305 1
496 495 1
458 457 1
98 97 1
486 485 1
138 137 1
432 431 1
292 291 1
354 353 1
218 217 1
74 73 1
390 389 1
192 191 1
68 67 1
282 281 1
318 317 1
302 301 1
430 429 1
434 433 1
356 355 1
162 161 1
76 75 1
242 241 1
240 239 1
304 303 1
46 45 1
492 491 1
116 115 1
380 379 1
146 145 1
220 219 1
62 61 1
346 345 1
298 297 1
246 245 1
126 125 1
80 79 1
214 213 1
490 489 1
28 27 1
104 103 1
168 167 1
182 181 1
296 295 1
142 141 1
56 55 1
44 43 1
454 453 1
456 455 1
344 343 1
236 235 1
166 165 1
382 381 1
148 147 1
238 237 1
372 371 1
82 81 1
72 71 1
474 473 1
92 91 1
314 313 1
70 69 1
222 221 1
172 171 1
186 185 1
352 351 1
136 135 1
84 83 1
260 259 1
370 369 1
26 25 1
438 437 1
400 399 1
408 407 1
180 179 1
226 225 1
164 163 1
272 271 1
32 31 1
228 227 1
310 309 1
290 289 1
472 471 1
276 275 1
376 375 1
122 121 1
114 113 1
348 347 1
420 419 1
140 139 1
206 205 1
436 435 1
328 327 1
374 373 1
450 449 1
230 229 1
208 207 1
266 265 1
106 105 1
312 311 1
8 7 1
358 357 1
464 463 1
440 439 1
278 277 1
150 149 1
90 89 1
194 193 1
386 385 1
224 223 1
406 405 1
462 461 1
426 425 1
332 331 1
488 487 1
286 285 1
102 101 1
232 231 1
234 233 1
58 57 1
256 255 1
174 173 1
394 393 1
22 21 1
10 9 1
160 159 1
20 19 1
144 143 1
78 77 1
388 387 1
308 307 1
108 107 1
196 195 1
360 359 1
452 451 1
16 15 1
50 49 1
428 427 1
154 153 1
60 59 1
338 337 1
254 253 1
322 321 1
64 63 1
178 177 1
188 187 1
38 37 1
422 421 1
252 251 1
384 383 1
366 365 1
134 133 1
110 109 1
210 209 1
156 155 1
36 35 1
249 248 0
467 466 0
3 2 0
19 18 0
21 20 0
17 16 0
1 0 0
33 32 0
399 398 0
257 256 0
61 60 0
53 52 0
23 22 0
25 24 0
251 250 0
175 174 0
27 26 0
179 178 0
433 432 0
29 28 0
307 306 0
431 430 0
31 30 0
59 58 0
35 34 0
45 44 0
37 36 0
247 246 0
173 172 0
351 350 0
355 354 0
181 180 0
39 38 0
465 464 0
303 302 0
253 252 0
41 40 0
43 42 0
255 254 0
411 410 0
283 282 0
221 220 0
117 116 0
137 136 0
171 170 0
309 308 0
47 46 0
469 468 0
183 182 0
245 244 0
49 48 0
435 434 0
51 50 0
397 396 0
429 428 0
169 168 0
349 348 0
293 292 0
301 300 0
357 356 0
391 390 0
185 184 0
55 54 0
57 56 0
243 242 0
311 310 0
167 166 0
463 462 0
261 260 0
157 156 0
63 62 0
495 494 0
299 298 0
165 164 0
471 470 0
347 346 0
65 64 0
437 436 0
241 240 0
359 358 0
427 426 0
67 66 0
389 388 0
189 188 0
197 196 0
259 258 0
69 68 0
163 162 0
71 70 0
401 400 0
297 296 0
239 238 0
191 190 0
73 72 0
461 460 0
161 160 0
345 344 0
75 74 0
361 360 0
81 80 0
497 496 0
393 392 0
77 76 0
315 314 0
493 492 0
473 472 0
439 438 0
387 386 0
159 158 0
193 192 0
425 424 0
79 78 0
237 236 0
295 294 0
211 210 0
187 186 0
403 402 0
263 262 0
195 194 0
83 82 0
343 342 0
235 234 0
459 458 0
363 362 0
85 84 0
317 316 0
155 154 0
87 86 0
385 384 0
475 474 0
323 322 0
271 270 0
419 418 0
287 286 0
445 444 0
107 106 0
141 140 0
369 368 0
381 380 0
441 440 0
423 422 0
89 88 0
265 264 0
491 490 0
153 152 0
337 336 0
233 232 0
91 90 0
341 340 0
199 198 0
405 404 0
319 318 0
99 98 0
93 92 0
365 364 0
291 290 0
267 266 0
95 94 0
231 230 0
457 456 0
229 228 0
9 8 0
5 4 0
7 6 0
11 10 0
353 352 0
177 176 0
15 14 0
305 304 0
13 12 0
395 394 0
147 146 0
321 320 0
489 488 0
477 476 0
383 382 0
289 288 0
269 268 0
203 202 0
367 366 0
407 406 0
101 100 0
145 144 0
103 102 0
499 498 0
227 226 0
455 454 0
205 204 0
143 142 0
105 104 0
111 110 0
217 216 0
375 374 0
279 278 0
125 124 0
483 482 0
451 450 0
225 224 0
409 408 0
487 486 0
479 478 0
109 108 0
139 138 0
273 272 0
379 378 0
127 126 0
335 334 0
285 284 0
325 324 0
209 208 0
333 332 0
223 222 0
113 112 0
453 452 0
417 416 0
371 370 0
447 446 0
115 114 0
135 134 0
275 274 0
213 212 0
149 148 0
201 200 0
97 96 0
421 420 0
443 442 0
339 338 0
151 150 0
327 326 0
133 132 0
485 484 0
481 480 0
377 376 0
119 118 0
131 130 0
277 276 0
219 218 0
373 372 0
415 414 0
121 120 0
207 206 0
281 280 0
129 128 0
449 448 0
331 330 0
329 328 0
123 122 0
413 412 0
215 214 0
313 312 0
