998
405 1 0
405 15 0
405 14 0
405 13 0
405 12 0
405 11 0
405 10 0
405 9 0
405 8 0
405 7 0
405 6 0
405 5 0
405 4 0
405 3 0
405 2 0
405 16 0
405 0 0
404 403 0
404 402 0
404 400 0
404 399 0
404 398 0
404 397 0
404 396 0
404 395 0
404 394 0
404 393 0
404 392 0
404 391 0
404 390 0
405 31 0
405 45 0
405 44 0
405 43 0
405 42 0
405 41 0
405 40 0
405 39 0
405 38 0
405 37 0
405 36 0
405 35 0
405 34 0
405 33 0
405 32 0
404 389 0
405 30 0
405 29 0
405 28 0
405 27 0
405 26 0
405 25 0
405 24 0
405 23 0
405 22 0
405 21 0
405 20 0
405 19 0
405 18 0
405 17 0
404 344 0
404 359 0
404 358 0
404 357 0
404 356 0
404 355 0
404 354 0
404 353 0
404 352 0
404 351 0
404 350 0
404 349 0
404 348 0
404 347 0
404 345 0
404 360 0
404 343 0
404 342 0
404 341 0
404 340 0
404 339 0
404 338 0
404 337 0
404 336 0
404 335 0
404 334 0
404 333 0
404 332 0
404 331 0
404 329 0
404 374 0
404 388 0
404 387 0
404 386 0
404 385 0
404 384 0
404 383 0
404 382 0
404 381 0
404 380 0
404 379 0
404 378 0
404 377 0
404 376 0
404 375 0
405 46 0
404 373 0
404 372 0
404 371 0
404 370 0
404 369 0
404 368 0
404 367 0
404 366 0
404 365 0
404 364 0
404 363 0
404 362 0
404 361 0
405 121 0
405 135 0
405 134 0
405 133 0
405 132 0
405 131 0
405 130 0
405 129 0
405 128 0
405 127 0
405 126 0
405 125 0
405 124 0
405 123 0
405 122 0
405 136 0
405 120 0
405 119 0
405 118 0
405 117 0
405 116 0
405 115 0
405 114 0
405 113 0
405 112 0
405 111 0
405 110 0
405 109 0
405 108 0
405 107 0
405 150 0
405 164 0
405 163 0
405 162 0
405 161 0
405 160 0
405 159 0
405 158 0
405 157 0
405 156 0
405 155 0
405 154 0
405 153 0
405 152 0
405 151 0
405 106 0
405 149 0
405 148 0
405 147 0
405 146 0
405 145 0
405 144 0
405 143 0
405 142 0
405 141 0
405 140 0
405 139 0
405 138 0
405 137 0
405 61 0
405 75 0
405 74 0
405 73 0
405 72 0
405 71 0
405 70 0
405 69 0
405 68 0
405 67 0
405 66 0
405 65 0
405 64 0
405 63 0
405 62 0
405 76 0
405 60 0
405 59 0
405 58 0
405 57 0
405 56 0
405 55 0
405 54 0
405 53 0
405 52 0
405 51 0
405 50 0
405 49 0
405 48 0
405 47 0
405 90 0
405 105 0
405 104 0
405 103 0
405 102 0
405 101 0
405 100 0
405 99 0
405 98 0
405 97 0
405 96 0
405 95 0
405 94 0
405 93 0
405 92 0
404 328 0
405 89 0
405 88 0
405 87 0
405 86 0
405 85 0
405 84 0
405 83 0
405 82 0
405 81 0
405 80 0
405 79 0
405 78 0
405 77 0
404 158 0
404 174 0
404 172 0
404 171 0
404 170 0
404 169 0
404 168 0
404 166 0
404 165 0
404 175 0
404 190 0
404 204 0
404 203 0
404 202 0
404 201 0
404 200 0
404 199 0
404 198 0
404 197 0
404 196 0
404 195 0
404 194 0
404 193 0
404 192 0
404 191 0
404 189 0
404 188 0
404 187 0
404 186 0
404 185 0
404 184 0
404 183 0
404 182 0
404 181 0
404 180 0
404 179 0
404 178 0
404 177 0
404 176 0
404 205 0
404 284 0
404 298 0
404 297 0
404 296 0
404 295 0
404 294 0
404 293 0
404 292 0
404 291 0
404 290 0
404 289 0
404 288 0
404 287 0
404 286 0
404 285 0
404 299 0
404 283 0
404 282 0
404 281 0
404 279 0
404 278 0
404 277 0
404 276 0
404 274 0
404 273 0
404 272 0
404 271 0
404 270 0
404 269 0
404 268 0
404 313 0
404 327 0
404 326 0
404 325 0
404 324 0
404 323 0
404 322 0
404 321 0
404 320 0
404 319 0
404 318 0
404 317 0
404 316 0
404 315 0
404 314 0
404 267 0
404 312 0
404 311 0
404 310 0
404 309 0
404 308 0
404 307 0
404 306 0
404 305 0
404 304 0
404 303 0
404 302 0
404 301 0
404 300 0
404 221 0
404 235 0
404 234 0
404 233 0
404 232 0
404 231 0
404 230 0
404 229 0
404 228 0
404 227 0
404 226 0
404 225 0
404 224 0
404 223 0
404 222 0
404 236 0
404 220 0
404 219 0
404 218 0
404 217 0
404 216 0
404 214 0
404 213 0
404 212 0
404 211 0
404 210 0
404 209 0
404 208 0
404 207 0
404 206 0
404 252 0
404 266 0
404 265 0
404 264 0
404 263 0
404 262 0
404 261 0
404 260 0
404 259 0
404 258 0
404 257 0
404 256 0
404 255 0
404 254 0
404 253 0
404 250 0
404 249 0
404 248 0
404 247 0
404 246 0
404 245 0
404 244 0
404 243 0
404 241 0
404 240 0
404 239 0
404 238 0
404 237 0
406 81 0
409 322 0
410 35 0
409 408 0
409 407 0
411 5 0
424 345 0
425 43 0
424 422 0
424 421 0
424 420 0
424 419 0
424 418 0
424 417 0
424 416 0
424 415 0
424 413 0
424 412 0
424 423 0
426 0 0
429 162 0
428 350 0
428 427 0
430 222 0
476 337 0
476 459 0
476 473 0
476 472 0
476 471 0
476 470 0
476 469 0
476 468 0
476 467 0
476 466 0
476 465 0
476 464 0
476 463 0
476 462 0
476 461 0
476 460 0
476 474 0
476 458 0
476 457 0
476 456 0
476 455 0
476 454 0
476 453 0
476 452 0
476 451 0
476 450 0
476 449 0
476 448 0
476 447 0
476 446 0
476 445 0
477 12 0
476 444 0
476 475 0
476 443 0
476 442 0
476 441 0
476 440 0
476 439 0
476 438 0
476 437 0
476 436 0
476 435 0
476 434 0
476 433 0
476 432 0
476 431 0
478 6 0
481 370 0
482 11 0
481 480 0
483 16 0
479 167 0
494 373 0
495 2 0
494 493 0
494 491 0
494 490 0
494 489 0
494 488 0
494 487 0
494 486 0
494 485 0
494 484 0
496 9 0
498 341 0
499 10 0
498 497 0
185 91 1
280 257 1
185 173 1
393 167 1
298 275 1
499 414 1
397 215 1
340 242 1
348 251 1
475 401 1
393 330 1
407 346 1
494 492 1
28 11 1
13 0 1
13 1 1
13 2 1
13 3 1
13 4 1
13 5 1
13 6 1
13 7 1
13 8 1
13 9 1
13 10 1
12 8 1
28 9 1
28 14 1
28 15 1
28 16 1
28 17 1
28 18 1
28 19 1
28 20 1
28 21 1
22 6 1
28 23 1
28 24 1
28 25 1
28 26 1
30 13 1
27 24 1
29 9 1
56 34 1
56 35 1
56 36 1
56 38 1
56 40 1
56 41 1
56 42 1
56 43 1
56 44 1
56 45 1
56 46 1
44 3 1
56 48 1
56 31 1
56 32 1
56 33 1
57 38 1
57 47 1
57 49 1
57 51 1
56 50 1
56 52 1
56 53 1
56 54 1
56 55 1
62 8 1
114 70 1
114 55 1
114 58 1
114 59 1
114 61 1
114 63 1
114 64 1
114 66 1
114 67 1
114 68 1
114 69 1
114 71 1
114 72 1
114 73 1
114 74 1
114 76 1
114 77 1
114 78 1
114 79 1
114 65 1
113 94 1
113 79 1
113 80 1
113 81 1
113 82 1
113 83 1
113 84 1
113 85 1
113 86 1
113 87 1
113 88 1
113 105 1
113 90 1
113 92 1
113 93 1
113 95 1
113 96 1
113 97 1
113 98 1
113 99 1
113 100 1
113 101 1
113 102 1
113 103 1
113 104 1
113 89 1
112 105 1
112 106 1
112 107 1
112 108 1
112 109 1
112 110 1
112 111 1
160 97 1
124 93 1
161 53 1
160 137 1
160 127 1
160 128 1
160 130 1
160 131 1
160 132 1
160 133 1
160 134 1
160 135 1
160 136 1
160 122 1
160 126 1
160 115 1
160 116 1
160 117 1
160 118 1
160 119 1
160 120 1
160 121 1
160 123 1
160 125 1
230 6 1
230 172 1
230 174 1
230 175 1
230 176 1
230 177 1
230 178 1
230 179 1
230 180 1
230 181 1
230 182 1
230 166 1
230 171 1
230 156 1
230 203 1
230 204 1
230 205 1
230 206 1
230 207 1
230 208 1
230 209 1
230 210 1
230 211 1
230 197 1
230 152 1
230 153 1
230 154 1
230 155 1
230 157 1
230 158 1
230 159 1
230 162 1
230 163 1
230 164 1
230 165 1
230 183 1
230 168 1
230 169 1
230 170 1
230 202 1
228 205 1
228 212 1
228 213 1
228 214 1
228 216 1
228 217 1
230 138 1
230 139 1
228 189 1
177 140 1
228 219 1
228 220 1
228 221 1
228 222 1
228 223 1
228 224 1
228 225 1
228 226 1
228 227 1
228 188 1
228 190 1
228 191 1
228 193 1
228 194 1
228 195 1
228 196 1
228 198 1
228 199 1
228 200 1
228 201 1
228 218 1
230 187 1
230 184 1
230 185 1
230 186 1
230 151 1
230 141 1
230 142 1
230 143 1
230 144 1
230 145 1
230 146 1
230 147 1
230 148 1
230 150 1
315 155 1
246 118 1
316 290 1
316 273 1
316 274 1
316 276 1
316 277 1
316 278 1
316 279 1
316 281 1
316 297 1
316 283 1
316 284 1
316 286 1
316 287 1
316 288 1
316 289 1
316 272 1
316 292 1
316 294 1
316 295 1
316 296 1
316 282 1
317 41 1
316 303 1
316 304 1
316 305 1
316 306 1
316 307 1
316 308 1
316 310 1
316 312 1
316 313 1
316 315 1
316 311 1
316 266 1
316 267 1
316 268 1
316 269 1
316 270 1
316 271 1
316 302 1
316 265 1
316 298 1
316 299 1
316 300 1
316 301 1
315 240 1
315 247 1
315 232 1
315 233 1
315 234 1
315 235 1
315 236 1
315 237 1
315 238 1
315 239 1
315 241 1
315 243 1
315 244 1
315 245 1
315 231 1
315 257 1
315 258 1
315 259 1
315 260 1
315 261 1
315 263 1
315 264 1
315 256 1
315 262 1
315 248 1
315 249 1
315 250 1
315 252 1
315 253 1
315 254 1
315 255 1
453 32 1
452 443 1
452 444 1
452 445 1
452 446 1
452 447 1
452 448 1
452 449 1
452 450 1
452 451 1
454 352 1
454 353 1
454 354 1
454 356 1
454 357 1
454 342 1
454 351 1
454 23 1
454 335 1
454 382 1
454 383 1
454 384 1
454 385 1
454 386 1
454 387 1
454 373 1
454 327 1
454 328 1
454 329 1
454 331 1
454 332 1
454 333 1
454 334 1
454 337 1
454 338 1
454 339 1
454 340 1
454 341 1
454 358 1
454 343 1
454 344 1
454 345 1
454 347 1
454 348 1
454 349 1
454 350 1
453 434 1
453 419 1
453 420 1
453 421 1
453 422 1
453 423 1
453 424 1
453 425 1
453 426 1
453 427 1
453 428 1
453 429 1
453 431 1
453 447 1
453 433 1
453 435 1
453 437 1
453 438 1
453 439 1
453 440 1
453 441 1
453 442 1
453 432 1
453 418 1
453 325 1
453 326 1
453 388 1
453 389 1
453 390 1
453 391 1
453 392 1
453 393 1
453 394 1
453 395 1
453 396 1
453 397 1
453 398 1
453 399 1
453 403 1
453 404 1
453 406 1
453 407 1
453 408 1
453 409 1
453 410 1
453 411 1
453 412 1
453 413 1
453 415 1
453 416 1
453 417 1
453 359 1
453 360 1
453 361 1
453 362 1
453 363 1
453 364 1
453 365 1
453 366 1
453 367 1
453 368 1
453 369 1
453 370 1
453 372 1
454 381 1
453 374 1
453 375 1
453 376 1
453 377 1
453 378 1
453 379 1
453 380 1
453 371 1
455 14 1
454 319 1
454 320 1
454 321 1
454 322 1
454 323 1
454 324 1
414 269 1
272 251 1
312 173 1
441 330 1
227 91 1
483 479 1
414 280 1
327 215 1
471 346 1
441 346 1
413 167 1
403 242 1
413 401 1
482 346 1
414 275 1
483 280 1
469 346 1
487 91 1
472 242 1
484 215 1
485 215 1
481 280 1
486 330 1
470 91 1
473 91 1
459 91 1
477 215 1
463 167 1
461 401 1
475 91 1
496 91 1
498 346 1
460 280 1
488 401 1
468 414 1
480 479 1
491 346 1
489 479 1
492 166 1
467 414 1
490 91 1
456 91 1
466 251 1
479 465 1
479 464 1
479 462 1
479 478 1
479 476 1
479 474 1
479 458 1
479 457 1
494 479 1
499 346 1
493 91 1
495 330 1
436 318 1
285 138 0
405 137 0
129 114 0
467 318 0
400 266 0
378 192 0
459 75 0
406 37 0
457 60 0
464 293 0
464 291 0
406 355 0
396 314 0
459 149 0
480 430 0
406 39 0
464 229 0
321 309 0
467 336 0
404 402 0
497 2 0
