998
327 17 0
327 26 0
315 26 0
411 87 0
417 402 0
74 35 0
227 45 0
315 32 0
122 64 0
327 20 0
411 83 0
495 12 0
315 37 0
315 38 0
495 8 0
411 89 0
147 49 0
315 43 0
402 215 0
327 15 0
494 493 0
327 11 0
74 59 0
315 50 0
327 10 0
427 368 0
315 52 0
471 109 0
411 77 0
315 3 0
417 380 0
227 22 0
495 58 0
495 57 0
495 56 0
73 71 0
73 72 0
495 53 0
315 0 0
315 1 0
315 2 0
172 123 0
172 68 0
315 4 0
315 5 0
427 415 0
315 7 0
411 96 0
227 34 0
172 103 0
121 116 0
411 52 0
315 106 0
494 423 0
315 116 0
363 86 0
195 186 0
402 277 0
427 294 0
289 227 0
315 129 0
315 132 0
315 133 0
494 397 0
171 156 0
402 290 0
315 139 0
171 151 0
315 145 0
147 70 0
74 69 0
427 354 0
411 73 0
402 236 0
495 67 0
402 240 0
402 247 0
289 193 0
279 100 0
471 150 0
427 322 0
448 45 0
263 104 0
302 52 0
173 42 0
417 328 0
279 209 0
173 25 0
226 198 0
226 199 0
146 128 0
226 169 0
437 424 0
402 95 0
263 79 0
226 166 0
263 88 0
417 313 0
495 163 0
263 98 0
226 176 0
495 95 0
289 141 0
417 365 0
417 367 0
495 78 0
417 372 0
417 377 0
169 106 0
426 343 0
391 214 0
403 223 0
212 23 0
426 308 0
472 97 0
426 285 0
197 179 0
82 13 0
472 125 0
149 31 0
471 371 0
427 74 0
391 341 0
363 353 0
79 60 0
278 134 0
447 134 0
494 104 0
426 413 0
149 44 0
439 153 0
300 152 0
472 61 0
212 46 0
419 2 0
291 2 0
472 142 0
478 253 0
427 218 0
494 329 0
171 91 0
171 85 0
494 304 0
363 124 0
171 138 0
279 40 0
171 117 0
315 282 0
315 262 0
196 137 0
427 154 0
427 108 0
315 305 0
301 9 0
427 184 0
315 235 0
494 280 0
494 273 0
213 36 0
315 249 0
315 250 0
437 8 0
448 312 0
393 312 0
411 319 0
65 14 0
65 16 0
376 7 0
480 14 0
463 45 0
453 405 0
66 27 0
65 54 0
436 289 0
394 46 0
416 411 0
448 441 0
281 33 0
261 28 0
126 105 0
448 356 0
453 344 0
361 82 0
361 90 0
146 65 0
194 91 0
314 122 0
470 201 0
470 207 0
420 315 0
488 218 0
293 36 0
456 248 0
269 239 0
270 187 0
491 114 0
476 467 0
476 420 0
474 361 0
162 143 0
162 127 0
442 113 0
297 48 0
442 131 0
297 33 0
389 179 0
231 171 0
409 62 0
339 202 0
202 81 0
203 115 0
324 44 0
159 47 0
159 41 0
458 91 0
272 179 0
158 49 0
457 373 0
408 70 0
343 146 0
233 217 0
160 118 0
388 126 0
274 110 0
458 399 0
233 118 0
343 191 0
161 19 0
206 165 0
271 185 0
107 63 0
440 86 0
425 395 0
317 112 0
347 18 0
472 358 0
266 251 0
425 339 0
241 233 0
300 24 0
403 330 0
242 237 0
364 267 0
403 379 0
478 219 0
409 221 0
455 453 0
409 276 0
404 296 0
318 261 0
324 188 0
167 6 0
310 251 0
222 137 0
464 444 0
468 192 0
180 30 0
468 224 0
483 175 0
481 134 0
378 47 0
311 187 0
497 356 0
178 119 0
451 115 0
482 324 0
414 204 0
135 51 0
499 460 0
332 178 0
309 233 0
357 234 0
283 238 0
256 211 0
412 92 0
359 336 0
351 298 0
334 75 0
407 345 1
410 339 1
401 399 1
398 243 1
398 264 1
398 192 1
398 177 1
398 386 1
398 115 1
398 111 1
398 105 1
398 58 1
400 94 1
400 2 1
406 120 1
406 72 1
406 110 1
407 73 1
406 187 1
406 170 1
406 268 1
428 119 1
428 37 1
428 40 1
431 106 1
432 59 1
429 70 1
429 109 1
430 185 1
430 245 1
430 20 1
418 390 1
418 16 1
422 319 1
421 379 1
370 108 1
369 169 1
375 320 1
375 296 1
375 374 1
375 113 1
375 55 1
375 24 1
375 14 1
375 9 1
375 6 1
375 4 1
375 28 1
375 234 1
373 54 1
360 122 1
360 287 1
366 225 1
366 208 1
366 168 1
366 153 1
366 186 1
366 179 1
366 92 1
366 84 1
366 127 1
366 39 1
366 51 1
366 30 1
366 27 1
366 26 1
366 63 1
362 259 1
362 0 1
362 8 1
362 19 1
362 13 1
362 64 1
392 147 1
387 349 1
396 126 1
396 237 1
396 346 1
381 69 1
382 240 1
385 238 1
385 219 1
385 257 1
385 211 1
385 337 1
387 117 1
387 299 1
383 202 1
383 246 1
384 24 1
383 344 1
385 31 1
385 29 1
385 25 1
385 21 1
385 18 1
385 5 1
385 112 1
385 41 1
385 85 1
479 3 1
479 23 1
479 338 1
479 61 1
477 24 1
469 130 1
469 67 1
473 433 1
475 286 1
475 254 1
475 232 1
475 196 1
473 189 1
473 214 1
473 34 1
473 68 1
492 367 1
498 97 1
498 137 1
498 155 1
496 406 1
486 384 1
487 27 1
487 485 1
484 195 1
490 482 1
489 435 1
489 206 1
445 20 1
444 93 1
446 32 1
446 36 1
446 101 1
446 62 1
446 81 1
446 86 1
444 7 1
443 149 1
450 199 1
449 294 1
449 306 1
446 258 1
446 295 1
446 288 1
434 271 1
438 314 1
461 459 1
461 270 1
461 321 1
462 454 1
462 178 1
460 173 1
466 104 1
465 249 1
452 12 1
452 102 1
452 80 1
452 76 1
452 33 1
210 35 1
210 15 1
201 174 1
205 45 1
204 146 1
216 200 1
216 124 1
210 175 1
190 151 1
182 181 1
182 156 1
183 166 1
201 57 1
244 218 1
239 139 1
251 47 1
251 248 1
252 11 1
228 57 1
220 210 1
223 172 1
229 228 1
230 146 1
99 91 1
114 44 1
114 49 1
118 79 1
60 53 1
22 17 1
75 43 1
164 138 1
165 135 1
157 91 1
157 140 1
136 125 1
134 114 1
144 89 1
148 90 1
325 230 1
326 57 1
326 303 1
326 284 1
323 302 1
331 323 1
333 74 1
316 250 1
348 336 1
348 292 1
348 215 1
350 144 1
355 188 1
352 325 1
335 308 1
342 313 1
340 182 1
275 90 1
260 79 1
255 241 1
265 42 1
267 46 1
298 1 1
307 78 1
465 249 1
473 214 1
485 92 1
320 9 1
430 185 1
385 257 1
41 18 1
429 70 1
105 58 1
443 149 1
385 31 1
92 63 1
385 29 1
375 320 1
320 6 1
385 25 1
355 188 1
303 174 1
92 51 1
385 21 1
255 241 1
485 84 1
385 18 1
325 230 1
475 286 1
385 219 1
61 23 1
187 110 1
296 234 1
303 201 1
445 185 1
92 39 1
433 189 1
496 110 1
286 232 1
406 110 1
400 94 1
401 399 1
81 62 1
187 72 1
284 229 1
284 228 1
168 84 1
406 120 1
384 375 1
384 374 1
349 117 1
320 4 1
238 211 1
114 44 1
208 186 1
257 85 1
257 112 1
225 208 1
434 271 1
374 296 1
175 15 1
316 250 1
76 12 1
462 454 1
386 177 1
284 57 1
446 81 1
498 137 1
337 25 1
400 2 1
320 24 1
375 28 1
288 258 1
183 166 1
93 7 1
489 206 1
268 110 1
303 284 1
296 55 1
200 124 1
479 61 1
429 109 1
385 5 1
55 14 1
175 35 1
422 319 1
76 33 1
342 313 1
81 36 1
385 238 1
362 0 1
60 53 1
168 127 1
325 204 1
352 204 1
446 86 1
189 68 1
251 248 1
258 36 1
111 58 1
477 375 1
130 67 1
51 27 1
446 295 1
326 284 1
336 292 1
485 153 1
254 232 1
487 225 1
204 146 1
396 126 1
192 177 1
486 384 1
486 113 1
396 346 1
192 115 1
452 33 1
498 155 1
479 3 1
208 179 1
340 156 1
428 119 1
137 97 1
232 196 1
450 199 1
349 299 1
288 101 1
237 126 1
307 78 1
275 148 1
362 259 1
340 182 1
485 179 1
148 90 1
360 287 1
473 189 1
336 215 1
421 379 1
81 32 1
115 105 1
348 292 1
306 294 1
51 30 1
418 16 1
114 49 1
40 37 1
340 181 1
102 76 1
469 130 1
208 26 1
350 144 1
370 108 1
433 34 1
444 7 1
338 23 1
187 170 1
362 13 1
459 270 1
362 64 1
489 435 1
398 177 1
407 345 1
438 314 1
102 80 1
344 246 1
64 19 1
165 135 1
387 349 1
461 321 1
344 202 1
164 138 1
381 69 1
345 73 1
360 122 1
461 270 1
335 308 1
430 20 1
64 8 1
386 243 1
350 89 1
134 114 1
75 43 1
398 264 1
260 79 1
466 104 1
216 124 1
223 172 1
267 46 1
490 482 1
251 47 1
410 339 1
487 366 1
383 202 1
210 35 1
454 178 1
220 15 1
431 106 1
157 99 1
245 185 1
492 367 1
157 91 1
418 390 1
22 17 1
382 240 1
432 59 1
373 54 1
136 125 1
157 140 1
119 37 1
205 45 1
298 1 1
118 79 1
333 74 1
190 151 1
244 218 1
484 195 1
392 147 1
460 173 1
252 11 1
369 169 1
239 139 1
331 302 1
331 323 1
265 42 1
449 306 1
476 226 0
294 74 0
233 118 0
368 154 0
458 399 0
408 147 0
274 110 0
476 376 0
408 158 0
207 201 0
368 108 0
488 427 0
293 213 0
488 415 0
98 88 0
388 126 0
476 327 0
368 294 0
294 69 0
476 235 0
423 60 0
156 91 0
160 118 0
294 59 0
233 217 0
156 85 0
476 249 0
273 263 0
476 250 0
108 35 0
458 156 0
236 78 0
476 133 0
476 106 0
106 87 0
106 89 0
322 154 0
206 165 0
236 95 0
458 138 0
106 96 0
476 116 0
476 121 0
458 151 0
476 129 0
408 49 0
476 132 0
106 83 0
476 291 0
368 218 0
161 19 0
476 302 0
476 305 0
388 105 0
476 315 0
476 319 0
368 184 0
343 191 0
235 72 0
235 5 0
235 4 0
235 3 0
235 2 0
235 166 0
235 1 0
235 169 0
235 0 0
158 70 0
457 373 0
235 77 0
235 73 0
104 79 0
104 88 0
235 71 0
104 60 0
235 52 0
235 50 0
476 262 0
343 128 0
100 40 0
476 282 0
343 146 0
235 139 0
235 26 0
235 145 0
235 20 0
235 17 0
235 15 0
235 11 0
235 10 0
236 56 0
235 7 0
199 3 0
426 14 0
426 16 0
347 18 0
365 78 0
365 67 0
317 112 0
365 58 0
365 57 0
419 139 0
493 98 0
277 67 0
87 43 0
87 38 0
87 37 0
87 32 0
425 339 0
291 176 0
266 251 0
472 358 0
156 117 0
343 14 0
368 354 0
107 63 0
271 185 0
476 198 0
458 231 0
343 54 0
236 163 0
343 65 0
236 215 0
273 98 0
440 124 0
425 395 0
272 197 0
440 86 0
458 171 0
458 194 0
372 58 0
372 12 0
441 289 0
424 215 0
409 62 0
209 100 0
488 74 0
297 281 0
420 176 0
424 240 0
367 12 0
367 8 0
424 247 0
389 179 0
339 202 0
389 197 0
441 227 0
372 53 0
424 290 0
371 109 0
476 411 0
476 416 0
343 308 0
423 280 0
474 361 0
423 304 0
476 467 0
491 114 0
423 329 0
371 150 0
270 187 0
423 397 0
297 33 0
97 61 0
442 131 0
297 48 0
367 328 0
442 113 0
367 313 0
162 127 0
405 344 0
162 143 0
343 285 0
103 68 0
341 214 0
159 41 0
474 13 0
202 81 0
441 393 0
474 90 0
474 82 0
159 47 0
441 356 0
324 31 0
324 44 0
203 115 0
441 312 0
167 6 0
318 28 0
455 344 0
440 353 0
241 118 0
424 377 0
424 380 0
424 402 0
180 30 0
468 192 0
45 34 0
46 23 0
480 426 0
481 134 0
413 65 0
358 61 0
483 175 0
468 224 0
222 137 0
310 251 0
188 149 0
141 45 0
276 221 0
222 196 0
141 22 0
464 444 0
364 267 0
242 237 0
478 219 0
403 379 0
403 330 0
300 24 0
318 261 0
404 296 0
324 149 0
152 24 0
424 417 0
276 62 0
441 193 0
441 141 0
440 363 0
455 453 0
472 142 0
494 329 0
478 253 0
472 125 0
447 134 0
278 134 0
391 341 0
471 371 0
212 46 0
439 153 0
213 36 0
301 9 0
448 289 0
437 12 0
279 40 0
195 186 0
495 67 0
122 64 0
172 103 0
172 123 0
403 223 0
173 25 0
173 42 0
470 207 0
269 239 0
441 436 0
456 248 0
314 64 0
394 46 0
463 227 0
66 27 0
482 149 0
135 51 0
414 204 0
309 241 0
357 234 0
283 238 0
451 203 0
499 460 0
332 178 0
378 159 0
311 187 0
178 119 0
497 312 0
334 75 0
256 211 0
412 92 0
351 298 0
359 336 0
