998
161 31 0
120 44 0
339 226 0
411 372 0
473 445 0
196 151 0
149 131 0
334 97 0
379 195 0
205 48 0
137 126 0
120 65 0
393 39 0
477 285 0
497 196 0
52 18 0
339 269 0
412 8 0
52 9 0
285 89 0
52 7 0
52 3 0
52 2 0
52 1 0
104 19 0
334 145 0
440 155 0
104 28 0
83 46 0
246 205 0
53 47 0
53 46 0
104 23 0
363 312 0
52 0 0
53 37 0
363 319 0
339 216 0
230 222 0
205 63 0
440 178 0
83 69 0
339 221 0
205 60 0
137 17 0
85 1 0
440 274 0
150 60 0
137 26 0
137 22 0
357 346 0
137 15 0
357 339 0
393 181 0
137 8 0
464 380 0
357 332 0
379 76 0
121 81 0
51 17 0
173 66 0
399 31 0
120 115 0
222 184 0
344 283 0
285 54 0
344 277 0
334 10 0
50 49 0
339 306 0
473 312 0
363 162 0
277 56 0
277 58 0
440 18 0
105 48 0
486 53 0
302 135 0
470 88 0
470 87 0
470 85 0
56 30 0
363 205 0
56 16 0
339 51 0
420 314 0
363 130 0
444 380 0
56 13 0
118 73 0
473 276 0
311 84 0
104 77 0
477 365 0
138 81 0
257 123 0
373 213 0
322 187 0
379 253 0
339 191 0
56 12 0
350 161 0
138 127 0
55 54 0
104 98 0
440 307 0
172 57 0
172 59 0
257 179 0
172 70 0
212 152 0
398 67 0
378 191 0
352 92 0
398 38 0
415 412 0
364 329 0
498 100 0
424 302 0
481 409 0
398 79 0
465 324 0
482 48 0
220 192 0
492 189 0
124 83 0
40 29 0
249 77 0
476 382 0
124 122 0
183 165 0
498 206 0
468 369 0
498 189 0
398 4 0
134 80 0
364 353 0
364 152 0
291 190 0
465 14 0
278 193 0
351 228 0
291 176 0
136 45 0
102 14 0
86 36 0
136 40 0
256 45 0
481 295 0
379 25 0
278 116 0
238 33 0
440 326 0
238 24 0
398 308 0
464 427 0
136 90 0
185 175 0
351 174 0
238 6 0
430 203 0
159 131 0
321 255 0
424 331 0
449 68 0
291 259 0
291 218 0
231 199 0
101 91 0
197 168 0
86 64 0
340 106 0
407 198 0
109 74 0
419 339 0
337 318 0
472 311 0
471 269 0
455 306 0
437 324 0
479 350 0
370 132 0
142 124 0
348 58 0
418 392 0
382 118 0
243 32 0
209 132 0
428 94 0
313 65 0
479 423 0
244 6 0
112 36 0
446 164 0
166 142 0
381 304 0
71 11 0
72 62 0
208 148 0
347 202 0
361 173 0
487 425 0
72 61 0
208 72 0
110 82 0
208 78 0
170 104 0
140 86 0
400 81 0
338 292 0
229 201 0
461 91 0
428 375 0
392 5 0
463 294 0
239 168 0
323 68 0
188 160 0
486 182 0
447 362 0
463 148 0
263 21 0
225 101 0
229 71 0
463 219 0
286 281 0
410 356 0
286 266 0
286 261 0
486 320 0
486 386 0
470 466 0
163 125 0
467 402 0
282 272 0
250 167 0
406 172 0
377 139 0
432 121 0
422 298 0
395 202 0
342 340 0
441 299 0
355 343 0
442 303 0
268 131 0
366 243 0
200 183 0
499 468 0
293 175 0
490 207 0
254 154 0
385 20 0
408 271 1
408 305 1
408 297 1
408 315 1
408 211 1
408 197 1
413 58 1
414 0 1
414 29 1
414 27 1
414 25 1
414 19 1
414 14 1
414 10 1
414 6 1
414 5 1
414 4 1
413 336 1
414 116 1
414 113 1
414 108 1
414 96 1
414 132 1
414 44 1
414 43 1
414 41 1
414 37 1
414 36 1
414 81 1
414 66 1
413 165 1
413 204 1
413 180 1
413 103 1
413 94 1
413 128 1
413 236 1
396 371 1
396 156 1
396 232 1
397 257 1
397 368 1
404 190 1
403 328 1
403 304 1
403 262 1
403 261 1
403 241 1
403 298 1
403 280 1
403 273 1
403 372 1
405 241 1
405 187 1
405 10 1
405 151 1
402 2 1
402 21 1
402 12 1
402 123 1
402 114 1
401 101 1
402 177 1
402 169 1
402 341 1
402 301 1
402 330 1
426 372 1
425 374 1
425 49 1
425 15 1
431 319 1
431 384 1
429 285 1
429 314 1
416 323 1
417 65 1
421 136 1
369 283 1
367 270 1
367 223 1
367 247 1
367 237 1
367 20 1
367 1 1
367 146 1
367 131 1
376 11 1
376 8 1
376 3 1
371 78 1
371 91 1
359 288 1
358 352 1
359 40 1
359 144 1
359 57 1
356 102 1
356 224 1
356 174 1
360 325 1
360 60 1
362 289 1
362 281 1
389 247 1
388 376 1
390 260 1
390 173 1
387 191 1
388 167 1
388 160 1
388 143 1
388 92 1
388 93 1
388 125 1
388 117 1
388 265 1
388 309 1
388 300 1
388 227 1
388 202 1
388 242 1
388 31 1
388 39 1
388 34 1
388 48 1
394 264 1
394 199 1
394 317 1
394 45 1
391 378 1
380 140 1
383 145 1
478 372 1
478 474 1
478 460 1
478 457 1
483 446 1
480 68 1
480 50 1
480 194 1
469 402 1
469 443 1
475 148 1
494 394 1
496 33 1
495 195 1
495 214 1
493 420 1
488 44 1
484 473 1
485 158 1
485 175 1
485 97 1
485 135 1
485 255 1
491 219 1
489 152 1
489 192 1
489 115 1
448 213 1
448 207 1
448 433 1
450 91 1
448 142 1
448 168 1
436 79 1
435 220 1
436 157 1
436 354 1
434 3 1
438 69 1
439 89 1
462 410 1
462 452 1
459 342 1
453 232 1
454 321 1
451 375 1
458 196 1
456 356 1
203 75 1
203 56 1
203 95 1
215 105 1
217 112 1
210 126 1
186 38 1
184 7 1
186 153 1
186 61 1
198 62 1
198 133 1
240 171 1
240 162 1
235 166 1
248 129 1
248 84 1
248 70 1
248 99 1
251 23 1
245 18 1
245 176 1
245 82 1
234 121 1
233 230 1
100 67 1
107 104 1
106 64 1
119 13 1
111 42 1
111 26 1
54 35 1
54 16 1
32 28 1
80 46 1
74 59 1
73 35 1
164 32 1
154 147 1
139 98 1
141 26 1
154 54 1
327 233 1
310 208 1
310 296 1
318 126 1
316 138 1
343 231 1
345 246 1
349 346 1
335 26 1
333 159 1
272 47 1
267 251 1
279 252 1
279 62 1
275 217 1
258 163 1
299 181 1
295 109 1
303 55 1
284 106 1
287 56 1
292 171 1
290 182 1
460 36 1
434 3 1
297 211 1
359 57 1
460 0 1
453 232 1
116 113 1
232 78 1
12 2 1
414 113 1
116 108 1
287 75 1
474 151 1
165 128 1
330 177 1
82 18 1
434 11 1
232 91 1
402 123 1
236 204 1
11 8 1
460 44 1
372 328 1
117 39 1
460 43 1
495 214 1
403 328 1
158 135 1
460 14 1
4 0 1
111 26 1
255 175 1
273 96 1
460 10 1
330 169 1
372 304 1
245 18 1
453 156 1
297 197 1
117 11 1
402 114 1
273 108 1
372 298 1
237 223 1
460 5 1
318 210 1
233 230 1
273 14 1
434 48 1
116 66 1
273 6 1
434 34 1
252 133 1
128 58 1
328 108 1
443 2 1
154 147 1
37 25 1
273 19 1
495 195 1
93 31 1
237 20 1
297 271 1
93 34 1
273 25 1
273 27 1
425 15 1
139 98 1
460 41 1
414 405 1
223 1 1
359 144 1
213 142 1
255 158 1
236 165 1
408 271 1
292 240 1
474 108 1
454 321 1
460 29 1
158 97 1
236 180 1
304 132 1
453 371 1
165 103 1
199 45 1
279 133 1
262 187 1
330 123 1
81 29 1
485 158 1
425 49 1
403 261 1
403 262 1
494 45 1
402 2 1
408 305 1
341 330 1
198 133 1
403 241 1
280 19 1
272 47 1
354 79 1
165 94 1
434 242 1
396 78 1
402 21 1
417 65 1
317 264 1
434 227 1
287 95 1
374 49 1
111 42 1
287 56 1
394 317 1
434 202 1
215 105 1
153 61 1
248 70 1
359 40 1
154 16 1
270 1 1
389 131 1
401 101 1
358 352 1
458 196 1
389 146 1
248 84 1
345 246 1
325 60 1
388 143 1
106 64 1
171 162 1
356 174 1
450 396 1
265 227 1
252 62 1
388 93 1
360 325 1
129 84 1
248 99 1
394 199 1
117 92 1
296 208 1
435 220 1
288 144 1
314 285 1
119 13 1
388 376 1
426 37 1
251 23 1
434 125 1
270 146 1
265 160 1
413 336 1
416 323 1
213 168 1
265 167 1
154 54 1
154 35 1
192 152 1
154 73 1
153 38 1
451 375 1
303 55 1
354 157 1
413 180 1
203 56 1
493 420 1
164 28 1
164 32 1
80 46 1
457 414 1
469 177 1
292 162 1
335 26 1
480 194 1
335 141 1
367 1 1
300 125 1
478 4 1
469 301 1
436 354 1
299 181 1
367 247 1
488 43 1
480 68 1
387 191 1
480 50 1
384 319 1
267 251 1
333 159 1
459 342 1
284 106 1
431 384 1
433 213 1
235 166 1
318 126 1
462 452 1
462 410 1
408 315 1
390 260 1
224 174 1
390 173 1
174 102 1
234 121 1
258 163 1
295 109 1
343 231 1
475 148 1
186 153 1
217 112 1
309 242 1
448 433 1
310 296 1
421 136 1
383 145 1
349 346 1
456 356 1
368 257 1
100 67 1
176 82 1
275 217 1
489 152 1
289 281 1
439 89 1
74 59 1
362 289 1
448 207 1
484 473 1
290 182 1
429 314 1
397 257 1
489 115 1
316 138 1
483 446 1
438 69 1
391 378 1
107 104 1
184 7 1
327 233 1
496 33 1
380 140 1
491 219 1
404 190 1
369 283 1
269 226 0
415 226 0
249 170 0
269 191 0
254 154 0
482 162 0
365 55 0
490 207 0
465 437 0
415 221 0
332 137 0
269 216 0
466 1 0
332 126 0
466 0 0
378 8 0
90 29 0
375 94 0
482 150 0
332 191 0
378 17 0
492 100 0
378 15 0
482 130 0
378 26 0
424 135 0
482 105 0
18 9 0
320 46 0
365 89 0
466 2 0
385 20 0
38 4 0
466 3 0
415 306 0
249 104 0
378 22 0
449 323 0
365 54 0
378 51 0
306 51 0
18 2 0
18 7 0
268 159 0
253 25 0
320 122 0
23 19 0
320 124 0
466 307 0
482 445 0
24 6 0
178 155 0
294 148 0
432 138 0
320 142 0
97 10 0
476 118 0
319 63 0
432 127 0
353 329 0
320 83 0
181 39 0
386 142 0
366 32 0
319 130 0
307 178 0
476 73 0
320 47 0
320 53 0
294 61 0
294 62 0
219 61 0
395 347 0
320 69 0
294 78 0
294 72 0
16 12 0
16 13 0
423 161 0
293 185 0
320 37 0
200 165 0
293 175 0
499 369 0
406 70 0
218 176 0
357 269 0
87 3 0
45 40 0
159 131 0
412 226 0
465 102 0
430 203 0
256 90 0
238 6 0
464 444 0
351 174 0
136 90 0
256 40 0
464 427 0
398 308 0
440 326 0
238 33 0
85 52 0
197 168 0
101 91 0
159 149 0
58 12 0
378 339 0
231 199 0
278 116 0
291 218 0
477 55 0
291 259 0
449 68 0
424 331 0
364 212 0
321 255 0
134 80 0
492 206 0
398 4 0
283 277 0
498 189 0
468 369 0
88 52 0
364 353 0
498 206 0
249 98 0
183 165 0
476 382 0
249 77 0
415 346 0
379 25 0
481 295 0
86 36 0
102 14 0
351 228 0
86 64 0
278 193 0
291 190 0
364 152 0
249 28 0
249 23 0
471 137 0
348 56 0
313 115 0
455 332 0
313 120 0
67 4 0
324 14 0
313 44 0
244 6 0
445 246 0
479 423 0
348 277 0
313 65 0
419 191 0
274 9 0
70 57 0
70 59 0
71 11 0
479 31 0
381 304 0
166 142 0
145 10 0
446 164 0
112 36 0
445 276 0
76 25 0
445 312 0
370 132 0
479 350 0
472 311 0
337 318 0
109 74 0
407 198 0
340 106 0
427 380 0
479 399 0
428 94 0
445 363 0
482 60 0
370 209 0
243 32 0
418 392 0
348 58 0
50 49 0
334 10 0
150 48 0
344 277 0
285 54 0
222 184 0
173 66 0
121 81 0
393 181 0
470 88 0
420 314 0
440 2 0
205 162 0
473 319 0
56 30 0
440 52 0
486 69 0
302 135 0
497 196 0
379 195 0
196 151 0
411 372 0
230 222 0
352 92 0
172 70 0
398 79 0
220 192 0
481 409 0
138 81 0
311 84 0
257 179 0
322 187 0
373 213 0
257 123 0
219 208 0
182 166 0
342 340 0
395 202 0
422 298 0
377 139 0
441 299 0
467 402 0
463 208 0
250 167 0
282 272 0
432 400 0
281 261 0
281 266 0
201 71 0
163 125 0
442 303 0
355 343 0
338 292 0
140 64 0
461 101 0
392 5 0
229 201 0
487 425 0
361 173 0
110 82 0
239 168 0
461 225 0
286 281 0
410 356 0
188 160 0
263 21 0
447 362 0
