14 1000000
494185
494185 494185
494185 494185 494185
494185 494185 494185 494185
494185 494185 494185 494185 494185
494185 494185 494185 494185 494185 494185
494185 494185 494185 494185 494185 494185 494185
494185 494185 494185 494185 494185 494185 494185 494185
494185 494185 494185 494185 494185 494185 494185 494185 494185
494185 494185 494185 494185 494185 494185 494185 494185 494185 494185
494185 494185 494185 494185 494185 494185 494185 494185 494185 494185 494185
494185 494185 494185 494185 494185 494185 494185 494185 494185 494185 494185 494185
494185 494185 494185 494185 494185 494185 494185 494185 494185 494185 494185 494185 494185
536641
536641 536641
536641 536641 536641
536641 536641 536641 536641
536641 536641 536641 536641 536641
536641 536641 536641 536641 536641 536641
536641 536641 536641 536641 536641 536641 536641
536641 536641 536641 536641 536641 536641 536641 536641
536641 536641 536641 536641 536641 536641 536641 536641 536641
536641 536641 536641 536641 536641 536641 536641 536641 536641 536641
536641 536641 536641 536641 536641 536641 536641 536641 536641 536641 536641
536641 536641 536641 536641 536641 536641 536641 536641 536641 536641 536641 536641
536641 536641 536641 536641 536641 536641 536641 536641 536641 536641 536641 536641 536641
