37 1000000
891050
891050 891050
891050 891050 891050
891050 891050 891050 891050
891050 891050 891050 891050 891050
891050 891050 891050 891050 891050 891050
891050 891050 891050 891050 891050 891050 891050
891050 891050 891050 891050 891050 891050 891050 891050
891050 891050 891050 891050 891050 891050 891050 891050 891050
891050 891050 891050 891050 891050 891050 891050 891050 891050 891050
891050 891050 891050 891050 891050 891050 891050 891050 891050 891050 891050
891050 891050 891050 891050 891050 891050 891050 891050 891050 891050 891050 891050
891050 891050 891050 891050 891050 891050 891050 891050 891050 891050 891050 891050 891050
891050 891050 891050 891050 891050 891050 891050 891050 891050 891050 891050 891050 891050 891050
891050 891050 891050 891050 891050 891050 891050 891050 891050 891050 891050 891050 891050 891050 891050
891050 891050 891050 891050 891050 891050 891050 891050 891050 891050 891050 891050 891050 891050 891050 891050
891050 891050 891050 891050 891050 891050 891050 891050 891050 891050 891050 891050 891050 891050 891050 891050 891050
891050 891050 891050 891050 891050 891050 891050 891050 891050 891050 891050 891050 891050 891050 891050 891050 891050 891050
891050 891050 891050 891050 891050 891050 891050 891050 891050 891050 891050 891050 891050 891050 891050 891050 891050 891050 891050
891050 891050 891050 891050 891050 891050 891050 891050 891050 891050 891050 891050 891050 891050 891050 891050 891050 891050 891050 891050
891050 891050 891050 891050 891050 891050 891050 891050 891050 891050 891050 891050 891050 891050 891050 891050 891050 891050 891050 891050 891050
891050 891050 891050 891050 891050 891050 891050 891050 891050 891050 891050 891050 891050 891050 891050 891050 891050 891050 891050 891050 891050 891050
891050 891050 891050 891050 891050 891050 891050 891050 891050 891050 891050 891050 891050 891050 891050 891050 891050 891050 891050 891050 891050 891050 891050
891050 891050 891050 891050 891050 891050 891050 891050 891050 891050 891050 891050 891050 891050 891050 891050 891050 891050 891050 891050 891050 891050 891050 891050
891050 891050 891050 891050 891050 891050 891050 891050 891050 891050 891050 891050 891050 891050 891050 891050 891050 891050 891050 891050 891050 891050 891050 891050 891050
891050 891050 891050 891050 891050 891050 891050 891050 891050 891050 891050 891050 891050 891050 891050 891050 891050 891050 891050 891050 891050 891050 891050 891050 891050 891050
891050 891050 891050 891050 891050 891050 891050 891050 891050 891050 891050 891050 891050 891050 891050 891050 891050 891050 891050 891050 891050 891050 891050 891050 891050 891050 891050
891050 891050 891050 891050 891050 891050 891050 891050 891050 891050 891050 891050 891050 891050 891050 891050 891050 891050 891050 891050 891050 891050 891050 891050 891050 891050 891050 891050
891050 891050 891050 891050 891050 891050 891050 891050 891050 891050 891050 891050 891050 891050 891050 891050 891050 891050 891050 891050 891050 891050 891050 891050 891050 891050 891050 891050 891050
891050 891050 891050 891050 891050 891050 891050 891050 891050 891050 891050 891050 891050 891050 891050 891050 891050 891050 891050 891050 891050 891050 891050 891050 891050 891050 891050 891050 891050 891050
891050 891050 891050 891050 891050 891050 891050 891050 891050 891050 891050 891050 891050 891050 891050 891050 891050 891050 891050 891050 891050 891050 891050 891050 891050 891050 891050 891050 891050 891050 891050
891050 891050 891050 891050 891050 891050 891050 891050 891050 891050 891050 891050 891050 891050 891050 891050 891050 891050 891050 891050 891050 891050 891050 891050 891050 891050 891050 891050 891050 891050 891050 891050
891050 891050 891050 891050 891050 891050 891050 891050 891050 891050 891050 891050 891050 891050 891050 891050 891050 891050 891050 891050 891050 891050 891050 891050 891050 891050 891050 891050 891050 891050 891050 891050 891050
891050 891050 891050 891050 891050 891050 891050 891050 891050 891050 891050 891050 891050 891050 891050 891050 891050 891050 891050 891050 891050 891050 891050 891050 891050 891050 891050 891050 891050 891050 891050 891050 891050 891050
891050 891050 891050 891050 891050 891050 891050 891050 891050 891050 891050 891050 891050 891050 891050 891050 891050 891050 891050 891050 891050 891050 891050 891050 891050 891050 891050 891050 891050 891050 891050 891050 891050 891050 891050
891050 891050 891050 891050 891050 891050 891050 891050 891050 891050 891050 891050 891050 891050 891050 891050 891050 891050 891050 891050 891050 891050 891050 891050 891050 891050 891050 891050 891050 891050 891050 891050 891050 891050 891050 891050
91852
91852 91852
91852 91852 91852
91852 91852 91852 91852
91852 91852 91852 91852 91852
91852 91852 91852 91852 91852 91852
91852 91852 91852 91852 91852 91852 91852
91852 91852 91852 91852 91852 91852 91852 91852
91852 91852 91852 91852 91852 91852 91852 91852 91852
91852 91852 91852 91852 91852 91852 91852 91852 91852 91852
91852 91852 91852 91852 91852 91852 91852 91852 91852 91852 91852
91852 91852 91852 91852 91852 91852 91852 91852 91852 91852 91852 91852
91852 91852 91852 91852 91852 91852 91852 91852 91852 91852 91852 91852 91852
91852 91852 91852 91852 91852 91852 91852 91852 91852 91852 91852 91852 91852 91852
91852 91852 91852 91852 91852 91852 91852 91852 91852 91852 91852 91852 91852 91852 91852
91852 91852 91852 91852 91852 91852 91852 91852 91852 91852 91852 91852 91852 91852 91852 91852
91852 91852 91852 91852 91852 91852 91852 91852 91852 91852 91852 91852 91852 91852 91852 91852 91852
91852 91852 91852 91852 91852 91852 91852 91852 91852 91852 91852 91852 91852 91852 91852 91852 91852 91852
91852 91852 91852 91852 91852 91852 91852 91852 91852 91852 91852 91852 91852 91852 91852 91852 91852 91852 91852
91852 91852 91852 91852 91852 91852 91852 91852 91852 91852 91852 91852 91852 91852 91852 91852 91852 91852 91852 91852
91852 91852 91852 91852 91852 91852 91852 91852 91852 91852 91852 91852 91852 91852 91852 91852 91852 91852 91852 91852 91852
91852 91852 91852 91852 91852 91852 91852 91852 91852 91852 91852 91852 91852 91852 91852 91852 91852 91852 91852 91852 91852 91852
91852 91852 91852 91852 91852 91852 91852 91852 91852 91852 91852 91852 91852 91852 91852 91852 91852 91852 91852 91852 91852 91852 91852
91852 91852 91852 91852 91852 91852 91852 91852 91852 91852 91852 91852 91852 91852 91852 91852 91852 91852 91852 91852 91852 91852 91852 91852
91852 91852 91852 91852 91852 91852 91852 91852 91852 91852 91852 91852 91852 91852 91852 91852 91852 91852 91852 91852 91852 91852 91852 91852 91852
91852 91852 91852 91852 91852 91852 91852 91852 91852 91852 91852 91852 91852 91852 91852 91852 91852 91852 91852 91852 91852 91852 91852 91852 91852 91852
91852 91852 91852 91852 91852 91852 91852 91852 91852 91852 91852 91852 91852 91852 91852 91852 91852 91852 91852 91852 91852 91852 91852 91852 91852 91852 91852
91852 91852 91852 91852 91852 91852 91852 91852 91852 91852 91852 91852 91852 91852 91852 91852 91852 91852 91852 91852 91852 91852 91852 91852 91852 91852 91852 91852
91852 91852 91852 91852 91852 91852 91852 91852 91852 91852 91852 91852 91852 91852 91852 91852 91852 91852 91852 91852 91852 91852 91852 91852 91852 91852 91852 91852 91852
91852 91852 91852 91852 91852 91852 91852 91852 91852 91852 91852 91852 91852 91852 91852 91852 91852 91852 91852 91852 91852 91852 91852 91852 91852 91852 91852 91852 91852 91852
91852 91852 91852 91852 91852 91852 91852 91852 91852 91852 91852 91852 91852 91852 91852 91852 91852 91852 91852 91852 91852 91852 91852 91852 91852 91852 91852 91852 91852 91852 91852
91852 91852 91852 91852 91852 91852 91852 91852 91852 91852 91852 91852 91852 91852 91852 91852 91852 91852 91852 91852 91852 91852 91852 91852 91852 91852 91852 91852 91852 91852 91852 91852
91852 91852 91852 91852 91852 91852 91852 91852 91852 91852 91852 91852 91852 91852 91852 91852 91852 91852 91852 91852 91852 91852 91852 91852 91852 91852 91852 91852 91852 91852 91852 91852 91852
91852 91852 91852 91852 91852 91852 91852 91852 91852 91852 91852 91852 91852 91852 91852 91852 91852 91852 91852 91852 91852 91852 91852 91852 91852 91852 91852 91852 91852 91852 91852 91852 91852 91852
91852 91852 91852 91852 91852 91852 91852 91852 91852 91852 91852 91852 91852 91852 91852 91852 91852 91852 91852 91852 91852 91852 91852 91852 91852 91852 91852 91852 91852 91852 91852 91852 91852 91852 91852
91852 91852 91852 91852 91852 91852 91852 91852 91852 91852 91852 91852 91852 91852 91852 91852 91852 91852 91852 91852 91852 91852 91852 91852 91852 91852 91852 91852 91852 91852 91852 91852 91852 91852 91852 91852
