40 1000000
824509
824509 824509
824509 824509 824509
824509 824509 824509 824509
824509 824509 824509 824509 824509
824509 824509 824509 824509 824509 824509
824509 824509 824509 824509 824509 824509 824509
824509 824509 824509 824509 824509 824509 824509 824509
824509 824509 824509 824509 824509 824509 824509 824509 824509
824509 824509 824509 824509 824509 824509 824509 824509 824509 824509
824509 824509 824509 824509 824509 824509 824509 824509 824509 824509 824509
824509 824509 824509 824509 824509 824509 824509 824509 824509 824509 824509 824509
824509 824509 824509 824509 824509 824509 824509 824509 824509 824509 824509 824509 824509
824509 824509 824509 824509 824509 824509 824509 824509 824509 824509 824509 824509 824509 824509
824509 824509 824509 824509 824509 824509 824509 824509 824509 824509 824509 824509 824509 824509 824509
824509 824509 824509 824509 824509 824509 824509 824509 824509 824509 824509 824509 824509 824509 824509 824509
824509 824509 824509 824509 824509 824509 824509 824509 824509 824509 824509 824509 824509 824509 824509 824509 824509
824509 824509 824509 824509 824509 824509 824509 824509 824509 824509 824509 824509 824509 824509 824509 824509 824509 824509
824509 824509 824509 824509 824509 824509 824509 824509 824509 824509 824509 824509 824509 824509 824509 824509 824509 824509 824509
824509 824509 824509 824509 824509 824509 824509 824509 824509 824509 824509 824509 824509 824509 824509 824509 824509 824509 824509 824509
824509 824509 824509 824509 824509 824509 824509 824509 824509 824509 824509 824509 824509 824509 824509 824509 824509 824509 824509 824509 824509
824509 824509 824509 824509 824509 824509 824509 824509 824509 824509 824509 824509 824509 824509 824509 824509 824509 824509 824509 824509 824509 824509
824509 824509 824509 824509 824509 824509 824509 824509 824509 824509 824509 824509 824509 824509 824509 824509 824509 824509 824509 824509 824509 824509 824509
824509 824509 824509 824509 824509 824509 824509 824509 824509 824509 824509 824509 824509 824509 824509 824509 824509 824509 824509 824509 824509 824509 824509 824509
824509 824509 824509 824509 824509 824509 824509 824509 824509 824509 824509 824509 824509 824509 824509 824509 824509 824509 824509 824509 824509 824509 824509 824509 824509
824509 824509 824509 824509 824509 824509 824509 824509 824509 824509 824509 824509 824509 824509 824509 824509 824509 824509 824509 824509 824509 824509 824509 824509 824509 824509
824509 824509 824509 824509 824509 824509 824509 824509 824509 824509 824509 824509 824509 824509 824509 824509 824509 824509 824509 824509 824509 824509 824509 824509 824509 824509 824509
824509 824509 824509 824509 824509 824509 824509 824509 824509 824509 824509 824509 824509 824509 824509 824509 824509 824509 824509 824509 824509 824509 824509 824509 824509 824509 824509 824509
824509 824509 824509 824509 824509 824509 824509 824509 824509 824509 824509 824509 824509 824509 824509 824509 824509 824509 824509 824509 824509 824509 824509 824509 824509 824509 824509 824509 824509
824509 824509 824509 824509 824509 824509 824509 824509 824509 824509 824509 824509 824509 824509 824509 824509 824509 824509 824509 824509 824509 824509 824509 824509 824509 824509 824509 824509 824509 824509
824509 824509 824509 824509 824509 824509 824509 824509 824509 824509 824509 824509 824509 824509 824509 824509 824509 824509 824509 824509 824509 824509 824509 824509 824509 824509 824509 824509 824509 824509 824509
824509 824509 824509 824509 824509 824509 824509 824509 824509 824509 824509 824509 824509 824509 824509 824509 824509 824509 824509 824509 824509 824509 824509 824509 824509 824509 824509 824509 824509 824509 824509 824509
824509 824509 824509 824509 824509 824509 824509 824509 824509 824509 824509 824509 824509 824509 824509 824509 824509 824509 824509 824509 824509 824509 824509 824509 824509 824509 824509 824509 824509 824509 824509 824509 824509
824509 824509 824509 824509 824509 824509 824509 824509 824509 824509 824509 824509 824509 824509 824509 824509 824509 824509 824509 824509 824509 824509 824509 824509 824509 824509 824509 824509 824509 824509 824509 824509 824509 824509
824509 824509 824509 824509 824509 824509 824509 824509 824509 824509 824509 824509 824509 824509 824509 824509 824509 824509 824509 824509 824509 824509 824509 824509 824509 824509 824509 824509 824509 824509 824509 824509 824509 824509 824509
824509 824509 824509 824509 824509 824509 824509 824509 824509 824509 824509 824509 824509 824509 824509 824509 824509 824509 824509 824509 824509 824509 824509 824509 824509 824509 824509 824509 824509 824509 824509 824509 824509 824509 824509 824509
824509 824509 824509 824509 824509 824509 824509 824509 824509 824509 824509 824509 824509 824509 824509 824509 824509 824509 824509 824509 824509 824509 824509 824509 824509 824509 824509 824509 824509 824509 824509 824509 824509 824509 824509 824509 824509
824509 824509 824509 824509 824509 824509 824509 824509 824509 824509 824509 824509 824509 824509 824509 824509 824509 824509 824509 824509 824509 824509 824509 824509 824509 824509 824509 824509 824509 824509 824509 824509 824509 824509 824509 824509 824509 824509
824509 824509 824509 824509 824509 824509 824509 824509 824509 824509 824509 824509 824509 824509 824509 824509 824509 824509 824509 824509 824509 824509 824509 824509 824509 824509 824509 824509 824509 824509 824509 824509 824509 824509 824509 824509 824509 824509 824509
175491
175491 175491
175491 175491 175491
175491 175491 175491 175491
175491 175491 175491 175491 175491
175491 175491 175491 175491 175491 175491
175491 175491 175491 175491 175491 175491 175491
175491 175491 175491 175491 175491 175491 175491 175491
175491 175491 175491 175491 175491 175491 175491 175491 175491
175491 175491 175491 175491 175491 175491 175491 175491 175491 175491
175491 175491 175491 175491 175491 175491 175491 175491 175491 175491 175491
175491 175491 175491 175491 175491 175491 175491 175491 175491 175491 175491 175491
175491 175491 175491 175491 175491 175491 175491 175491 175491 175491 175491 175491 175491
175491 175491 175491 175491 175491 175491 175491 175491 175491 175491 175491 175491 175491 175491
175491 175491 175491 175491 175491 175491 175491 175491 175491 175491 175491 175491 175491 175491 175491
175491 175491 175491 175491 175491 175491 175491 175491 175491 175491 175491 175491 175491 175491 175491 175491
175491 175491 175491 175491 175491 175491 175491 175491 175491 175491 175491 175491 175491 175491 175491 175491 175491
175491 175491 175491 175491 175491 175491 175491 175491 175491 175491 175491 175491 175491 175491 175491 175491 175491 175491
175491 175491 175491 175491 175491 175491 175491 175491 175491 175491 175491 175491 175491 175491 175491 175491 175491 175491 175491
175491 175491 175491 175491 175491 175491 175491 175491 175491 175491 175491 175491 175491 175491 175491 175491 175491 175491 175491 175491
175491 175491 175491 175491 175491 175491 175491 175491 175491 175491 175491 175491 175491 175491 175491 175491 175491 175491 175491 175491 175491
175491 175491 175491 175491 175491 175491 175491 175491 175491 175491 175491 175491 175491 175491 175491 175491 175491 175491 175491 175491 175491 175491
175491 175491 175491 175491 175491 175491 175491 175491 175491 175491 175491 175491 175491 175491 175491 175491 175491 175491 175491 175491 175491 175491 175491
175491 175491 175491 175491 175491 175491 175491 175491 175491 175491 175491 175491 175491 175491 175491 175491 175491 175491 175491 175491 175491 175491 175491 175491
175491 175491 175491 175491 175491 175491 175491 175491 175491 175491 175491 175491 175491 175491 175491 175491 175491 175491 175491 175491 175491 175491 175491 175491 175491
175491 175491 175491 175491 175491 175491 175491 175491 175491 175491 175491 175491 175491 175491 175491 175491 175491 175491 175491 175491 175491 175491 175491 175491 175491 175491
175491 175491 175491 175491 175491 175491 175491 175491 175491 175491 175491 175491 175491 175491 175491 175491 175491 175491 175491 175491 175491 175491 175491 175491 175491 175491 175491
175491 175491 175491 175491 175491 175491 175491 175491 175491 175491 175491 175491 175491 175491 175491 175491 175491 175491 175491 175491 175491 175491 175491 175491 175491 175491 175491 175491
175491 175491 175491 175491 175491 175491 175491 175491 175491 175491 175491 175491 175491 175491 175491 175491 175491 175491 175491 175491 175491 175491 175491 175491 175491 175491 175491 175491 175491
175491 175491 175491 175491 175491 175491 175491 175491 175491 175491 175491 175491 175491 175491 175491 175491 175491 175491 175491 175491 175491 175491 175491 175491 175491 175491 175491 175491 175491 175491
175491 175491 175491 175491 175491 175491 175491 175491 175491 175491 175491 175491 175491 175491 175491 175491 175491 175491 175491 175491 175491 175491 175491 175491 175491 175491 175491 175491 175491 175491 175491
175491 175491 175491 175491 175491 175491 175491 175491 175491 175491 175491 175491 175491 175491 175491 175491 175491 175491 175491 175491 175491 175491 175491 175491 175491 175491 175491 175491 175491 175491 175491 175491
175491 175491 175491 175491 175491 175491 175491 175491 175491 175491 175491 175491 175491 175491 175491 175491 175491 175491 175491 175491 175491 175491 175491 175491 175491 175491 175491 175491 175491 175491 175491 175491 175491
175491 175491 175491 175491 175491 175491 175491 175491 175491 175491 175491 175491 175491 175491 175491 175491 175491 175491 175491 175491 175491 175491 175491 175491 175491 175491 175491 175491 175491 175491 175491 175491 175491 175491
175491 175491 175491 175491 175491 175491 175491 175491 175491 175491 175491 175491 175491 175491 175491 175491 175491 175491 175491 175491 175491 175491 175491 175491 175491 175491 175491 175491 175491 175491 175491 175491 175491 175491 175491
175491 175491 175491 175491 175491 175491 175491 175491 175491 175491 175491 175491 175491 175491 175491 175491 175491 175491 175491 175491 175491 175491 175491 175491 175491 175491 175491 175491 175491 175491 175491 175491 175491 175491 175491 175491
175491 175491 175491 175491 175491 175491 175491 175491 175491 175491 175491 175491 175491 175491 175491 175491 175491 175491 175491 175491 175491 175491 175491 175491 175491 175491 175491 175491 175491 175491 175491 175491 175491 175491 175491 175491 175491
175491 175491 175491 175491 175491 175491 175491 175491 175491 175491 175491 175491 175491 175491 175491 175491 175491 175491 175491 175491 175491 175491 175491 175491 175491 175491 175491 175491 175491 175491 175491 175491 175491 175491 175491 175491 175491 175491
175491 175491 175491 175491 175491 175491 175491 175491 175491 175491 175491 175491 175491 175491 175491 175491 175491 175491 175491 175491 175491 175491 175491 175491 175491 175491 175491 175491 175491 175491 175491 175491 175491 175491 175491 175491 175491 175491 175491
