78
32 28 175491
32 16 175491
32 17 175491
32 18 175491
32 19 175491
32 20 175491
32 21 175491
32 22 175491
32 23 175491
32 24 175491
32 25 175491
32 26 175491
32 27 175491
32 15 175491
32 29 175491
32 30 175491
32 31 175491
33 0 175491
33 1 175491
33 2 175491
33 3 175491
33 4 175491
33 5 175491
33 6 175491
33 7 175491
32 3 175491
33 8 175491
32 9 175491
32 10 175491
32 11 175491
32 12 175491
32 13 175491
32 14 175491
34 12 175491
38 16 175491
37 28 175491
37 35 175491
37 36 175491
39 27 175491
5 1 175491
10 3 175491
5 2 175491
2 0 175491
3 0 175491
4 0 175491
6 0 175491
7 0 175491
8 7 175491
9 1 175491
20 5 175491
11 6 175491
14 5 175491
12 0 175491
13 6 175491
18 16 175491
17 10 175491
15 4 175491
16 0 175491
19 12 175491
26 4 175491
22 12 175491
21 0 175491
23 3 175491
24 15 175491
27 13 175491
25 4 175491
28 0 175491
30 3 175491
29 0 175491
34 24 175491
31 21 175491
33 31 175491
32 3 175491
38 16 175491
35 1 175491
36 3 175491
37 15 175491
39 13 175491
