78
32 28 790854
32 16 790854
32 17 790854
32 18 790854
32 19 790854
32 20 790854
32 21 790854
32 22 790854
32 23 790854
32 24 790854
32 25 790854
32 26 790854
32 27 790854
32 15 790854
32 29 790854
32 30 790854
32 31 790854
33 0 790854
33 1 790854
33 2 790854
33 3 790854
33 4 790854
33 5 790854
33 6 790854
33 7 790854
32 3 790854
33 8 790854
32 9 790854
32 10 790854
32 11 790854
32 12 790854
32 13 790854
32 14 790854
34 12 790854
38 16 790854
37 28 790854
37 35 790854
37 36 790854
39 27 790854
5 1 806691
10 3 806691
5 2 806691
2 0 806691
3 0 806691
4 0 806691
6 0 806691
7 0 806691
8 7 806691
9 1 806691
20 5 806691
11 6 806691
14 5 806691
12 0 806691
13 6 806691
18 16 806691
17 10 806691
15 4 806691
16 0 806691
19 12 806691
26 4 806691
22 12 806691
21 0 806691
23 3 806691
24 15 806691
27 13 806691
25 4 806691
28 0 806691
30 3 806691
29 0 806691
34 24 806691
31 21 806691
33 31 806691
32 3 806691
38 16 806691
35 1 806691
36 3 806691
37 15 806691
39 13 806691
