40 1000000
209146
209146 209146
209146 209146 209146
209146 209146 209146 209146
209146 209146 209146 209146 209146
209146 209146 209146 209146 209146 209146
209146 209146 209146 209146 209146 209146 209146
209146 209146 209146 209146 209146 209146 209146 209146
209146 209146 209146 209146 209146 209146 209146 209146 209146
209146 209146 209146 209146 209146 209146 209146 209146 209146 209146
209146 209146 209146 209146 209146 209146 209146 209146 209146 209146 209146
209146 209146 209146 209146 209146 209146 209146 209146 209146 209146 209146 209146
209146 209146 209146 209146 209146 209146 209146 209146 209146 209146 209146 209146 209146
209146 209146 209146 209146 209146 209146 209146 209146 209146 209146 209146 209146 209146 209146
209146 209146 209146 209146 209146 209146 209146 209146 209146 209146 209146 209146 209146 209146 209146
209146 209146 209146 209146 209146 209146 209146 209146 209146 209146 209146 209146 209146 209146 209146 209146
209146 209146 209146 209146 209146 209146 209146 209146 209146 209146 209146 209146 209146 209146 209146 209146 209146
209146 209146 209146 209146 209146 209146 209146 209146 209146 209146 209146 209146 209146 209146 209146 209146 209146 209146
209146 209146 209146 209146 209146 209146 209146 209146 209146 209146 209146 209146 209146 209146 209146 209146 209146 209146 209146
209146 209146 209146 209146 209146 209146 209146 209146 209146 209146 209146 209146 209146 209146 209146 209146 209146 209146 209146 209146
209146 209146 209146 209146 209146 209146 209146 209146 209146 209146 209146 209146 209146 209146 209146 209146 209146 209146 209146 209146 209146
209146 209146 209146 209146 209146 209146 209146 209146 209146 209146 209146 209146 209146 209146 209146 209146 209146 209146 209146 209146 209146 209146
209146 209146 209146 209146 209146 209146 209146 209146 209146 209146 209146 209146 209146 209146 209146 209146 209146 209146 209146 209146 209146 209146 209146
209146 209146 209146 209146 209146 209146 209146 209146 209146 209146 209146 209146 209146 209146 209146 209146 209146 209146 209146 209146 209146 209146 209146 209146
209146 209146 209146 209146 209146 209146 209146 209146 209146 209146 209146 209146 209146 209146 209146 209146 209146 209146 209146 209146 209146 209146 209146 209146 209146
209146 209146 209146 209146 209146 209146 209146 209146 209146 209146 209146 209146 209146 209146 209146 209146 209146 209146 209146 209146 209146 209146 209146 209146 209146 209146
209146 209146 209146 209146 209146 209146 209146 209146 209146 209146 209146 209146 209146 209146 209146 209146 209146 209146 209146 209146 209146 209146 209146 209146 209146 209146 209146
209146 209146 209146 209146 209146 209146 209146 209146 209146 209146 209146 209146 209146 209146 209146 209146 209146 209146 209146 209146 209146 209146 209146 209146 209146 209146 209146 209146
209146 209146 209146 209146 209146 209146 209146 209146 209146 209146 209146 209146 209146 209146 209146 209146 209146 209146 209146 209146 209146 209146 209146 209146 209146 209146 209146 209146 209146
209146 209146 209146 209146 209146 209146 209146 209146 209146 209146 209146 209146 209146 209146 209146 209146 209146 209146 209146 209146 209146 209146 209146 209146 209146 209146 209146 209146 209146 209146
209146 209146 209146 209146 209146 209146 209146 209146 209146 209146 209146 209146 209146 209146 209146 209146 209146 209146 209146 209146 209146 209146 209146 209146 209146 209146 209146 209146 209146 209146 209146
209146 209146 209146 209146 209146 209146 209146 209146 209146 209146 209146 209146 209146 209146 209146 209146 209146 209146 209146 209146 209146 209146 209146 209146 209146 209146 209146 209146 209146 209146 209146 209146
209146 209146 209146 209146 209146 209146 209146 209146 209146 209146 209146 209146 209146 209146 209146 209146 209146 209146 209146 209146 209146 209146 209146 209146 209146 209146 209146 209146 209146 209146 209146 209146 209146
209146 209146 209146 209146 209146 209146 209146 209146 209146 209146 209146 209146 209146 209146 209146 209146 209146 209146 209146 209146 209146 209146 209146 209146 209146 209146 209146 209146 209146 209146 209146 209146 209146 209146
209146 209146 209146 209146 209146 209146 209146 209146 209146 209146 209146 209146 209146 209146 209146 209146 209146 209146 209146 209146 209146 209146 209146 209146 209146 209146 209146 209146 209146 209146 209146 209146 209146 209146 209146
209146 209146 209146 209146 209146 209146 209146 209146 209146 209146 209146 209146 209146 209146 209146 209146 209146 209146 209146 209146 209146 209146 209146 209146 209146 209146 209146 209146 209146 209146 209146 209146 209146 209146 209146 209146
209146 209146 209146 209146 209146 209146 209146 209146 209146 209146 209146 209146 209146 209146 209146 209146 209146 209146 209146 209146 209146 209146 209146 209146 209146 209146 209146 209146 209146 209146 209146 209146 209146 209146 209146 209146 209146
209146 209146 209146 209146 209146 209146 209146 209146 209146 209146 209146 209146 209146 209146 209146 209146 209146 209146 209146 209146 209146 209146 209146 209146 209146 209146 209146 209146 209146 209146 209146 209146 209146 209146 209146 209146 209146 209146
209146 209146 209146 209146 209146 209146 209146 209146 209146 209146 209146 209146 209146 209146 209146 209146 209146 209146 209146 209146 209146 209146 209146 209146 209146 209146 209146 209146 209146 209146 209146 209146 209146 209146 209146 209146 209146 209146 209146
806691
806691 806691
806691 806691 806691
806691 806691 806691 806691
806691 806691 806691 806691 806691
806691 806691 806691 806691 806691 806691
806691 806691 806691 806691 806691 806691 806691
806691 806691 806691 806691 806691 806691 806691 806691
806691 806691 806691 806691 806691 806691 806691 806691 806691
806691 806691 806691 806691 806691 806691 806691 806691 806691 806691
806691 806691 806691 806691 806691 806691 806691 806691 806691 806691 806691
806691 806691 806691 806691 806691 806691 806691 806691 806691 806691 806691 806691
806691 806691 806691 806691 806691 806691 806691 806691 806691 806691 806691 806691 806691
806691 806691 806691 806691 806691 806691 806691 806691 806691 806691 806691 806691 806691 806691
806691 806691 806691 806691 806691 806691 806691 806691 806691 806691 806691 806691 806691 806691 806691
806691 806691 806691 806691 806691 806691 806691 806691 806691 806691 806691 806691 806691 806691 806691 806691
806691 806691 806691 806691 806691 806691 806691 806691 806691 806691 806691 806691 806691 806691 806691 806691 806691
806691 806691 806691 806691 806691 806691 806691 806691 806691 806691 806691 806691 806691 806691 806691 806691 806691 806691
806691 806691 806691 806691 806691 806691 806691 806691 806691 806691 806691 806691 806691 806691 806691 806691 806691 806691 806691
806691 806691 806691 806691 806691 806691 806691 806691 806691 806691 806691 806691 806691 806691 806691 806691 806691 806691 806691 806691
806691 806691 806691 806691 806691 806691 806691 806691 806691 806691 806691 806691 806691 806691 806691 806691 806691 806691 806691 806691 806691
806691 806691 806691 806691 806691 806691 806691 806691 806691 806691 806691 806691 806691 806691 806691 806691 806691 806691 806691 806691 806691 806691
806691 806691 806691 806691 806691 806691 806691 806691 806691 806691 806691 806691 806691 806691 806691 806691 806691 806691 806691 806691 806691 806691 806691
806691 806691 806691 806691 806691 806691 806691 806691 806691 806691 806691 806691 806691 806691 806691 806691 806691 806691 806691 806691 806691 806691 806691 806691
806691 806691 806691 806691 806691 806691 806691 806691 806691 806691 806691 806691 806691 806691 806691 806691 806691 806691 806691 806691 806691 806691 806691 806691 806691
806691 806691 806691 806691 806691 806691 806691 806691 806691 806691 806691 806691 806691 806691 806691 806691 806691 806691 806691 806691 806691 806691 806691 806691 806691 806691
806691 806691 806691 806691 806691 806691 806691 806691 806691 806691 806691 806691 806691 806691 806691 806691 806691 806691 806691 806691 806691 806691 806691 806691 806691 806691 806691
806691 806691 806691 806691 806691 806691 806691 806691 806691 806691 806691 806691 806691 806691 806691 806691 806691 806691 806691 806691 806691 806691 806691 806691 806691 806691 806691 806691
806691 806691 806691 806691 806691 806691 806691 806691 806691 806691 806691 806691 806691 806691 806691 806691 806691 806691 806691 806691 806691 806691 806691 806691 806691 806691 806691 806691 806691
806691 806691 806691 806691 806691 806691 806691 806691 806691 806691 806691 806691 806691 806691 806691 806691 806691 806691 806691 806691 806691 806691 806691 806691 806691 806691 806691 806691 806691 806691
806691 806691 806691 806691 806691 806691 806691 806691 806691 806691 806691 806691 806691 806691 806691 806691 806691 806691 806691 806691 806691 806691 806691 806691 806691 806691 806691 806691 806691 806691 806691
806691 806691 806691 806691 806691 806691 806691 806691 806691 806691 806691 806691 806691 806691 806691 806691 806691 806691 806691 806691 806691 806691 806691 806691 806691 806691 806691 806691 806691 806691 806691 806691
806691 806691 806691 806691 806691 806691 806691 806691 806691 806691 806691 806691 806691 806691 806691 806691 806691 806691 806691 806691 806691 806691 806691 806691 806691 806691 806691 806691 806691 806691 806691 806691 806691
806691 806691 806691 806691 806691 806691 806691 806691 806691 806691 806691 806691 806691 806691 806691 806691 806691 806691 806691 806691 806691 806691 806691 806691 806691 806691 806691 806691 806691 806691 806691 806691 806691 806691
806691 806691 806691 806691 806691 806691 806691 806691 806691 806691 806691 806691 806691 806691 806691 806691 806691 806691 806691 806691 806691 806691 806691 806691 806691 806691 806691 806691 806691 806691 806691 806691 806691 806691 806691
806691 806691 806691 806691 806691 806691 806691 806691 806691 806691 806691 806691 806691 806691 806691 806691 806691 806691 806691 806691 806691 806691 806691 806691 806691 806691 806691 806691 806691 806691 806691 806691 806691 806691 806691 806691
806691 806691 806691 806691 806691 806691 806691 806691 806691 806691 806691 806691 806691 806691 806691 806691 806691 806691 806691 806691 806691 806691 806691 806691 806691 806691 806691 806691 806691 806691 806691 806691 806691 806691 806691 806691 806691
806691 806691 806691 806691 806691 806691 806691 806691 806691 806691 806691 806691 806691 806691 806691 806691 806691 806691 806691 806691 806691 806691 806691 806691 806691 806691 806691 806691 806691 806691 806691 806691 806691 806691 806691 806691 806691 806691
806691 806691 806691 806691 806691 806691 806691 806691 806691 806691 806691 806691 806691 806691 806691 806691 806691 806691 806691 806691 806691 806691 806691 806691 806691 806691 806691 806691 806691 806691 806691 806691 806691 806691 806691 806691 806691 806691 806691
