40 1000000
750045
750045 750045
750045 750045 750045
750045 750045 750045 750045
750045 750045 750045 750045 750045
750045 750045 750045 750045 750045 750045
750045 750045 750045 750045 750045 750045 750045
750045 750045 750045 750045 750045 750045 750045 750045
750045 750045 750045 750045 750045 750045 750045 750045 750045
750045 750045 750045 750045 750045 750045 750045 750045 750045 750045
750045 750045 750045 750045 750045 750045 750045 750045 750045 750045 750045
750045 750045 750045 750045 750045 750045 750045 750045 750045 750045 750045 750045
750045 750045 750045 750045 750045 750045 750045 750045 750045 750045 750045 750045 750045
750045 750045 750045 750045 750045 750045 750045 750045 750045 750045 750045 750045 750045 750045
750045 750045 750045 750045 750045 750045 750045 750045 750045 750045 750045 750045 750045 750045 750045
750045 750045 750045 750045 750045 750045 750045 750045 750045 750045 750045 750045 750045 750045 750045 750045
750045 750045 750045 750045 750045 750045 750045 750045 750045 750045 750045 750045 750045 750045 750045 750045 750045
750045 750045 750045 750045 750045 750045 750045 750045 750045 750045 750045 750045 750045 750045 750045 750045 750045 750045
750045 750045 750045 750045 750045 750045 750045 750045 750045 750045 750045 750045 750045 750045 750045 750045 750045 750045 750045
750045 750045 750045 750045 750045 750045 750045 750045 750045 750045 750045 750045 750045 750045 750045 750045 750045 750045 750045 750045
750045 750045 750045 750045 750045 750045 750045 750045 750045 750045 750045 750045 750045 750045 750045 750045 750045 750045 750045 750045 750045
750045 750045 750045 750045 750045 750045 750045 750045 750045 750045 750045 750045 750045 750045 750045 750045 750045 750045 750045 750045 750045 750045
750045 750045 750045 750045 750045 750045 750045 750045 750045 750045 750045 750045 750045 750045 750045 750045 750045 750045 750045 750045 750045 750045 750045
750045 750045 750045 750045 750045 750045 750045 750045 750045 750045 750045 750045 750045 750045 750045 750045 750045 750045 750045 750045 750045 750045 750045 750045
750045 750045 750045 750045 750045 750045 750045 750045 750045 750045 750045 750045 750045 750045 750045 750045 750045 750045 750045 750045 750045 750045 750045 750045 750045
750045 750045 750045 750045 750045 750045 750045 750045 750045 750045 750045 750045 750045 750045 750045 750045 750045 750045 750045 750045 750045 750045 750045 750045 750045 750045
750045 750045 750045 750045 750045 750045 750045 750045 750045 750045 750045 750045 750045 750045 750045 750045 750045 750045 750045 750045 750045 750045 750045 750045 750045 750045 750045
750045 750045 750045 750045 750045 750045 750045 750045 750045 750045 750045 750045 750045 750045 750045 750045 750045 750045 750045 750045 750045 750045 750045 750045 750045 750045 750045 750045
750045 750045 750045 750045 750045 750045 750045 750045 750045 750045 750045 750045 750045 750045 750045 750045 750045 750045 750045 750045 750045 750045 750045 750045 750045 750045 750045 750045 750045
750045 750045 750045 750045 750045 750045 750045 750045 750045 750045 750045 750045 750045 750045 750045 750045 750045 750045 750045 750045 750045 750045 750045 750045 750045 750045 750045 750045 750045 750045
750045 750045 750045 750045 750045 750045 750045 750045 750045 750045 750045 750045 750045 750045 750045 750045 750045 750045 750045 750045 750045 750045 750045 750045 750045 750045 750045 750045 750045 750045 750045
750045 750045 750045 750045 750045 750045 750045 750045 750045 750045 750045 750045 750045 750045 750045 750045 750045 750045 750045 750045 750045 750045 750045 750045 750045 750045 750045 750045 750045 750045 750045 750045
750045 750045 750045 750045 750045 750045 750045 750045 750045 750045 750045 750045 750045 750045 750045 750045 750045 750045 750045 750045 750045 750045 750045 750045 750045 750045 750045 750045 750045 750045 750045 750045 750045
750045 750045 750045 750045 750045 750045 750045 750045 750045 750045 750045 750045 750045 750045 750045 750045 750045 750045 750045 750045 750045 750045 750045 750045 750045 750045 750045 750045 750045 750045 750045 750045 750045 750045
750045 750045 750045 750045 750045 750045 750045 750045 750045 750045 750045 750045 750045 750045 750045 750045 750045 750045 750045 750045 750045 750045 750045 750045 750045 750045 750045 750045 750045 750045 750045 750045 750045 750045 750045
750045 750045 750045 750045 750045 750045 750045 750045 750045 750045 750045 750045 750045 750045 750045 750045 750045 750045 750045 750045 750045 750045 750045 750045 750045 750045 750045 750045 750045 750045 750045 750045 750045 750045 750045 750045
750045 750045 750045 750045 750045 750045 750045 750045 750045 750045 750045 750045 750045 750045 750045 750045 750045 750045 750045 750045 750045 750045 750045 750045 750045 750045 750045 750045 750045 750045 750045 750045 750045 750045 750045 750045 750045
750045 750045 750045 750045 750045 750045 750045 750045 750045 750045 750045 750045 750045 750045 750045 750045 750045 750045 750045 750045 750045 750045 750045 750045 750045 750045 750045 750045 750045 750045 750045 750045 750045 750045 750045 750045 750045 750045
750045 750045 750045 750045 750045 750045 750045 750045 750045 750045 750045 750045 750045 750045 750045 750045 750045 750045 750045 750045 750045 750045 750045 750045 750045 750045 750045 750045 750045 750045 750045 750045 750045 750045 750045 750045 750045 750045 750045
160579
160579 160579
160579 160579 160579
160579 160579 160579 160579
160579 160579 160579 160579 160579
160579 160579 160579 160579 160579 160579
160579 160579 160579 160579 160579 160579 160579
160579 160579 160579 160579 160579 160579 160579 160579
160579 160579 160579 160579 160579 160579 160579 160579 160579
160579 160579 160579 160579 160579 160579 160579 160579 160579 160579
160579 160579 160579 160579 160579 160579 160579 160579 160579 160579 160579
160579 160579 160579 160579 160579 160579 160579 160579 160579 160579 160579 160579
160579 160579 160579 160579 160579 160579 160579 160579 160579 160579 160579 160579 160579
160579 160579 160579 160579 160579 160579 160579 160579 160579 160579 160579 160579 160579 160579
160579 160579 160579 160579 160579 160579 160579 160579 160579 160579 160579 160579 160579 160579 160579
160579 160579 160579 160579 160579 160579 160579 160579 160579 160579 160579 160579 160579 160579 160579 160579
160579 160579 160579 160579 160579 160579 160579 160579 160579 160579 160579 160579 160579 160579 160579 160579 160579
160579 160579 160579 160579 160579 160579 160579 160579 160579 160579 160579 160579 160579 160579 160579 160579 160579 160579
160579 160579 160579 160579 160579 160579 160579 160579 160579 160579 160579 160579 160579 160579 160579 160579 160579 160579 160579
160579 160579 160579 160579 160579 160579 160579 160579 160579 160579 160579 160579 160579 160579 160579 160579 160579 160579 160579 160579
160579 160579 160579 160579 160579 160579 160579 160579 160579 160579 160579 160579 160579 160579 160579 160579 160579 160579 160579 160579 160579
160579 160579 160579 160579 160579 160579 160579 160579 160579 160579 160579 160579 160579 160579 160579 160579 160579 160579 160579 160579 160579 160579
160579 160579 160579 160579 160579 160579 160579 160579 160579 160579 160579 160579 160579 160579 160579 160579 160579 160579 160579 160579 160579 160579 160579
160579 160579 160579 160579 160579 160579 160579 160579 160579 160579 160579 160579 160579 160579 160579 160579 160579 160579 160579 160579 160579 160579 160579 160579
160579 160579 160579 160579 160579 160579 160579 160579 160579 160579 160579 160579 160579 160579 160579 160579 160579 160579 160579 160579 160579 160579 160579 160579 160579
160579 160579 160579 160579 160579 160579 160579 160579 160579 160579 160579 160579 160579 160579 160579 160579 160579 160579 160579 160579 160579 160579 160579 160579 160579 160579
160579 160579 160579 160579 160579 160579 160579 160579 160579 160579 160579 160579 160579 160579 160579 160579 160579 160579 160579 160579 160579 160579 160579 160579 160579 160579 160579
160579 160579 160579 160579 160579 160579 160579 160579 160579 160579 160579 160579 160579 160579 160579 160579 160579 160579 160579 160579 160579 160579 160579 160579 160579 160579 160579 160579
160579 160579 160579 160579 160579 160579 160579 160579 160579 160579 160579 160579 160579 160579 160579 160579 160579 160579 160579 160579 160579 160579 160579 160579 160579 160579 160579 160579 160579
160579 160579 160579 160579 160579 160579 160579 160579 160579 160579 160579 160579 160579 160579 160579 160579 160579 160579 160579 160579 160579 160579 160579 160579 160579 160579 160579 160579 160579 160579
160579 160579 160579 160579 160579 160579 160579 160579 160579 160579 160579 160579 160579 160579 160579 160579 160579 160579 160579 160579 160579 160579 160579 160579 160579 160579 160579 160579 160579 160579 160579
160579 160579 160579 160579 160579 160579 160579 160579 160579 160579 160579 160579 160579 160579 160579 160579 160579 160579 160579 160579 160579 160579 160579 160579 160579 160579 160579 160579 160579 160579 160579 160579
160579 160579 160579 160579 160579 160579 160579 160579 160579 160579 160579 160579 160579 160579 160579 160579 160579 160579 160579 160579 160579 160579 160579 160579 160579 160579 160579 160579 160579 160579 160579 160579 160579
160579 160579 160579 160579 160579 160579 160579 160579 160579 160579 160579 160579 160579 160579 160579 160579 160579 160579 160579 160579 160579 160579 160579 160579 160579 160579 160579 160579 160579 160579 160579 160579 160579 160579
160579 160579 160579 160579 160579 160579 160579 160579 160579 160579 160579 160579 160579 160579 160579 160579 160579 160579 160579 160579 160579 160579 160579 160579 160579 160579 160579 160579 160579 160579 160579 160579 160579 160579 160579
160579 160579 160579 160579 160579 160579 160579 160579 160579 160579 160579 160579 160579 160579 160579 160579 160579 160579 160579 160579 160579 160579 160579 160579 160579 160579 160579 160579 160579 160579 160579 160579 160579 160579 160579 160579
160579 160579 160579 160579 160579 160579 160579 160579 160579 160579 160579 160579 160579 160579 160579 160579 160579 160579 160579 160579 160579 160579 160579 160579 160579 160579 160579 160579 160579 160579 160579 160579 160579 160579 160579 160579 160579
160579 160579 160579 160579 160579 160579 160579 160579 160579 160579 160579 160579 160579 160579 160579 160579 160579 160579 160579 160579 160579 160579 160579 160579 160579 160579 160579 160579 160579 160579 160579 160579 160579 160579 160579 160579 160579 160579
160579 160579 160579 160579 160579 160579 160579 160579 160579 160579 160579 160579 160579 160579 160579 160579 160579 160579 160579 160579 160579 160579 160579 160579 160579 160579 160579 160579 160579 160579 160579 160579 160579 160579 160579 160579 160579 160579 160579
