171
0
0 1
1 2 0
2 0 1 3
1 4 2 3 0
5 3 0 1 4 2
6 1 5 4 2 3 0
3 1 5 4 7 2 0 6
8 4 1 6 2 7 5 0 3
3 0 9 8 4 5 6 7 1 2
8 5 2 7 1 9 10 6 0 3 4
7 9 8 2 11 1 10 5 6 3 4 0
4 11 2 8 3 1 7 5 0 9 6 10 12
0 3 13 7 8 6 12 4 2 1 5 10 11 9
6 12 5 9 7 1 14 2 10 8 0 11 3 4 13
2 3 8 9 12 14 7 13 0 10 4 5 6 15 1 11
0 3 8 1 14 7 2 9 5 13 4 16 12 6 10 15 11
4 16 12 13 3 10 0 8 9 1 7 6 14 17 2 15 5 11
18 3 15 13 14 16 4 9 1 0 5 6 8 10 12 2 7 11 17
7 4 1 9 17 13 0 19 3 16 15 2 12 5 10 11 8 6 14 18
17 10 11 18 16 20 19 6 5 13 3 15 4 12 9 7 0 1 14 8 2
21 5 16 12 0 8 14 10 1 2 11 6 15 4 20 9 3 7 13 17 19 18
15 11 14 9 7 12 4 17 8 13 20 0 6 2 16 21 3 10 1 22 18 5 19
16 12 5 6 4 8 7 2 15 0 9 11 22 21 18 3 1 10 23 19 20 17 14 13
21 5 0 1 7 2 19 8 22 17 3 16 6 13 11 18 23 4 12 10 20 14 24 9 15
13 22 9 23 21 15 20 7 11 2 6 3 16 19 10 24 17 14 4 25 5 1 8 12 0 18
16 26 6 18 23 3 25 5 7 13 2 1 12 21 17 0 8 11 15 20 19 24 22 4 14 10 9
1 17 10 16 25 8 12 24 20 15 19 9 0 22 2 21 11 7 5 23 26 3 6 4 27 13 18 14
14 24 8 5 11 10 28 15 20 23 21 17 27 2 4 0 26 16 19 3 7 25 12 18 13 9 6 1 22
25 27 10 6 8 14 4 1 28 5 21 26 11 7 2 17 9 20 15 12 16 22 29 24 18 13 19 23 0 3
26 8 7 16 22 23 1 15 3 19 12 27 14 30 18 28 25 13 5 0 20 2 21 4 9 11 6 29 17 24 10
31 5 3 26 15 23 22 16 28 19 0 24 6 11 30 14 2 27 29 25 7 18 20 8 4 12 1 17 13 21 10 9
27 1 18 19 22 10 13 28 26 7 32 11 25 14 5 8 2 31 24 21 29 6 16 4 9 20 30 12 17 0 3 15 23
3 11 17 21 9 1 2 30 13 4 20 10 32 16 0 12 7 8 18 29 5 15 31 22 14 26 33 25 27 19 28 6 23 24
29 2 23 10 7 15 31 3 16 32 33 21 22 30 28 17 8 5 6 34 25 4 14 12 20 19 13 18 1 26 9 27 24 11 0
3 1 6 8 26 14 12 5 25 13 27 2 30 0 15 35 9 16 34 31 24 21 29 11 19 23 20 28 18 32 10 4 22 17 33 7
4 2 23 35 31 29 25 0 20 6 21 24 16 28 30 33 10 19 17 26 18 11 32 13 1 3 36 8 22 7 34 14 9 15 12 5 27
20 30 32 35 0 15 31 5 7 17 27 28 11 6 2 3 21 37 19 13 18 34 22 36 10 1 33 26 14 16 12 23 8 24 4 25 9 29
24 16 31 13 25 23 36 14 30 35 20 17 4 38 5 27 2 34 19 10 15 18 8 3 22 26 37 1 33 7 11 28 29 6 9 12 32 0 21
5 13 21 17 6 38 7 39 10 18 31 36 1 12 30 25 33 28 26 19 34 37 20 29 32 16 14 23 4 8 2 15 9 3 35 0 27 24 22 11
13 8 5 37 40 12 31 16 19 34 39 15 20 25 23 26 3 22 21 14 35 1 7 38 28 0 24 17 29 11 4 27 10 36 33 6 32 18 30 2 9
12 41 31 32 5 7 10 6 22 0 36 25 40 20 35 19 8 29 21 15 30 39 37 17 26 4 24 27 2 11 28 9 16 14 34 1 18 33 38 13 23 3
28 34 40 15 39 7 21 11 18 24 35 9 16 0 32 41 25 5 30 14 2 29 12 4 20 27 26 13 8 3 31 38 1 6 10 36 19 33 23 17 37 22 42
1 31 25 40 13 14 34 36 9 28 18 15 32 30 27 41 39 35 38 8 33 4 23 17 19 3 6 24 2 22 20 42 43 11 5 16 0 29 7 12 37 10 21 26
39 18 5 36 21 27 9 38 19 16 15 40 29 30 44 7 35 20 42 28 22 23 43 26 0 33 10 11 25 3 2 34 1 14 32 31 8 12 6 13 41 4 17 37 24
10 28 9 19 24 41 18 3 38 17 11 43 37 39 45 6 14 12 30 34 7 5 4 0 32 1 26 36 29 40 21 8 42 15 27 2 33 22 13 35 16 23 25 31 20 44
22 9 23 13 0 41 42 17 21 28 6 39 24 11 34 43 38 25 4 26 46 29 37 18 8 44 30 10 45 7 35 1 36 20 15 3 14 16 19 32 2 12 27 40 31 5 33
1 9 29 5 12 0 14 32 40 47 37 15 21 33 39 28 16 43 27 41 30 3 11 34 36 2 10 35 4 17 46 8 22 18 38 25 45 23 20 7 26 13 24 42 31 44 19 6
19 38 3 12 39 25 40 2 44 32 42 27 0 33 21 24 17 22 8 29 18 13 4 23 6 35 45 34 28 48 26 47 16 46 11 30 31 9 14 36 15 41 37 5 43 7 10 1 20
38 24 17 4 7 39 9 19 20 26 8 0 44 46 40 48 33 10 6 43 41 35 47 18 32 37 22 36 45 42 2 30 5 15 1 21 28 14 16 3 34 31 12 23 25 27 49 29 11 13
5 47 28 20 50 10 31 34 17 13 30 42 49 15 39 18 19 35 9 23 48 29 27 4 6 43 3 22 37 16 12 2 33 11 26 14 38 25 7 36 41 32 24 45 1 8 40 0 21 44 46
47 49 8 13 12 36 29 6 24 38 5 35 0 26 41 22 45 44 32 14 33 7 51 30 37 10 17 23 25 31 16 34 39 43 46 3 50 42 11 2 20 4 9 19 48 18 27 40 15 1 21 28
7 45 41 24 51 4 5 1 18 3 13 6 16 22 9 29 39 46 33 10 2 30 27 37 26 14 25 47 21 32 28 20 43 35 0 44 23 15 12 36 17 31 42 8 52 34 50 48 11 49 19 40 38
26 35 17 4 20 29 13 32 21 8 38 18 16 52 49 19 42 39 36 40 33 28 7 47 11 31 12 37 51 43 2 23 48 27 50 15 9 34 25 5 10 0 53 22 44 1 30 46 3 14 45 24 6 41
4 37 6 26 38 18 43 1 15 31 25 10 11 21 48 17 54 44 46 33 30 47 16 52 39 20 14 50 29 34 22 3 36 51 41 8 23 12 49 19 42 45 35 5 13 7 53 24 28 0 32 2 9 40 27
34 8 2 1 50 55 43 42 45 47 54 46 18 30 23 38 51 36 24 9 15 10 22 4 25 27 0 28 3 5 31 6 39 16 41 29 49 7 35 13 48 26 19 33 21 12 14 32 44 11 37 53 40 20 17 52
42 39 23 8 30 2 40 4 47 54 6 56 37 13 19 24 7 20 52 22 10 12 25 33 1 46 51 3 50 21 34 15 43 26 31 5 11 48 18 29 9 14 28 44 35 27 53 38 41 0 36 16 49 45 55 32 17
20 33 37 14 45 52 56 32 51 13 2 27 35 34 3 47 26 44 18 55 31 23 17 10 4 42 19 38 50 48 12 46 54 21 7 30 11 57 39 41 0 9 24 6 36 8 15 1 53 40 16 28 29 43 25 22 49 5
32 0 30 25 2 34 14 35 21 50 33 57 11 48 22 56 51 43 27 44 26 45 6 17 1 12 18 55 49 20 13 3 15 7 36 16 39 38 19 10 53 8 29 46 4 41 40 47 52 58 24 9 5 37 31 23 42 28 54
37 5 51 4 1 10 21 45 20 57 22 15 36 56 8 42 55 16 44 38 6 28 58 52 43 41 53 50 24 13 54 14 25 40 35 31 7 23 12 2 30 59 34 26 29 18 9 47 19 48 0 39 27 3 49 11 33 46 17 32
34 37 22 24 55 44 50 11 33 29 49 20 8 4 38 7 15 21 9 43 27 57 10 3 1 35 59 41 16 58 12 46 30 51 2 40 39 28 18 53 32 47 5 45 36 52 0 25 13 42 23 6 14 31 48 26 17 54 60 19 56
48 0 39 29 43 36 26 13 47 32 23 40 57 14 4 19 24 27 30 33 28 22 18 17 35 45 50 25 11 52 60 37 49 54 31 21 7 3 44 61 53 15 41 8 51 6 58 10 1 55 59 46 56 38 12 2 34 9 20 16 5 42
15 48 5 7 25 36 40 45 61 49 12 43 47 28 20 11 57 26 30 19 10 35 32 23 59 54 58 21 1 9 42 6 56 52 3 55 51 18 34 62 4 24 22 27 13 41 50 33 17 14 0 39 46 2 38 37 16 53 44 29 8 60 31
0 39 16 43 31 7 30 14 49 45 54 53 10 55 42 40 6 58 38 32 22 13 21 4 35 17 2 48 47 51 62 1 24 63 15 3 9 23 18 33 61 34 59 11 46 37 29 8 60 26 44 36 5 20 27 57 56 28 25 50 12 19 41 52
13 0 58 38 43 6 62 31 42 47 17 48 49 10 26 29 56 53 11 2 64 39 46 35 59 24 30 5 36 57 27 15 23 60 7 21 20 44 16 3 41 28 54 63 32 61 51 34 52 22 25 1 45 18 8 4 50 55 40 9 37 14 33 19 12
18 14 58 23 17 12 35 5 39 49 6 64 54 29 63 22 38 57 56 8 46 20 55 50 11 34 25 32 10 24 53 44 31 37 26 62 45 7 52 65 40 36 33 15 1 60 9 30 28 4 43 21 42 61 41 19 13 0 2 16 51 59 48 47 3 27
21 37 8 34 30 35 47 13 61 63 36 45 58 32 28 2 3 50 57 19 20 29 14 59 52 39 12 54 42 9 66 6 60 1 38 4 5 33 49 40 11 10 48 23 65 26 41 64 17 18 53 44 46 24 55 56 25 51 31 43 22 16 7 27 15 62 0
56 61 17 18 60 48 44 45 55 5 0 16 53 9 3 15 27 30 38 12 64 23 14 13 66 21 2 39 36 11 19 10 33 54 40 67 8 65 7 37 20 31 57 52 62 47 49 58 51 63 46 26 43 42 28 35 59 24 25 22 1 32 29 50 4 34 41 6
56 42 28 39 36 26 55 1 29 46 47 38 57 15 17 37 9 11 7 33 10 18 48 4 14 51 22 61 45 27 16 53 63 30 0 13 31 59 68 58 25 2 43 50 21 62 52 24 3 66 64 6 44 12 19 20 41 34 40 8 35 65 5 67 54 60 23 32 49
42 60 55 66 58 28 26 8 50 12 0 36 21 17 69 9 20 3 5 37 65 62 16 53 59 52 38 7 27 41 48 39 43 15 61 56 64 29 23 6 54 10 34 11 32 45 33 63 19 47 4 57 18 46 1 40 30 44 24 35 22 68 14 2 31 25 51 13 49 67
61 0 12 41 46 14 44 36 31 22 55 51 26 28 10 21 25 2 47 45 29 59 19 58 68 11 54 16 50 8 42 49 70 17 43 35 69 34 66 32 60 64 40 13 24 62 67 33 30 6 27 4 1 65 37 23 63 18 9 57 39 52 15 38 48 5 56 53 7 20 3
63 52 49 9 33 22 37 21 32 58 31 29 6 30 46 36 65 23 61 11 7 56 57 16 40 3 62 54 17 27 51 39 55 15 59 66 60 70 71 53 41 45 4 69 12 64 25 18 14 43 26 28 19 34 42 8 35 0 10 24 5 38 44 67 50 13 2 20 47 48 68 1
20 31 21 14 15 57 28 51 1 68 0 23 34 53 25 9 47 72 27 38 71 13 33 52 16 58 60 17 41 7 66 64 42 45 4 65 39 11 54 8 29 67 2 5 30 36 46 37 56 50 63 3 44 10 70 62 69 12 40 49 59 32 26 18 19 35 43 48 61 6 24 55 22
42 22 39 36 8 14 43 32 59 16 30 35 64 61 28 9 10 72 5 63 17 52 34 71 62 2 29 27 68 73 4 23 56 51 13 1 44 7 46 12 21 24 48 26 54 53 18 66 6 65 47 60 58 40 37 11 0 67 3 38 41 20 25 50 45 31 19 33 15 55 70 49 57 69
2 11 8 37 73 48 32 10 60 58 66 28 0 74 68 43 6 31 71 1 55 39 35 52 29 45 5 19 15 50 62 26 13 64 18 40 14 41 46 20 69 33 63 57 7 59 42 25 22 36 34 12 51 53 9 49 38 72 56 70 27 23 30 65 44 47 17 61 16 24 67 3 21 4 54
57 33 34 56 59 58 12 49 2 52 48 31 71 73 16 66 6 29 19 45 13 27 23 70 24 63 26 55 17 21 0 60 32 36 1 42 68 35 72 7 74 41 25 37 8 9 50 30 65 15 46 38 69 10 75 67 53 51 3 54 44 40 61 47 39 14 18 62 4 22 64 43 11 28 20 5
39 71 49 13 55 40 51 8 76 23 42 29 57 45 56 16 34 30 4 9 38 11 44 47 33 28 6 2 54 10 22 46 66 63 17 65 43 32 68 1 58 12 20 41 14 18 37 36 72 3 67 75 74 73 15 64 26 59 60 31 24 5 53 21 50 48 35 70 25 69 62 52 27 0 61 7 19
14 32 55 52 20 53 71 67 46 66 4 15 12 41 34 62 54 19 49 21 24 75 5 27 50 29 45 37 70 30 35 63 68 73 10 8 64 0 61 2 57 1 47 38 28 43 18 42 6 48 39 74 72 9 56 44 16 13 60 51 11 22 3 26 77 36 59 65 17 69 31 76 23 40 25 58 33 7
63 78 71 48 31 15 55 50 39 44 69 65 33 68 77 56 57 67 12 22 66 46 7 75 26 21 3 9 54 18 34 24 8 58 2 28 45 1 32 19 10 27 17 42 70 38 53 5 16 11 13 0 35 62 23 72 76 36 74 64 51 6 14 20 25 37 41 49 61 4 47 60 30 43 73 59 52 29 40
62 38 26 22 42 59 44 23 13 7 36 10 51 41 30 71 35 64 66 47 2 76 12 8 67 39 61 4 9 45 21 29 50 63 37 65 1 14 53 48 33 31 28 58 34 17 6 15 43 16 0 78 49 77 69 20 52 32 18 72 55 5 19 3 56 79 75 54 40 11 46 24 73 57 27 25 60 74 70 68
75 59 10 56 57 9 60 12 32 42 63 20 65 18 4 54 29 23 47 15 22 58 44 80 25 45 67 37 71 6 50 26 73 77 40 21 24 35 51 5 55 61 31 3 66 49 17 79 27 36 76 74 69 46 34 39 68 30 14 1 48 72 11 70 52 28 62 13 0 53 43 19 7 78 33 2 8 64 41 16 38
38 50 39 31 40 21 34 8 30 11 16 12 58 14 32 81 10 59 35 9 2 73 53 77 0 29 43 72 54 18 75 52 44 67 19 23 64 70 42 6 78 60 15 37 80 49 13 51 61 41 65 79 76 56 24 20 71 5 69 1 68 28 33 27 57 66 36 63 17 48 22 3 47 7 4 45 74 55 46 25 26 62
11 72 65 38 81 39 43 50 21 67 17 46 5 32 41 3 45 76 77 37 33 53 15 63 12 40 28 16 30 19 61 70 10 34 24 75 52 8 47 49 57 71 2 79 18 4 60 29 26 73 42 69 7 51 48 55 78 44 14 27 22 35 58 64 25 54 66 80 62 20 82 56 6 23 31 13 74 59 0 68 9 1 36
37 58 79 31 49 22 75 24 14 52 7 21 76 60 33 10 6 28 69 19 71 61 59 45 81 38 55 82 47 43 32 0 5 3 20 1 16 53 42 18 78 27 57 23 13 30 29 2 73 40 44 74 50 25 36 4 68 64 17 66 8 12 83 46 62 72 67 48 65 9 54 63 80 26 77 41 11 39 15 56 35 34 51 70
18 35 56 29 15 48 36 24 37 40 74 44 60 22 9 84 82 43 67 81 57 71 59 13 32 42 53 3 1 31 70 34 50 55 54 21 47 7 25 65 45 80 38 66 10 41 52 63 61 30 83 68 33 11 6 73 28 75 76 49 77 72 79 12 4 51 27 64 26 62 2 19 23 14 0 17 5 69 78 16 46 58 39 20 8
77 8 36 61 79 84 80 0 46 27 56 71 50 38 58 26 15 5 75 51 37 18 60 57 10 14 19 21 22 7 69 25 47 65 72 31 6 49 52 28 35 48 30 29 63 32 4 62 45 67 1 34 33 13 68 81 53 3 43 78 16 39 44 83 41 17 74 23 42 73 20 85 64 70 12 24 40 2 9 59 66 55 82 54 76 11
18 14 78 86 85 71 11 24 69 74 19 50 83 66 65 77 30 15 29 43 48 54 68 10 59 13 79 6 2 26 55 53 47 82 35 23 60 1 80 12 45 51 8 38 42 57 62 58 75 34 20 73 44 17 67 52 56 61 0 46 72 84 28 33 27 31 81 4 5 41 36 63 64 32 7 3 39 37 21 25 40 16 9 70 49 76 22
25 49 61 56 67 75 60 81 42 29 41 55 11 1 33 72 31 74 24 13 22 80 46 16 73 4 10 23 0 15 66 40 78 8 7 45 26 12 47 38 50 32 82 65 9 3 77 18 2 63 71 14 39 84 37 69 64 51 20 6 52 43 86 70 83 19 21 30 28 76 87 68 36 53 57 17 85 44 27 5 79 62 48 35 34 59 54 58
56 44 68 39 25 48 26 42 1 50 10 40 59 73 81 75 41 57 67 60 36 54 22 38 20 71 63 47 28 35 15 34 72 2 18 86 30 37 23 43 27 31 70 24 17 76 21 77 88 9 8 0 74 62 66 32 58 64 6 16 14 80 78 65 55 82 13 3 7 29 45 5 69 52 87 33 83 61 46 51 85 4 11 12 53 19 49 79 84
58 21 72 22 60 67 75 71 16 73 35 40 38 3 48 14 44 49 62 54 42 5 18 50 24 81 39 70 29 8 69 84 79 52 80 33 61 56 10 12 25 45 0 32 11 63 87 46 1 28 36 41 7 74 37 2 20 47 9 19 57 27 55 6 23 53 89 88 86 85 66 68 59 4 64 76 65 13 34 26 77 43 78 51 83 30 31 82 15 17
34 87 88 14 66 81 84 29 75 7 9 27 90 59 15 63 53 13 67 85 82 5 70 83 79 47 35 73 54 28 23 52 44 89 2 37 57 68 46 78 50 25 62 31 36 0 20 65 77 56 6 19 80 26 39 4 58 1 76 32 43 42 71 49 69 17 60 12 86 16 3 18 8 24 21 33 30 11 72 40 51 74 61 48 55 10 64 22 41 45 38
10 32 81 61 91 62 68 45 51 36 44 23 35 88 75 4 15 14 63 85 71 24 72 78 33 7 60 2 53 84 76 49 18 64 48 3 69 28 31 54 50 42 26 56 16 59 1 29 58 39 38 25 27 0 79 80 55 65 21 41 87 66 37 8 57 74 6 30 52 43 40 5 12 22 82 70 13 11 89 47 67 90 73 34 19 77 83 46 86 17 9 20
24 63 41 33 61 73 47 64 6 13 11 78 28 66 12 76 19 36 35 79 3 21 83 40 23 75 4 48 29 38 85 62 10 74 81 57 17 84 53 60 92 68 27 14 16 59 52 70 22 55 86 34 89 56 43 2 5 37 88 0 58 82 26 44 8 90 32 7 87 25 1 91 18 71 80 77 39 49 72 20 42 67 31 46 54 45 50 69 30 9 51 65 15
13 5 52 17 64 26 1 53 85 24 49 55 59 75 54 18 91 32 70 15 39 82 9 3 29 69 4 10 83 42 77 66 46 40 58 30 80 6 16 19 60 33 44 45 90 11 88 62 12 23 74 2 36 84 27 61 86 21 31 65 71 57 20 92 25 67 14 93 73 81 43 72 0 8 78 35 89 7 22 50 41 68 63 34 28 47 87 79 76 37 56 38 51 48
66 27 62 19 73 74 94 34 45 36 61 68 6 9 67 40 25 60 93 88 20 90 91 28 50 70 64 81 92 78 76 58 49 51 87 0 3 86 39 38 5 54 48 37 12 15 57 14 44 18 29 83 33 31 52 43 22 71 80 46 24 17 35 26 84 8 75 56 69 82 41 11 63 79 2 21 13 59 7 4 47 89 53 72 77 16 10 42 30 55 1 32 23 85 65
84 15 31 35 88 42 26 18 81 21 12 90 63 36 77 29 8 28 1 60 11 71 13 56 40 48 92 6 30 82 4 7 50 20 55 34 61 68 3 38 72 75 67 9 47 2 27 80 62 19 94 89 43 83 78 23 76 85 25 24 49 39 93 44 91 45 65 86 79 22 74 32 10 57 87 41 53 70 37 59 73 17 52 5 64 33 66 95 14 69 46 54 16 58 51 0
48 90 17 37 35 67 16 85 58 86 13 46 31 91 10 73 55 61 50 53 47 70 45 20 93 11 14 74 64 27 0 4 96 75 36 8 43 26 12 60 72 7 5 81 18 69 51 56 33 19 80 92 63 42 34 76 79 44 9 77 25 15 78 39 71 29 21 30 68 32 49 59 65 66 62 23 3 88 95 38 94 2 82 41 83 84 87 6 28 22 24 40 54 52 89 57 1
2 31 13 43 60 58 3 79 61 94 0 82 17 70 19 9 74 88 26 65 14 37 96 77 75 48 87 4 86 36 23 21 38 46 54 6 84 10 52 47 27 42 83 62 73 78 80 1 67 81 64 55 7 30 22 45 68 50 56 12 41 49 92 35 57 51 25 71 32 20 63 44 15 89 24 8 66 85 90 16 18 33 53 28 5 11 29 40 59 39 93 72 95 76 97 34 91 69
50 44 80 9 40 82 33 70 4 56 46 25 23 26 48 36 13 49 5 16 96 53 72 67 32 0 43 21 35 78 41 38 64 27 77 79 29 31 98 95 97 1 71 3 52 51 39 37 81 75 7 12 57 60 24 76 85 55 8 90 54 34 92 14 28 59 30 20 94 58 61 62 11 73 74 84 6 93 83 68 42 89 87 10 18 15 86 2 88 22 69 17 91 63 19 66 45 65 47
2 66 43 38 23 48 91 32 78 7 60 40 22 53 17 80 77 41 67 37 72 4 11 75 87 92 85 6 90 15 39 24 70 56 89 82 84 93 31 29 5 68 13 62 3 79 44 99 28 52 46 16 21 64 95 36 63 27 83 69 51 97 10 0 76 94 49 33 98 96 54 50 65 14 57 30 58 25 81 61 59 88 18 45 8 20 55 42 74 71 12 9 86 73 19 35 1 26 34 47
42 83 29 93 17 12 80 36 92 76 32 87 48 91 62 22 60 53 94 28 100 79 39 65 47 24 11 18 2 59 51 50 66 14 13 73 56 38 26 74 3 90 61 68 99 27 98 20 35 55 15 52 78 43 49 7 33 81 30 0 44 97 5 88 71 1 23 64 41 34 85 31 57 9 10 75 72 67 25 8 69 86 70 16 63 37 6 19 84 46 4 40 89 21 96 82 77 45 95 58 54
22 3 80 98 70 91 34 7 78 56 61 75 85 90 60 15 88 81 10 9 74 25 48 17 33 65 20 13 100 99 101 29 39 82 8 84 28 59 32 83 26 94 42 31 4 92 68 46 12 1 5 45 79 30 73 93 51 62 66 55 35 0 27 97 21 63 6 71 2 87 44 54 72 53 23 96 64 89 43 58 69 11 18 41 50 49 86 24 19 47 95 76 40 14 77 67 57 52 37 36 16 38
70 93 81 53 10 6 74 75 90 3 47 7 1 50 85 20 28 59 58 25 87 78 60 43 83 98 40 36 16 63 62 94 55 30 27 67 96 80 84 77 52 54 12 56 66 64 19 35 95 86 101 33 37 72 69 14 5 100 92 31 45 34 89 26 88 0 97 8 29 102 48 49 61 22 11 76 41 17 99 71 2 73 9 82 23 68 44 38 65 32 42 39 15 46 24 51 13 21 91 79 4 57 18
90 84 11 33 9 62 2 37 66 81 17 28 5 49 26 73 22 86 71 40 56 82 14 63 23 12 96 39 30 69 100 31 53 21 78 80 15 65 19 8 92 54 77 99 20 57 0 35 18 72 24 48 10 75 16 67 50 68 6 27 88 29 55 101 97 103 83 64 93 89 60 102 36 91 44 25 13 3 32 61 98 58 7 79 52 34 51 59 46 85 45 95 4 74 1 38 70 42 43 94 76 41 87 47
26 75 56 25 17 0 76 55 64 27 58 12 88 36 86 53 100 54 32 104 21 5 6 41 80 81 94 102 29 85 60 13 66 73 103 7 1 19 97 16 18 11 10 82 91 45 38 40 49 48 89 35 8 61 78 4 31 67 52 101 62 15 90 37 93 9 47 46 28 98 42 2 57 44 70 95 77 96 65 3 99 34 87 33 84 39 23 14 68 63 22 92 20 69 30 43 79 50 71 72 24 51 59 83 74
52 83 92 68 63 8 70 44 23 77 60 58 5 90 20 14 10 66 4 32 86 72 33 69 103 36 56 49 17 19 18 88 9 48 11 15 38 51 65 31 105 67 1 30 41 101 16 24 96 95 0 3 26 7 62 59 55 57 22 28 6 78 82 97 71 64 12 75 34 100 25 98 29 53 104 99 94 91 74 89 81 76 84 93 45 73 13 79 40 87 35 43 27 46 47 102 42 61 54 21 39 2 85 37 80 50
101 98 42 55 74 96 83 20 56 71 62 100 61 18 26 24 88 65 58 12 73 44 81 23 99 90 32 52 7 80 31 72 76 22 29 94 64 46 92 28 40 63 41 33 103 77 35 84 21 1 50 3 39 60 10 105 13 45 19 51 6 47 16 48 17 11 79 95 25 34 57 75 93 66 27 0 106 97 36 59 49 67 87 82 85 104 5 102 8 86 89 15 30 4 38 91 78 69 68 9 70 2 54 37 14 43 53
44 60 17 82 38 13 99 8 4 24 29 92 2 96 23 70 53 66 25 105 32 94 45 28 102 87 84 106 22 104 10 62 75 20 80 74 43 76 33 47 100 79 81 40 41 27 63 35 90 97 83 64 6 71 46 91 50 72 15 18 86 0 12 5 77 51 19 9 69 31 55 37 59 36 54 21 93 16 42 11 88 107 34 30 101 58 39 73 85 61 65 57 1 52 68 98 56 89 103 49 3 14 78 67 95 48 26 7
59 72 71 99 50 35 75 105 74 67 89 62 79 15 31 108 100 107 45 86 81 21 48 37 69 18 34 92 46 80 38 88 25 26 8 91 94 102 87 95 104 47 2 97 106 6 55 9 70 12 43 7 90 30 58 60 64 4 40 3 33 66 61 57 5 10 73 22 49 76 52 68 98 32 77 78 24 29 101 83 51 44 42 56 41 65 93 23 103 14 27 1 16 63 84 11 28 39 82 19 17 85 20 36 53 0 54 96 13
19 38 60 67 30 44 16 52 37 57 86 104 61 12 63 80 102 40 31 89 69 29 20 78 24 7 108 41 49 11 26 83 17 96 27 8 98 22 70 25 71 47 92 33 35 18 103 97 6 75 23 48 107 28 55 64 14 65 3 50 45 5 85 13 21 100 36 87 88 46 76 15 105 68 94 51 72 59 82 77 42 34 53 81 10 54 9 43 91 4 90 0 93 101 1 73 66 32 109 56 84 2 62 99 106 95 79 58 74 39
77 102 100 29 38 0 81 110 59 57 74 3 28 45 101 72 71 88 39 103 40 34 69 73 58 10 62 7 24 63 32 53 90 105 22 64 68 67 84 107 37 48 89 85 2 95 52 60 49 19 51 16 14 41 65 92 98 54 13 21 94 97 82 55 78 12 30 17 36 91 6 80 104 79 61 31 5 96 106 93 56 47 99 46 9 25 8 18 26 20 4 50 11 108 15 44 1 33 43 86 42 27 109 70 23 83 66 87 76 35 75
65 106 86 70 74 57 20 6 42 19 21 3 67 72 46 60 95 29 31 108 58 15 30 101 69 81 13 7 83 48 107 85 38 12 77 56 9 32 102 27 111 14 80 35 26 87 75 99 84 17 39 2 89 18 92 78 36 34 105 100 103 53 4 43 47 54 59 37 50 64 76 10 44 40 79 45 97 52 61 96 23 98 55 73 51 90 88 91 94 1 63 8 25 93 0 110 104 28 66 68 24 49 41 109 82 71 5 11 22 33 62 16
58 65 87 13 89 1 18 50 102 29 69 11 72 46 47 78 98 74 93 55 22 48 73 105 80 8 95 37 86 108 76 44 84 31 36 10 21 38 109 9 101 77 66 71 41 0 39 27 5 4 52 45 62 103 79 88 106 17 54 33 104 85 6 83 64 20 26 14 63 100 94 16 107 49 97 40 43 91 42 110 68 7 32 112 23 12 19 59 51 34 96 70 92 3 2 28 75 57 61 56 25 30 35 99 81 111 15 60 82 24 67 90 53
75 4 84 12 8 17 62 49 48 42 11 76 46 28 22 27 107 6 2 93 80 95 106 30 103 102 70 100 18 110 89 0 97 32 39 92 40 9 87 44 81 57 10 14 112 20 91 83 1 7 54 113 3 37 23 66 77 85 31 45 56 64 60 101 47 61 109 41 79 25 24 15 68 51 99 59 65 88 13 55 108 29 111 58 63 86 94 96 72 52 16 104 36 82 34 67 50 26 69 35 105 5 74 90 98 78 71 53 43 21 19 38 73 33
49 42 62 92 22 59 101 8 34 74 1 86 26 81 106 83 36 73 30 0 64 24 27 13 70 18 94 93 71 107 104 46 53 67 109 96 79 38 43 72 50 77 98 110 3 6 52 66 112 95 7 85 33 5 20 31 12 45 14 58 69 28 76 55 48 97 103 75 56 68 65 108 111 100 102 88 91 99 17 4 57 39 21 19 11 32 15 16 35 9 90 37 25 40 89 87 78 10 47 23 29 60 80 82 105 41 54 113 63 2 44 51 114 61 84
17 81 90 21 101 11 46 89 111 30 33 109 50 45 62 8 94 63 110 3 35 84 93 24 49 95 67 71 108 99 102 57 82 64 70 69 53 48 103 7 80 43 0 31 113 72 96 92 16 59 105 88 6 73 85 18 60 51 66 25 34 39 91 12 68 10 78 4 75 74 76 28 52 104 14 9 55 61 15 98 107 5 42 65 23 79 13 114 19 40 100 32 115 26 27 58 87 44 106 77 37 112 56 41 29 22 47 36 83 97 2 1 38 86 54 20
64 107 81 12 38 94 102 56 29 32 66 62 86 99 93 108 77 113 54 87 3 49 22 82 14 75 41 103 52 115 53 105 61 80 8 9 44 19 85 60 35 42 33 20 31 36 101 10 2 34 15 73 72 74 104 111 110 27 47 114 0 79 13 26 59 109 45 37 7 57 106 16 63 17 91 89 96 65 28 1 24 78 6 46 76 95 48 84 68 71 43 58 116 67 55 40 51 30 92 90 18 83 39 98 88 50 25 69 97 112 23 11 100 70 5 4 21
106 43 39 84 80 9 55 86 110 87 92 33 11 69 104 18 2 94 95 5 12 63 42 32 90 26 45 53 37 28 67 21 44 46 0 105 17 93 20 22 71 8 41 25 76 72 14 77 10 116 4 52 101 27 64 34 79 103 19 58 29 73 65 113 49 70 57 50 111 15 48 7 66 56 40 3 47 109 36 81 60 100 54 108 99 114 51 38 117 74 16 102 61 88 35 112 97 98 82 59 83 30 107 89 78 85 75 68 13 23 96 62 115 24 31 1 6 91
118 37 113 51 104 41 11 107 0 82 45 95 71 84 55 111 64 93 17 56 97 72 60 108 43 34 26 81 76 78 16 57 110 74 36 89 22 70 52 29 91 23 1 50 109 28 106 53 15 68 58 46 38 21 90 116 44 18 59 7 33 112 114 86 25 32 48 83 54 73 85 75 69 12 35 87 4 103 79 39 88 101 117 99 24 9 105 5 19 94 2 31 92 77 96 14 20 13 63 80 3 67 30 61 65 102 8 6 40 98 49 47 100 66 62 27 42 10 115
68 85 102 59 64 7 115 111 4 61 48 39 96 95 47 52 74 76 11 99 43 41 33 66 13 88 37 20 38 83 54 28 2 109 58 51 17 73 101 10 31 100 89 62 1 119 112 16 94 63 110 71 15 70 50 87 80 46 57 108 22 103 105 30 86 90 118 55 92 65 97 114 91 72 75 8 60 19 5 78 35 45 34 12 24 29 25 14 77 6 93 44 107 113 21 69 9 26 0 18 23 67 79 27 84 56 49 116 3 104 32 82 42 36 40 117 98 106 81 53
72 102 19 90 106 47 68 103 89 51 109 13 56 21 92 77 26 11 15 60 50 3 113 61 44 80 75 58 8 116 119 6 33 54 107 86 32 95 48 46 97 115 78 39 34 2 55 0 59 53 24 96 76 5 85 9 25 52 105 27 22 45 40 71 73 28 99 10 117 65 38 69 67 64 62 70 88 94 111 108 98 84 41 66 57 100 43 118 36 110 112 42 17 37 91 74 79 93 104 23 63 82 1 31 18 35 49 30 81 4 29 87 20 7 14 16 120 83 12 101 114
53 26 98 121 105 88 95 6 40 99 30 39 85 58 70 91 74 50 102 71 44 96 82 57 120 114 22 116 42 94 68 90 110 0 100 45 13 65 101 108 113 66 83 34 78 79 69 77 5 104 4 76 11 14 93 115 64 10 25 16 87 9 89 55 38 52 21 63 84 28 72 60 23 47 8 92 73 24 43 61 37 12 54 41 107 103 15 18 109 2 36 1 111 7 75 62 119 19 29 117 49 48 56 112 59 31 80 106 3 97 32 17 118 46 67 51 33 81 20 35 86 27
32 9 80 76 63 106 113 104 22 26 84 29 87 25 57 44 115 47 90 96 18 52 92 0 56 37 112 6 79 51 36 1 97 48 27 62 4 85 73 82 8 55 105 23 53 71 58 19 70 65 98 38 13 5 21 39 28 61 16 119 59 78 33 94 77 110 72 10 15 93 40 91 64 120 121 100 46 109 74 17 69 2 107 3 30 118 35 43 41 88 117 45 114 11 54 42 89 122 108 60 103 102 7 111 81 24 86 116 34 20 68 14 31 12 95 50 49 67 75 101 99 66 83
15 83 12 80 119 102 33 60 40 48 72 41 75 120 38 69 61 111 53 94 10 116 50 2 1 70 63 25 76 32 24 17 121 46 65 82 106 55 49 51 112 78 16 81 77 114 47 118 22 99 87 42 14 96 43 29 91 56 39 92 54 71 27 66 35 59 95 64 117 11 13 58 6 100 113 79 18 84 110 4 105 101 98 8 26 122 90 57 115 74 37 45 107 30 23 103 52 19 97 86 68 34 31 62 67 21 44 123 9 108 3 88 20 104 7 89 73 36 0 109 93 5 85 28
28 4 116 89 10 118 7 42 48 96 12 49 50 78 75 68 114 2 106 5 13 71 43 21 33 85 80 0 92 27 18 26 17 99 58 41 35 29 83 76 107 72 104 110 55 44 38 90 81 34 22 39 74 103 15 66 14 46 37 111 82 32 105 40 20 64 9 86 62 57 120 121 100 102 11 112 16 97 54 65 23 95 93 122 123 8 87 70 115 91 59 51 67 3 45 61 19 77 30 47 52 94 36 73 117 63 31 24 84 79 108 88 6 60 56 25 124 69 113 1 98 53 101 109 119
95 100 38 112 5 119 113 30 61 125 33 123 24 48 79 47 75 19 114 71 0 84 77 122 51 85 15 27 40 42 11 72 45 53 7 55 3 103 67 83 96 69 104 41 80 8 92 120 17 35 26 87 111 82 106 1 81 89 105 101 118 94 50 63 18 66 56 44 65 57 46 39 90 20 52 102 74 2 32 60 25 21 109 37 107 43 14 117 88 76 97 116 9 73 29 93 110 59 98 34 78 10 22 115 86 124 64 91 108 23 31 54 62 121 16 70 6 49 12 13 4 28 99 68 58 36
119 97 39 66 5 104 40 88 83 13 3 125 91 93 27 7 36 87 4 99 78 124 59 28 24 10 111 77 68 34 2 67 89 30 82 122 49 43 61 114 55 60 73 96 110 63 81 65 94 103 113 105 37 54 117 118 116 90 74 38 69 58 47 45 22 92 46 14 86 17 70 0 71 18 42 62 35 79 109 11 106 9 44 23 57 75 32 120 1 76 21 108 15 25 126 84 50 80 26 64 12 107 41 98 33 8 95 85 72 123 101 48 16 19 20 100 121 115 53 6 102 112 51 56 52 31 29
100 47 114 97 0 38 77 55 102 90 127 94 105 101 111 52 91 75 110 80 21 115 50 59 98 16 33 46 1 30 70 61 81 23 36 26 82 84 8 122 54 49 76 112 22 86 99 69 14 117 63 9 28 57 12 85 93 64 78 27 66 39 17 13 92 107 4 65 67 19 95 56 60 53 68 62 5 124 123 104 74 32 119 116 72 7 3 73 118 96 45 31 79 108 43 121 109 41 71 15 120 89 24 20 126 40 2 25 113 42 11 10 48 35 83 44 103 51 125 6 29 37 106 87 88 34 58 18
5 73 18 29 92 24 75 62 67 58 79 42 81 102 71 65 32 84 50 106 11 51 43 80 117 120 107 96 7 74 4 128 122 116 101 56 36 59 23 126 38 0 20 127 12 82 16 123 10 3 112 49 125 63 113 25 54 35 37 109 85 70 104 69 87 99 118 33 119 76 124 39 15 53 17 57 111 95 44 28 21 60 72 14 91 97 77 108 8 114 46 78 103 121 68 1 6 48 26 34 30 64 31 110 83 19 88 66 55 45 2 40 41 94 98 115 93 100 52 47 27 22 90 105 89 13 9 61 86
62 19 74 60 105 8 85 10 123 46 4 109 94 95 107 45 104 29 2 102 44 7 13 32 117 14 124 25 23 42 99 0 50 122 41 1 86 113 100 36 18 87 114 63 110 92 22 35 59 37 106 9 82 12 84 64 5 125 48 111 68 72 112 73 81 28 83 79 34 24 56 57 90 54 126 97 71 108 76 88 33 21 17 80 43 11 30 119 61 103 121 128 93 78 52 129 27 75 3 20 26 31 77 51 53 38 115 96 55 116 91 118 58 66 127 65 16 40 101 69 67 15 120 98 70 47 39 89 49 6
110 90 25 64 41 124 43 23 60 97 80 34 119 70 72 13 8 104 37 62 98 114 48 44 85 55 117 123 115 6 56 75 20 79 33 38 15 14 30 106 105 130 47 82 108 77 42 102 35 24 68 63 5 129 65 50 19 81 22 59 57 26 127 73 67 100 94 113 116 32 11 83 12 126 58 21 71 103 0 118 66 45 87 92 95 53 18 17 93 107 4 86 46 111 96 40 3 122 125 121 29 89 7 61 49 9 78 54 112 31 27 76 36 2 16 69 120 109 101 10 1 28 88 39 51 128 99 52 74 84 91
77 38 128 12 11 65 63 56 67 116 4 44 92 90 5 76 23 99 105 17 19 115 59 82 130 34 97 43 104 68 30 121 111 71 78 45 46 96 10 14 125 22 28 87 2 69 85 120 42 54 102 106 21 74 86 36 20 75 101 29 117 55 9 98 51 18 100 7 70 31 131 33 81 25 41 8 122 123 73 27 37 109 114 49 84 127 91 107 26 53 32 79 62 57 72 94 108 64 6 110 50 83 58 0 103 48 112 118 88 124 61 16 52 129 24 39 3 1 47 13 95 119 113 60 66 35 89 40 15 126 80 93
65 34 44 47 57 78 26 17 42 87 70 126 111 59 104 33 36 85 63 6 11 21 5 46 105 61 28 81 37 67 119 121 99 7 16 96 118 86 108 8 58 80 116 74 22 124 10 51 53 107 122 101 115 41 114 12 24 62 117 3 94 92 128 49 127 97 29 45 38 13 88 54 98 66 35 4 132 52 109 79 120 77 83 55 110 76 39 14 90 69 130 100 9 102 93 91 89 112 60 129 75 30 50 72 131 19 25 27 106 23 64 32 43 84 1 71 103 95 68 15 48 73 0 2 56 31 18 113 123 20 40 82 125
53 63 14 17 61 106 108 129 112 119 130 46 40 101 69 24 37 54 39 131 99 2 58 11 124 82 18 89 97 29 15 44 0 38 93 45 47 90 110 43 115 27 84 81 98 42 62 120 127 86 111 100 4 7 5 66 35 34 64 36 59 78 20 105 113 83 107 79 6 77 128 30 25 10 114 133 96 3 123 41 33 49 91 48 73 8 85 117 28 71 16 12 126 22 19 87 52 70 125 55 102 116 118 21 109 67 104 1 13 88 60 80 122 75 65 72 94 9 31 51 103 68 56 50 132 57 76 74 95 23 32 121 26 92
27 91 65 81 131 61 112 79 6 89 68 58 56 107 95 74 42 128 126 20 28 51 4 102 118 108 15 32 13 24 121 133 80 31 17 41 9 7 18 46 12 113 124 2 43 70 92 85 62 130 19 29 82 1 114 104 52 110 86 45 76 77 25 63 106 109 88 16 111 44 115 50 123 67 5 134 11 72 59 83 0 117 34 49 26 21 125 69 132 30 53 116 55 60 75 127 39 94 47 100 10 37 38 35 84 54 103 87 22 98 40 119 14 71 105 101 23 99 8 122 93 33 129 36 57 64 3 78 120 73 66 97 90 96 48
119 6 127 60 105 67 61 106 81 37 108 91 59 64 124 1 102 77 14 75 71 96 73 15 25 131 116 43 89 24 129 103 80 85 7 72 58 83 115 120 35 113 29 26 30 97 88 98 23 57 33 13 123 78 68 3 70 104 111 87 51 74 54 17 55 50 93 90 84 21 134 53 130 0 65 27 12 94 39 112 2 22 16 110 10 44 19 66 31 40 18 20 8 125 126 79 128 82 38 63 49 109 34 36 28 101 92 135 56 11 86 118 32 114 41 62 46 4 42 47 121 48 132 107 122 133 45 100 9 52 76 95 117 99 69 5
2 8 96 79 71 12 31 117 45 111 134 77 95 86 88 6 103 120 36 60 15 132 62 87 33 83 119 98 116 99 121 41 73 38 97 52 125 16 17 30 50 1 57 118 108 61 11 59 28 25 19 47 107 112 3 10 13 126 78 43 131 40 90 27 102 24 109 18 106 129 135 81 128 127 55 48 34 65 74 93 123 133 5 0 113 32 9 42 46 67 130 69 53 51 104 7 35 63 29 84 49 100 136 39 58 70 92 85 26 75 66 89 122 110 37 64 115 54 23 72 114 105 91 94 22 20 76 124 14 82 44 80 21 68 4 56 101
108 120 2 80 20 45 131 96 32 38 115 114 79 64 27 135 42 81 52 65 107 23 122 30 98 89 56 69 100 61 7 59 34 11 118 18 31 33 85 124 117 113 87 51 82 76 55 5 121 1 25 26 105 111 106 71 110 116 63 78 84 50 136 41 104 62 21 49 57 102 8 126 125 37 12 77 99 112 109 132 133 53 6 19 40 10 83 95 130 46 66 47 36 123 128 73 129 48 54 15 103 3 93 9 88 39 74 94 17 127 0 97 22 43 60 90 28 29 91 75 137 35 58 24 67 44 134 16 86 4 72 13 101 14 92 70 119 68
138 52 111 71 54 34 101 73 118 93 124 59 134 56 40 9 90 80 47 48 98 11 91 13 96 131 27 87 23 92 61 89 108 130 43 21 83 20 116 18 25 42 70 125 33 84 74 94 95 17 110 24 29 69 82 4 75 3 78 36 120 104 19 7 88 65 30 0 58 16 31 62 53 8 127 51 97 6 10 85 57 121 76 12 133 86 129 64 122 60 39 107 14 136 135 105 106 79 128 45 46 126 113 117 119 38 114 55 103 28 109 115 77 132 49 100 41 81 22 67 5 123 35 137 2 26 63 99 37 72 112 15 50 102 32 68 66 44 1
121 119 118 127 38 116 98 57 86 20 52 82 48 50 128 53 61 90 97 41 99 25 16 87 80 68 47 36 10 56 37 26 126 78 106 29 110 17 131 111 136 105 67 8 89 88 51 130 43 7 33 120 4 107 30 9 70 133 76 69 74 39 15 93 13 134 46 83 79 73 84 22 77 55 122 102 104 3 40 129 117 23 71 124 0 12 49 75 94 108 113 2 54 6 63 18 32 138 103 137 60 19 44 132 95 100 125 35 5 81 21 58 112 28 114 11 14 27 123 34 139 65 101 92 66 62 42 115 109 85 45 135 91 31 59 96 72 1 64 24
32 53 77 92 44 69 34 117 88 68 121 75 112 63 31 14 74 72 130 38 140 79 1 128 6 0 94 86 37 93 16 12 120 35 103 89 115 90 54 33 136 2 27 71 59 116 105 131 133 124 108 47 118 39 58 21 125 91 22 60 81 99 132 23 84 51 46 64 83 102 49 28 106 114 11 41 78 139 13 15 122 45 61 24 3 111 18 57 36 85 135 95 10 123 43 42 104 67 87 110 50 40 5 65 70 48 52 56 109 137 7 82 101 4 107 19 113 98 9 20 129 119 8 76 80 134 17 127 96 97 73 55 66 30 138 126 62 26 100 29 25
95 76 24 65 44 29 45 40 26 46 135 68 61 118 73 78 23 71 119 13 56 121 39 30 53 3 19 139 58 115 116 10 89 108 93 14 103 15 70 83 124 100 6 77 27 60 49 48 122 63 127 4 62 35 54 132 50 5 9 86 21 17 79 16 140 120 138 80 96 91 11 74 117 41 133 88 67 42 8 110 31 92 101 85 36 18 25 111 107 131 57 136 0 104 130 69 114 33 102 113 98 64 128 51 112 1 90 94 75 52 2 47 7 105 81 59 84 97 125 141 126 129 20 72 55 12 106 87 37 137 134 22 66 32 28 99 43 123 38 34 109 82
91 30 33 76 72 14 127 107 123 142 112 132 103 52 54 126 65 26 32 140 34 59 139 45 8 70 29 50 31 74 41 48 81 77 99 98 105 71 86 39 15 25 28 36 97 120 73 43 60 108 115 75 21 84 114 64 55 9 27 80 131 117 62 44 104 63 122 69 88 116 111 40 94 137 113 93 95 10 56 90 109 53 128 106 49 124 83 5 42 18 38 96 110 85 46 17 138 129 68 6 135 58 2 51 22 37 79 102 130 66 13 101 141 12 89 134 7 61 24 57 136 23 78 82 35 100 87 16 119 125 67 1 3 133 19 0 11 118 20 121 92 47 4
47 128 37 11 49 108 132 110 130 71 98 22 100 129 120 60 4 41 105 46 8 33 66 64 139 93 17 133 29 135 113 7 117 30 86 32 69 73 107 77 34 45 35 118 122 136 20 111 57 28 48 25 103 10 76 24 42 80 94 109 67 5 82 39 91 21 127 138 43 50 121 53 62 16 104 12 95 96 74 9 124 131 51 89 112 99 14 143 13 92 115 140 40 31 26 0 23 38 116 70 75 97 18 6 88 81 1 78 137 54 58 126 102 61 27 52 59 84 114 142 125 141 55 36 123 15 65 87 83 79 90 72 119 44 101 134 19 63 56 2 68 3 85 106
23 48 115 119 5 60 25 27 74 131 127 77 104 12 123 84 53 44 0 54 7 31 45 50 138 56 113 94 8 122 105 30 97 86 121 39 66 58 42 43 130 24 111 46 117 99 100 26 69 37 3 141 83 70 140 101 62 59 14 73 22 75 139 91 11 2 65 68 92 106 78 38 71 29 57 120 64 134 10 28 109 125 88 116 9 67 4 144 102 108 34 18 72 96 133 49 52 61 95 135 76 1 129 36 21 32 47 55 16 82 19 41 143 93 17 51 80 40 33 103 136 90 85 81 126 87 118 132 142 107 124 112 128 35 15 79 114 110 137 98 20 89 63 6 13
6 118 81 35 61 69 31 94 15 102 91 101 115 109 45 2 135 137 71 128 93 106 96 125 26 34 84 88 78 10 50 103 97 28 48 3 4 51 98 19 127 112 123 22 30 85 40 41 11 129 1 116 5 66 99 55 46 38 95 105 86 119 54 131 16 23 57 73 18 134 47 21 42 79 108 111 43 90 63 74 133 120 143 136 68 82 24 121 49 67 33 104 64 13 9 124 75 80 141 145 122 100 113 70 58 62 20 65 144 117 138 36 14 87 77 107 72 110 89 139 83 60 0 7 52 37 142 44 27 132 53 126 17 25 76 39 114 32 8 29 59 92 56 12 140 130
106 9 109 61 115 50 62 46 49 130 47 58 36 84 53 74 68 48 86 94 37 4 43 13 113 120 8 59 78 10 144 97 15 103 30 107 81 71 16 69 65 56 7 67 31 133 25 119 105 102 83 54 131 111 40 126 85 96 129 146 28 122 100 137 136 33 125 98 76 22 41 72 124 19 117 51 45 108 21 91 11 138 26 32 112 80 104 63 87 95 66 139 2 6 20 1 128 118 57 89 134 38 88 3 70 5 145 142 141 93 132 127 101 110 79 121 17 90 14 34 140 99 35 64 29 44 135 39 42 60 114 73 0 82 23 116 12 123 52 55 27 24 77 18 92 75 143
113 143 139 119 141 82 3 106 72 5 98 21 77 59 31 90 96 109 92 33 61 144 117 120 22 122 8 79 135 70 27 88 94 58 2 39 18 62 15 87 52 12 37 67 26 111 42 6 112 68 14 123 107 137 134 25 127 75 105 20 51 53 23 57 28 104 19 41 102 30 132 11 99 46 29 78 130 97 110 40 17 35 128 49 86 146 114 140 121 34 142 118 85 1 24 0 66 38 71 65 56 48 101 7 63 84 76 95 4 124 108 60 47 129 103 13 80 69 83 36 81 100 45 50 136 93 126 74 32 16 64 55 91 10 116 9 43 115 131 54 125 73 133 138 44 145 89 147
19 144 140 128 127 67 124 6 60 15 142 94 13 32 26 5 112 118 145 96 107 50 114 98 77 14 30 83 52 58 56 66 117 8 102 4 115 143 7 130 29 63 99 116 40 129 21 79 23 105 37 75 97 25 10 46 74 93 76 134 42 65 48 81 1 84 36 39 139 85 136 125 53 141 18 101 72 47 78 148 119 61 100 22 45 57 80 88 20 120 17 33 95 16 87 28 0 62 24 55 54 113 108 9 43 71 147 146 91 73 109 86 123 35 69 92 103 51 49 44 82 31 59 11 38 68 106 110 3 133 131 12 64 132 90 104 41 137 27 89 135 34 111 122 70 121 138 2 126
2 43 3 92 88 93 95 81 19 64 119 8 72 10 56 76 31 98 61 50 33 89 69 7 59 90 73 20 126 40 28 32 39 111 130 25 53 142 129 29 23 47 48 5 13 100 109 46 133 60 16 41 85 118 146 45 105 128 62 103 107 79 17 65 80 55 44 42 84 35 140 115 134 82 96 30 108 116 70 125 12 37 26 34 87 131 110 18 147 75 77 145 136 38 0 144 132 135 124 54 14 58 91 24 122 11 139 97 21 143 27 148 114 57 1 106 74 112 63 9 113 117 149 104 141 52 78 137 138 86 99 49 51 67 121 102 6 127 83 68 94 71 4 66 22 123 15 101 36 120
119 112 33 28 116 41 76 102 134 60 62 64 117 113 72 20 54 81 1 98 137 93 110 8 80 5 73 12 109 108 127 141 135 124 63 39 0 55 25 58 85 11 121 59 87 91 19 24 15 123 131 142 45 9 44 52 74 150 36 71 90 125 86 35 75 47 67 7 65 37 136 138 21 140 132 46 146 145 30 13 101 43 42 31 49 104 16 18 14 149 143 51 26 83 82 148 95 114 89 29 126 66 32 68 56 97 38 48 10 53 103 6 147 96 77 40 99 61 144 69 84 130 129 139 27 88 118 106 107 3 120 100 92 2 4 94 111 115 50 133 78 22 128 23 17 34 57 79 122 70 105
32 7 65 37 9 93 133 27 68 50 123 73 19 61 69 8 91 131 87 84 92 67 125 25 94 89 117 26 82 126 96 0 98 104 139 72 41 103 39 144 83 14 12 108 130 137 74 71 23 76 136 90 135 129 107 18 20 81 141 64 70 56 88 121 2 151 128 99 124 45 120 86 48 54 63 114 85 78 53 42 52 46 43 36 115 3 29 59 10 5 122 30 38 147 140 102 79 148 44 24 95 146 34 60 1 57 33 100 145 149 138 101 31 109 22 21 17 66 6 40 62 119 143 118 112 80 142 150 28 75 47 97 58 127 110 106 134 13 11 4 105 55 35 132 111 15 116 113 49 16 77 51
85 19 33 53 100 47 68 144 94 97 35 86 54 87 142 14 110 40 141 119 112 143 22 117 63 48 56 103 139 81 23 13 83 57 133 146 135 105 39 124 150 91 17 88 69 107 73 95 98 12 25 61 41 129 27 122 70 30 60 78 101 131 140 7 50 115 72 44 147 137 126 46 127 62 5 36 148 3 111 34 52 121 18 120 99 58 116 45 4 1 0 31 90 64 10 20 51 123 6 43 37 145 66 82 130 108 28 32 125 76 138 15 113 26 9 71 38 92 118 65 74 2 102 75 67 8 49 29 96 89 59 152 11 136 109 149 151 55 114 24 16 80 93 106 79 132 77 104 134 42 128 21 84
21 5 71 45 75 37 69 153 66 55 13 115 111 14 19 128 98 127 9 93 52 143 39 124 20 23 73 140 92 28 123 152 11 86 106 99 0 94 102 135 36 41 104 119 103 85 80 81 7 29 82 120 121 15 116 35 61 24 6 30 118 113 8 117 96 50 138 108 114 90 148 27 2 137 64 10 25 95 63 68 84 3 1 53 83 33 31 122 60 54 88 139 48 77 70 57 62 42 51 110 151 105 46 146 107 134 76 125 101 59 17 87 144 130 78 133 65 109 91 97 147 126 12 34 79 112 43 142 136 149 56 44 100 131 32 72 26 74 58 49 38 47 16 132 150 22 67 141 40 89 4 18 129 145
50 13 149 108 42 93 120 21 8 121 104 110 74 87 90 117 5 102 82 116 78 35 19 103 34 84 25 150 47 134 123 100 107 45 128 30 76 148 129 92 85 17 3 138 81 113 68 99 127 147 72 151 16 37 111 65 130 49 97 86 114 132 66 61 56 145 1 105 6 106 146 2 41 136 26 131 14 10 143 80 112 119 115 133 139 58 55 73 24 54 137 9 109 11 31 51 43 62 122 64 89 95 60 77 79 12 126 67 4 18 69 46 22 33 71 40 0 125 44 57 27 124 15 53 96 141 32 88 135 152 118 98 94 28 101 140 36 153 29 154 39 52 63 142 48 20 59 91 70 83 23 144 38 75 7
119 66 49 141 71 89 104 50 1 40 107 28 87 134 67 76 27 37 30 138 126 32 16 21 93 131 80 91 22 108 113 41 34 12 60 79 88 109 48 20 0 95 11 74 139 77 14 23 122 105 42 128 56 110 111 84 13 114 43 54 120 64 63 143 61 17 123 15 6 116 137 96 106 146 26 142 51 152 5 4 101 83 62 8 59 35 65 145 99 97 72 90 75 117 147 86 112 53 44 100 45 52 133 58 70 36 103 135 85 154 127 115 29 55 136 57 18 125 82 124 132 10 121 9 46 118 69 39 130 153 19 129 68 149 38 7 148 47 3 155 81 73 151 24 102 94 144 92 25 78 2 150 31 33 140 98
31 92 59 17 61 65 114 90 142 84 66 54 36 153 58 118 15 12 136 53 146 7 110 32 144 63 40 43 140 42 107 23 143 111 139 82 106 119 47 1 9 91 109 73 95 78 37 94 101 138 46 38 22 44 98 129 49 6 137 155 149 4 135 41 10 64 8 39 57 48 50 2 152 127 100 131 112 97 3 81 133 16 56 70 123 68 86 35 33 34 121 80 69 0 13 77 71 125 120 20 55 79 134 28 93 126 14 115 87 75 27 96 128 21 24 132 105 150 5 145 62 130 151 154 85 52 60 102 18 83 74 122 141 72 103 26 11 88 147 99 67 148 30 113 156 89 76 104 25 45 124 117 19 29 51 108 116
42 81 112 15 53 68 134 26 67 46 127 138 91 118 28 9 113 89 95 115 0 132 56 74 44 147 80 150 72 156 50 27 154 98 71 73 4 59 58 17 101 108 3 125 61 120 36 29 149 141 20 92 94 97 103 137 40 12 7 23 96 47 8 122 105 87 139 106 119 123 76 45 133 18 157 104 116 110 140 64 43 31 126 21 70 30 32 135 143 152 1 39 16 65 2 90 129 35 57 13 49 151 121 142 153 84 79 83 148 10 109 85 63 82 66 33 130 60 5 146 14 78 41 107 117 25 77 37 124 48 128 11 22 99 54 86 131 6 34 19 145 144 55 155 114 100 75 93 69 62 102 52 111 136 88 51 38 24
7 110 83 148 67 81 123 150 14 154 141 120 28 85 12 8 23 62 146 96 9 89 127 39 51 137 86 116 1 118 132 147 158 140 44 129 108 79 15 19 100 92 38 102 53 63 57 80 21 35 29 145 122 22 24 20 117 138 16 152 111 157 10 93 17 130 69 126 139 0 77 107 82 25 112 47 135 124 98 105 155 91 55 6 13 114 151 109 142 115 37 50 71 90 121 75 128 104 131 33 84 52 68 113 41 88 70 32 11 5 78 99 94 153 95 36 43 119 103 66 4 46 60 45 149 65 18 125 54 97 34 3 56 133 31 26 74 40 143 27 144 2 101 87 136 61 58 42 64 30 72 49 73 76 48 106 59 156 134
114 76 82 51 12 34 98 125 134 48 110 127 87 129 145 159 1 111 49 9 32 103 14 3 47 53 64 27 54 72 28 31 95 100 138 85 56 40 68 61 142 144 55 67 41 18 74 59 150 149 50 2 151 44 39 99 66 23 94 26 96 132 135 0 7 62 101 71 141 124 5 157 65 29 153 43 35 24 158 60 30 119 154 107 123 117 130 147 77 112 152 118 42 4 16 102 113 115 148 10 80 155 22 104 122 15 45 93 70 19 37 108 140 58 89 84 38 25 36 81 20 21 69 79 92 97 52 109 91 137 126 17 6 116 143 33 86 146 88 128 136 73 75 105 131 90 139 8 133 46 106 63 78 121 11 120 57 83 156 13
70 149 141 13 62 154 108 18 102 135 115 32 120 145 136 50 46 75 29 73 69 147 116 112 142 140 52 36 99 90 63 132 42 67 15 80 16 127 57 3 44 72 23 8 122 160 151 94 31 39 27 60 107 101 104 86 82 1 110 53 129 30 83 21 111 34 105 56 137 47 51 77 9 146 113 22 100 0 92 97 119 41 106 96 88 25 68 24 14 117 144 79 81 28 153 59 155 123 49 7 157 159 131 61 58 126 89 17 87 84 152 91 5 124 148 48 64 109 156 143 65 133 139 150 2 11 118 43 71 10 93 130 33 38 128 55 66 74 12 40 35 95 121 19 138 45 134 76 20 6 37 103 26 4 98 114 78 85 158 54 125
128 56 150 62 69 82 70 60 93 27 0 8 127 159 5 30 20 106 46 85 55 86 116 138 80 90 71 131 103 119 89 96 43 111 94 21 109 105 154 18 15 125 148 107 149 133 35 19 68 110 33 121 52 130 97 9 12 49 64 7 2 26 98 39 84 137 72 38 141 83 31 24 65 140 58 118 87 16 139 4 34 157 61 108 50 115 28 17 144 158 6 126 146 145 102 151 66 59 78 120 123 147 132 51 95 92 25 23 32 74 11 41 135 1 99 48 47 136 156 44 122 113 160 101 104 114 100 57 54 129 152 53 124 13 73 88 63 67 3 134 161 77 81 112 45 155 142 14 22 37 10 91 76 75 42 40 36 143 117 79 153 29
123 140 153 47 111 87 73 83 92 67 49 112 2 77 4 101 150 98 76 56 160 103 66 57 35 108 52 131 65 34 12 70 11 31 60 26 14 69 137 37 64 17 68 58 107 126 5 136 138 23 85 130 71 113 6 110 62 82 100 51 159 75 3 88 78 144 114 145 118 161 152 115 106 38 109 50 93 99 148 125 157 122 22 41 139 16 25 154 162 27 24 116 29 13 105 8 19 28 15 81 147 33 59 142 146 42 156 1 21 55 127 91 94 141 20 53 43 102 149 132 134 9 143 121 120 18 124 151 89 30 45 86 32 80 95 74 84 79 155 40 128 48 36 10 72 158 0 46 61 44 7 119 104 97 117 135 90 133 96 63 39 129 54
18 136 160 108 79 12 105 22 119 163 2 88 92 41 43 34 135 98 84 72 17 126 125 13 144 86 59 64 20 58 38 109 90 60 53 78 157 50 3 104 39 5 40 15 33 129 162 112 80 114 31 128 93 71 141 145 148 1 68 29 116 101 130 14 7 55 142 147 152 132 97 99 48 74 81 35 124 91 69 44 51 52 21 24 28 46 107 150 54 146 143 127 149 4 32 56 133 158 161 122 36 8 25 11 66 137 139 153 106 131 154 57 30 151 82 110 111 27 159 9 77 62 26 156 16 61 6 121 23 89 117 134 73 63 42 155 103 67 96 94 83 123 47 85 65 0 140 37 138 113 76 115 87 70 118 102 120 95 100 10 19 75 45 49
31 82 71 126 7 66 152 0 22 162 53 41 21 8 139 148 89 114 150 38 32 42 109 43 106 90 58 9 4 98 73 129 81 164 159 144 122 46 6 10 153 70 163 69 86 56 47 145 72 110 101 135 11 161 137 141 19 2 34 97 25 85 18 134 111 12 108 96 67 63 142 3 136 54 24 125 100 88 115 158 48 16 62 77 113 49 50 36 1 45 75 102 138 14 118 147 15 5 52 120 28 23 27 149 33 76 79 93 17 74 65 103 146 60 116 105 131 119 160 112 151 155 91 124 30 156 29 83 94 92 140 37 40 55 84 128 51 104 132 123 68 80 44 26 133 154 64 35 13 59 20 107 39 121 117 143 78 99 127 95 61 87 57 130 157
52 147 58 1 110 25 150 120 89 21 3 41 22 90 26 44 60 53 34 82 2 63 86 94 61 142 130 153 113 84 30 114 121 68 123 13 92 107 20 157 138 31 79 131 77 149 64 24 145 74 28 62 27 124 83 56 32 105 45 158 135 15 162 80 16 39 59 19 112 98 81 4 163 152 160 165 85 106 146 0 137 97 140 126 143 70 128 103 69 156 51 49 87 122 109 38 10 43 95 159 57 116 104 35 139 119 55 76 129 11 42 47 66 8 72 148 48 93 132 9 5 29 161 6 164 141 14 37 23 12 111 78 127 101 17 75 50 134 96 151 136 102 108 88 46 54 33 65 155 18 36 125 99 7 73 144 154 133 40 67 91 118 117 71 115 100
119 99 66 6 2 132 90 157 121 96 23 128 38 16 125 53 91 83 106 43 135 84 104 131 14 19 123 47 73 120 31 64 68 102 9 88 4 27 124 138 67 82 48 142 79 112 32 160 159 20 39 70 109 26 151 51 110 146 81 15 75 76 58 105 117 34 103 49 136 0 133 100 141 89 65 10 28 72 63 61 44 114 154 74 8 143 54 127 69 62 56 113 1 94 118 29 5 40 86 36 60 71 11 147 152 98 41 149 139 165 22 7 18 111 13 3 46 134 122 153 35 97 156 101 52 115 95 78 57 164 163 126 50 77 24 161 92 42 21 55 145 80 166 140 87 158 59 155 45 137 108 37 93 150 129 116 144 33 12 85 130 148 162 30 17 107 25
15 12 115 10 26 63 166 108 96 127 104 157 110 123 45 24 90 25 156 153 65 58 13 66 53 154 162 20 62 29 17 122 14 30 49 151 165 130 47 136 48 56 60 144 52 9 5 73 106 132 39 31 147 93 121 55 100 84 140 135 6 145 141 149 163 158 128 119 83 107 118 164 159 67 161 32 81 0 3 101 89 150 7 146 71 44 19 51 131 99 69 117 95 33 75 35 94 61 28 40 120 102 133 98 2 92 103 43 112 74 114 42 72 11 116 124 18 79 143 82 16 78 1 134 37 8 76 138 57 88 21 54 46 22 59 4 36 87 86 68 142 77 109 167 97 23 113 27 50 91 41 125 111 34 70 160 105 148 139 137 80 129 85 155 126 152 64 38
37 91 53 26 119 105 109 104 40 65 51 161 142 12 54 151 136 24 80 27 3 154 66 57 157 164 152 113 158 143 88 159 137 145 70 89 76 96 146 67 92 74 63 39 8 17 112 5 52 38 11 44 97 85 118 36 29 153 108 140 41 132 131 9 139 61 133 72 25 129 49 19 4 128 155 14 114 15 106 149 111 135 101 166 55 21 83 77 167 124 69 58 130 42 59 110 122 82 64 35 98 86 28 45 6 163 46 56 16 127 144 34 87 126 79 31 0 73 32 81 100 162 115 160 1 102 50 20 7 121 68 125 23 99 43 2 165 95 47 62 90 148 93 107 60 22 117 156 48 75 103 84 134 120 123 30 94 71 78 150 147 138 13 33 168 116 18 10 141
42 137 109 111 166 118 149 70 66 15 55 99 77 100 163 161 61 43 81 107 78 38 29 119 126 6 86 71 90 35 39 104 168 114 74 138 14 57 152 12 80 45 33 131 36 91 1 120 141 140 72 56 41 51 87 108 153 27 25 148 112 83 67 113 50 10 127 155 115 31 20 26 169 37 4 98 130 28 147 96 142 7 46 17 40 85 18 134 156 139 49 102 58 53 16 24 84 82 105 145 63 75 158 52 8 88 143 121 106 167 129 124 79 144 0 132 159 5 54 68 162 135 146 64 97 19 128 34 32 65 2 30 133 69 11 73 136 59 101 47 160 60 76 44 150 165 94 22 125 93 13 122 23 62 103 117 92 157 89 3 116 48 151 21 9 110 164 154 123 95
