50 1 1000
27 45
0 26
0 5
0 8
0 48
0 44
0 45
0 12
0 9
0 11
0 39
0 29
0 36
0 37
0 32
0 25
0 47
0 19
0 15
0 18
0 17
0 35
0 1
0 46
0 10
0 43
0 2
0 34
0 49
0 3
0 40
0 24
0 28
0 38
0 7
0 30
0 21
0 14
0 27
0 23
0 42
0 4
0 33
0 13
0 41
0 6
0 20
0 22
0 31
0 16
26 5
26 8
26 48
26 44
26 45
26 12
26 9
26 11
26 39
26 29
26 36
26 37
26 32
26 25
26 47
26 19
26 15
26 18
26 17
26 35
26 1
26 46
26 10
26 43
26 2
26 34
26 49
26 3
26 40
26 24
26 28
26 38
26 7
26 30
26 21
26 14
26 27
26 23
26 42
26 4
26 33
26 13
26 41
26 6
26 20
26 22
26 31
26 16
5 26
5 8
5 48
5 44
5 45
5 12
5 9
5 11
5 39
5 29
5 36
5 37
5 32
5 25
5 47
5 19
5 15
5 18
5 17
5 35
5 1
5 46
5 10
5 43
5 2
5 34
5 49
5 3
5 40
5 24
5 28
5 38
5 7
5 30
5 21
5 14
5 27
5 23
5 42
5 4
5 33
5 13
5 41
5 6
5 20
5 22
5 31
5 16
8 26
8 5
8 48
8 44
8 45
8 12
8 9
8 11
8 39
8 29
8 36
8 37
8 32
8 25
8 47
8 19
8 15
8 18
8 17
8 35
8 1
8 46
8 10
8 43
8 2
8 34
8 49
8 3
8 40
8 24
8 28
8 38
8 7
8 30
8 21
8 14
8 27
8 23
8 42
8 4
8 33
8 13
8 41
8 6
8 20
8 22
8 31
8 16
48 0
48 26
48 5
48 44
48 45
48 12
48 9
48 11
48 39
48 29
48 36
48 37
48 32
48 25
48 47
48 19
48 15
48 18
48 17
48 35
48 1
48 46
48 10
48 43
48 2
48 34
48 49
48 3
48 40
48 24
48 28
48 38
48 7
48 30
48 21
48 14
48 27
48 23
48 42
48 4
48 33
48 13
48 41
48 6
48 20
48 22
48 31
48 16
44 0
44 26
44 8
44 48
44 45
44 12
44 9
44 11
44 39
44 29
44 36
44 37
44 32
44 25
44 47
44 19
44 15
44 18
44 17
44 35
44 1
44 46
44 10
44 43
44 2
44 34
44 49
44 3
44 40
44 24
44 28
44 38
44 7
44 30
44 21
44 14
44 27
44 23
44 42
44 4
44 33
44 13
44 41
44 6
44 20
44 22
44 31
44 16
45 0
45 26
45 5
45 8
45 44
45 12
45 9
45 11
45 39
45 29
45 36
45 37
45 32
45 25
45 47
45 19
45 15
45 18
45 17
45 35
45 1
45 46
45 10
45 43
45 2
45 34
45 49
45 3
45 40
45 24
45 28
45 38
45 7
45 30
45 21
45 14
45 27
45 23
45 42
45 4
45 33
45 13
45 41
45 6
45 20
45 22
45 31
45 16
12 0
12 26
12 8
12 48
12 44
12 45
12 9
12 11
12 39
12 29
12 36
12 37
12 32
12 25
12 47
12 19
12 15
12 18
12 17
12 35
12 1
12 46
12 10
12 43
12 2
12 34
12 49
12 3
12 40
12 24
12 28
12 38
12 7
12 30
12 21
12 14
12 27
12 23
12 42
12 4
12 33
12 13
12 41
12 6
12 20
12 22
12 31
12 16
9 0
9 26
9 5
9 8
9 48
9 45
9 12
9 11
9 39
9 29
9 36
9 37
9 32
9 25
9 47
9 19
9 15
9 18
9 17
9 35
9 1
9 46
9 10
9 43
9 2
9 34
9 49
9 3
9 40
9 24
9 28
9 38
9 7
9 30
9 21
9 14
9 27
9 23
9 42
9 4
9 33
9 13
9 41
9 6
9 20
9 22
9 31
9 16
11 0
11 26
11 5
11 48
11 44
11 45
11 12
11 9
11 39
11 29
11 36
11 37
11 32
11 25
11 47
11 19
11 15
11 18
11 17
11 35
11 1
11 46
11 10
11 43
11 2
11 34
11 49
11 3
11 40
11 24
11 28
11 38
11 7
11 30
11 21
11 14
11 27
11 23
11 42
11 4
11 33
11 13
11 41
11 6
11 20
11 22
11 31
11 16
39 0
39 26
39 5
39 8
39 48
39 44
39 12
39 9
39 11
39 29
39 36
39 37
39 32
39 25
39 47
39 19
39 15
39 18
39 17
39 35
39 1
39 46
39 10
39 43
39 2
39 34
39 49
39 3
39 40
39 24
39 28
39 38
39 7
39 30
39 21
39 14
39 27
39 23
39 42
39 4
39 33
39 13
39 41
39 6
39 20
39 22
39 31
39 16
29 0
29 26
29 8
29 48
29 44
29 45
29 12
29 9
29 11
29 39
29 36
29 37
29 32
29 25
29 47
29 19
29 15
29 18
29 17
29 35
29 1
29 46
29 10
29 43
29 2
29 34
29 49
29 3
29 40
29 24
29 28
29 38
29 7
29 30
29 21
29 14
29 27
29 23
29 42
29 4
29 33
29 13
29 41
29 6
29 20
29 22
29 31
29 16
36 0
36 26
36 5
36 8
36 48
36 44
36 45
36 12
36 9
36 11
36 29
36 37
36 32
36 25
36 47
36 19
36 15
36 18
36 17
36 35
36 1
36 46
36 10
36 43
36 2
36 34
36 49
36 3
36 40
36 24
36 28
36 38
36 7
36 30
36 21
36 14
36 27
36 23
36 42
36 4
36 33
36 13
36 41
36 6
36 20
36 22
36 31
36 16
37 0
37 26
37 8
37 48
37 44
37 45
37 12
37 9
37 11
37 39
37 29
37 36
37 32
37 25
37 47
37 19
37 15
37 18
37 17
37 35
37 1
37 46
37 10
37 43
37 2
37 34
37 49
37 3
37 40
37 24
37 28
37 38
37 7
37 30
37 21
37 14
37 27
37 23
37 42
37 4
37 33
37 13
37 41
37 6
37 20
37 22
37 31
37 16
32 26
32 5
32 8
32 48
32 44
32 45
32 12
32 9
32 11
32 39
32 29
32 36
32 37
32 25
32 47
32 19
32 15
32 18
32 17
32 35
32 1
32 46
32 10
32 43
32 2
32 34
32 49
32 3
32 40
32 24
32 28
32 38
32 7
32 30
32 21
32 14
32 27
32 23
32 42
32 4
32 33
32 13
32 41
32 6
32 20
32 22
32 31
32 16
25 0
25 5
25 8
25 48
25 44
25 45
25 12
25 9
25 11
25 39
25 29
25 36
25 37
25 32
25 47
25 19
25 15
25 18
25 17
25 35
25 1
25 46
25 10
25 43
25 2
25 34
25 49
25 3
25 40
25 24
25 28
25 38
25 7
25 30
25 21
25 14
25 27
25 23
25 42
25 4
25 33
25 13
25 41
25 6
25 20
25 22
25 31
25 16
47 0
47 26
47 8
47 48
47 44
47 45
47 12
47 9
47 11
47 39
47 29
47 36
47 37
47 32
47 25
47 19
47 15
47 18
47 17
47 35
47 1
47 46
47 10
47 43
47 2
47 34
47 49
47 3
47 40
47 24
47 28
47 38
47 7
47 30
47 21
47 14
47 27
47 23
47 42
47 4
47 33
47 13
47 41
47 6
47 20
47 22
47 31
47 16
19 0
19 26
19 5
19 8
19 48
19 44
19 45
19 12
19 9
19 11
19 39
19 29
19 36
19 37
19 25
19 47
19 15
19 18
19 17
19 35
19 1
19 46
19 10
19 43
19 2
19 34
19 49
19 3
19 40
19 24
19 28
19 38
19 7
19 30
19 21
19 14
19 27
19 23
19 42
19 4
19 33
19 13
19 41
19 6
19 20
19 22
19 31
19 16
15 26
15 5
15 8
15 48
15 44
15 45
15 12
15 9
15 11
15 39
15 29
15 36
15 37
15 32
15 25
15 47
15 19
15 18
15 17
15 35
15 1
15 46
15 10
15 43
15 2
15 34
15 49
15 3
15 40
15 24
15 28
15 38
15 7
15 30
15 21
15 14
15 27
15 23
15 42
15 4
15 33
15 13
15 41
15 6
15 20
15 22
15 31
15 16
18 0
18 26
18 5
18 48
18 44
18 45
18 12
18 9
18 11
18 39
18 29
18 36
18 37
18 32
18 25
18 47
18 19
18 15
18 17
18 35
18 1
18 46
18 10
18 43
18 2
18 34
18 49
18 3
18 40
18 24
18 28
18 38
18 7
18 30
18 21
18 14
18 27
18 23
18 42
18 4
18 33
18 13
18 41
18 6
18 20
18 22
18 31
18 16
17 0
17 26
17 5
17 8
17 48
17 44
17 45
17 12
17 9
17 11
17 39
17 29
17 36
17 37
17 32
17 25
17 47
17 19
17 15
17 35
17 1
17 46
17 10
17 43
17 2
17 34
17 49
17 3
17 40
17 24
17 28
17 38
17 7
17 30
17 21
17 14
17 27
17 23
17 42
