1 35
30 35
69 35
89 35
3 89
36 89
39 89
43 89
94 89
24 94
42 94
49 94
60 94
29 60
61 60
77 60
78 60
28 78
9 24
44 24
93 24
99 24
0 44
87 44
7 87
26 87
71 0
81 0
46 71
88 71
31 9
91 9
83 91
63 31
85 31
53 85
15 53
70 53
19 63
25 43
59 43
6 36
17 36
20 36
32 36
55 36
82 36
74 82
56 32
98 32
48 56
62 20
13 17
64 17
75 17
41 64
18 41
72 41
58 18
50 3
67 3
8 69
37 69
45 69
52 69
86 69
66 86
80 86
95 86
96 86
23 96
2 95
38 52
40 52
57 38
10 45
11 10
90 10
54 37
76 8
5 30
51 5
12 1
21 1
34 1
65 1
33 65
79 65
14 79
27 33
73 33
68 21
84 21
4 68
22 12
16 22
92 22
97 22
47 97
