0 66
2 65
3 77
5 25
7 37
8 74
10 75
11 35
12 94
15 78
18 95
23 12
25 66
26 16
27 3
28 24
30 27
33 43
34 8
35 77
38 46
40 29
44 24
46 19
47 56
49 65
52 81
53 61
56 14
57 4
58 68
59 78
61 27
63 48
64 57
66 95
70 89
72 7
74 24
75 56
76 19
81 94
82 14
84 14
85 80
86 48
87 12
88 26
89 37
91 80
92 98
93 62
94 86
95 39
99 27
37 65
50 65
69 49
78 65
83 65
4 83
31 4
55 64
97 78
79 97
36 79
13 37
39 37
45 70
48 37
96 7
6 81
51 87
54 87
67 12
20 25
21 18
24 95
41 18
43 39
77 39
14 27
19 27
29 3
32 11
42 53
60 27
71 75
90 43
62 24
68 74
98 74
1 98
9 1
80 1
16 68
22 68
17 16
73 13
