100 55 9500
89 37
95 39
86 48
74 24
8 74
3 77
18 95
94 86
27 3
63 48
81 94
61 27
7 37
35 77
92 98
12 94
66 95
30 27
56 14
25 66
26 16
2 65
58 68
11 35
53 61
88 26
84 14
46 19
52 81
91 80
44 24
82 14
99 27
76 19
28 24
23 12
87 12
33 43
75 56
70 89
57 4
34 8
47 56
72 7
10 75
85 80
40 29
93 62
59 78
38 46
64 57
15 78
49 65
5 25
0 66
65 37
65 89
65 78
65 39
65 95
65 48
65 86
65 24
65 77
65 83
65 74
65 4
65 68
65 8
65 3
65 16
65 18
65 94
65 27
65 63
65 81
65 61
65 97
65 7
65 35
65 98
65 60
65 92
65 79
65 12
65 66
65 19
65 14
65 17
65 30
65 1
65 43
65 56
65 25
65 6
65 20
65 26
65 2
65 62
65 96
65 9
65 80
65 36
65 58
65 11
65 32
65 67
65 53
65 42
65 41
65 88
65 84
65 46
65 52
65 31
65 91
65 44
65 82
65 99
65 76
65 28
65 23
65 87
65 33
65 13
65 51
65 75
65 70
65 54
65 73
65 57
65 34
65 47
65 29
65 90
65 72
65 21
65 10
65 85
65 40
65 93
65 59
65 38
65 64
65 22
65 71
65 15
65 55
65 49
65 45
65 69
65 50
65 5
65 0
37 89
37 78
37 39
37 95
37 48
37 86
37 24
37 77
37 83
37 74
37 4
37 68
37 8
37 3
37 16
37 18
37 94
37 27
37 63
37 81
37 61
37 97
37 7
37 35
37 98
37 60
37 92
37 79
37 12
37 66
37 19
37 14
37 17
37 30
37 1
37 43
37 56
37 25
37 6
37 20
37 26
37 2
37 62
37 96
37 9
37 80
37 36
37 58
37 11
37 32
37 67
37 53
37 42
37 41
37 88
37 84
37 46
37 52
37 31
37 91
37 44
37 82
37 99
37 76
37 28
37 23
37 87
37 33
37 13
37 51
37 75
37 70
37 54
37 73
37 57
37 34
37 47
37 29
37 90
37 72
37 21
37 10
37 85
37 40
37 93
37 59
37 38
37 64
37 22
37 71
37 15
37 55
37 49
37 45
37 69
37 50
37 5
37 0
89 65
89 78
89 39
89 95
89 48
89 86
89 24
89 77
89 83
89 74
89 4
89 68
89 8
89 3
89 16
89 18
89 94
89 27
89 63
89 81
89 61
89 97
89 7
89 35
89 98
89 60
89 92
89 79
89 12
89 66
89 19
89 14
89 17
89 30
89 1
89 43
89 56
89 25
89 6
89 20
89 26
89 2
89 62
89 96
89 9
89 80
89 36
89 58
89 11
89 32
89 67
89 53
89 42
89 41
89 88
89 84
89 46
89 52
89 31
89 91
89 44
89 82
89 99
89 76
89 28
89 23
89 87
89 33
89 13
89 51
89 75
89 70
89 54
89 73
89 57
89 34
89 47
89 29
89 90
89 72
89 21
89 10
89 85
89 40
89 93
89 59
89 38
89 64
89 22
89 71
89 15
89 55
89 49
89 45
89 69
89 50
89 5
89 0
78 37
78 89
78 39
78 95
78 48
78 86
78 24
78 77
78 83
78 74
78 4
78 68
78 8
78 3
78 16
78 18
78 94
78 27
78 63
78 81
78 61
78 97
78 7
78 35
78 98
78 60
78 92
78 79
78 12
78 66
78 19
78 14
78 17
78 30
78 1
78 43
78 56
78 25
78 6
78 20
78 26
78 2
78 62
78 96
78 9
78 80
78 36
78 58
78 11
78 32
78 67
78 53
78 42
78 41
78 88
78 84
78 46
78 52
78 31
78 91
78 44
78 82
78 99
78 76
78 28
78 23
78 87
78 33
78 13
78 51
78 75
78 70
78 54
78 73
78 57
78 34
78 47
78 29
78 90
78 72
78 21
78 10
78 85
78 40
78 93
78 59
78 38
78 64
78 22
78 71
78 15
78 55
78 49
78 45
78 69
78 50
78 5
78 0
39 65
39 89
39 78
39 95
39 48
39 86
39 24
39 77
39 83
39 74
39 4
39 68
39 8
39 3
39 16
39 18
39 94
39 27
39 63
39 81
39 61
39 97
39 7
39 35
39 98
39 60
39 92
39 79
39 12
39 66
39 19
39 14
39 17
39 30
39 1
39 43
39 56
39 25
39 6
39 20
39 26
39 2
39 62
39 96
39 9
39 80
39 36
39 58
39 11
39 32
39 67
39 53
39 42
39 41
39 88
39 84
39 46
39 52
39 31
39 91
39 44
39 82
39 99
39 76
39 28
39 23
39 87
39 33
39 13
39 51
39 75
39 70
39 54
39 73
39 57
39 34
39 47
39 29
39 90
39 72
39 21
39 10
39 85
39 40
39 93
39 59
39 38
39 64
39 22
39 71
39 15
39 55
39 49
39 45
39 69
39 50
39 5
39 0
95 65
95 37
95 89
95 78
95 48
95 86
95 24
95 77
95 83
95 74
95 4
95 68
95 8
95 3
95 16
95 18
95 94
95 27
95 63
95 81
95 61
95 97
95 7
95 35
95 98
95 60
95 92
95 79
95 12
95 66
95 19
95 14
95 17
95 30
95 1
95 43
95 56
95 25
95 6
95 20
95 26
95 2
95 62
95 96
95 9
95 80
95 36
95 58
95 11
95 32
95 67
95 53
95 42
95 41
95 88
95 84
95 46
95 52
95 31
95 91
95 44
95 82
95 99
95 76
95 28
95 23
95 87
95 33
95 13
95 51
95 75
95 70
95 54
95 73
95 57
95 34
95 47
95 29
95 90
95 72
95 21
95 10
95 85
95 40
95 93
95 59
95 38
95 64
95 22
95 71
95 15
95 55
95 49
95 45
95 69
95 50
95 5
95 0
48 65
48 89
48 78
48 39
48 95
48 86
48 24
48 77
48 83
48 74
48 4
48 68
48 8
48 3
48 16
48 18
48 94
48 27
48 63
48 81
48 61
48 97
48 7
48 35
48 98
48 60
48 92
48 79
48 12
48 66
48 19
48 14
48 17
48 30
48 1
48 43
48 56
48 25
48 6
48 20
48 26
48 2
48 62
48 96
48 9
48 80
48 36
48 58
48 11
48 32
48 67
48 53
48 42
48 41
48 88
48 84
48 46
48 52
48 31
48 91
48 44
48 82
48 99
48 76
48 28
48 23
48 87
48 33
48 13
48 51
48 75
48 70
48 54
48 73
48 57
48 34
48 47
48 29
48 90
48 72
48 21
48 10
48 85
48 40
48 93
48 59
48 38
48 64
48 22
48 71
48 15
48 55
48 49
48 45
48 69
48 50
48 5
48 0
86 65
86 37
86 89
86 78
86 39
86 95
86 24
86 77
86 83
86 74
86 4
86 68
86 8
86 3
86 16
86 18
86 94
86 27
86 63
86 81
86 61
86 97
86 7
86 35
86 98
86 60
86 92
86 79
86 12
86 66
86 19
86 14
86 17
86 30
86 1
86 43
86 56
86 25
86 6
86 20
86 26
86 2
86 62
86 96
86 9
86 80
86 36
86 58
86 11
86 32
86 67
86 53
86 42
86 41
86 88
86 84
86 46
86 52
86 31
86 91
86 44
86 82
86 99
86 76
86 28
86 23
86 87
86 33
86 13
86 51
86 75
86 70
86 54
86 73
86 57
86 34
86 47
86 29
86 90
86 72
86 21
86 10
86 85
86 40
86 93
86 59
86 38
86 64
86 22
86 71
86 15
86 55
86 49
86 45
86 69
86 50
86 5
86 0
24 65
24 37
24 89
24 78
24 39
24 48
24 86
24 77
24 83
24 74
24 4
24 68
24 8
24 3
24 16
24 18
24 94
24 27
24 63
24 81
24 61
24 97
24 7
24 35
24 98
24 60
24 92
24 79
24 12
24 66
24 19
24 14
24 17
24 30
24 1
24 43
24 56
24 25
24 6
24 20
24 26
24 2
24 62
24 96
24 9
24 80
24 36
24 58
24 11
24 32
24 67
24 53
24 42
24 41
24 88
24 84
24 46
24 52
24 31
24 91
24 44
24 82
24 99
24 76
24 28
24 23
24 87
24 33
24 13
24 51
24 75
24 70
24 54
24 73
24 57
24 34
24 47
24 29
24 90
24 72
24 21
24 10
24 85
24 40
24 93
24 59
24 38
24 64
24 22
24 71
24 15
24 55
24 49
24 45
24 69
24 50
24 5
24 0
77 65
77 37
77 89
77 78
77 95
77 48
77 86
77 24
77 83
77 74
77 4
77 68
77 8
77 3
77 16
77 18
77 94
77 27
77 63
77 81
77 61
77 97
77 7
77 35
77 98
77 60
77 92
77 79
77 12
77 66
77 19
77 14
77 17
77 30
77 1
77 43
77 56
77 25
77 6
77 20
77 26
77 2
77 62
77 96
77 9
77 80
77 36
77 58
77 11
77 32
77 67
77 53
77 42
77 41
77 88
77 84
77 46
77 52
77 31
77 91
77 44
77 82
77 99
77 76
77 28
77 23
77 87
77 33
77 13
77 51
77 75
77 70
77 54
77 73
77 57
77 34
77 47
77 29
77 90
77 72
77 21
77 10
77 85
77 40
77 93
77 59
77 38
77 64
77 22
77 71
77 15
77 55
77 49
77 45
77 69
77 50
77 5
77 0
83 37
83 89
83 78
83 39
83 95
83 48
83 86
83 24
83 77
83 74
83 4
83 68
83 8
83 3
83 16
83 18
83 94
83 27
83 63
83 81
83 61
83 97
83 7
83 35
83 98
83 60
83 92
83 79
83 12
83 66
83 19
83 14
83 17
83 30
83 1
83 43
83 56
83 25
83 6
83 20
83 26
83 2
83 62
83 96
83 9
83 80
83 36
83 58
83 11
83 32
83 67
83 53
83 42
83 41
83 88
83 84
83 46
83 52
83 31
83 91
83 44
83 82
83 99
83 76
83 28
83 23
83 87
83 33
83 13
83 51
83 75
83 70
83 54
83 73
83 57
83 34
83 47
83 29
83 90
83 72
83 21
83 10
83 85
83 40
83 93
83 59
83 38
83 64
83 22
83 71
83 15
83 55
83 49
83 45
83 69
83 50
83 5
83 0
74 65
74 37
74 89
74 78
74 39
74 95
74 48
74 86
74 77
74 83
74 4
74 68
74 8
74 3
74 16
74 18
74 94
74 27
74 63
74 81
74 61
74 97
74 7
74 35
74 98
74 60
74 92
74 79
74 12
74 66
74 19
74 14
74 17
74 30
74 1
74 43
74 56
74 25
74 6
74 20
74 26
74 2
74 62
74 96
74 9
74 80
74 36
74 58
74 11
74 32
74 67
74 53
74 42
74 41
74 88
74 84
74 46
74 52
74 31
74 91
74 44
74 82
74 99
74 76
74 28
74 23
74 87
74 33
74 13
74 51
74 75
74 70
74 54
74 73
74 57
74 34
74 47
74 29
74 90
74 72
74 21
74 10
74 85
74 40
74 93
74 59
74 38
74 64
74 22
74 71
74 15
74 55
74 49
74 45
74 69
74 50
74 5
74 0
4 65
4 37
4 89
4 78
4 39
4 95
4 48
4 86
4 24
4 77
4 74
4 68
4 8
4 3
4 16
4 18
4 94
4 27
4 63
4 81
4 61
4 97
4 7
4 35
4 98
4 60
4 92
4 79
4 12
4 66
4 19
4 14
4 17
4 30
4 1
4 43
4 56
4 25
4 6
4 20
4 26
4 2
4 62
4 96
4 9
4 80
4 36
4 58
4 11
4 32
4 67
4 53
4 42
4 41
4 88
4 84
4 46
4 52
4 31
4 91
4 44
4 82
4 99
4 76
4 28
4 23
4 87
4 33
4 13
4 51
4 75
4 70
4 54
4 73
4 57
4 34
4 47
4 29
4 90
4 72
4 21
4 10
4 85
4 40
4 93
4 59
4 38
4 64
4 22
4 71
4 15
4 55
4 49
4 45
4 69
4 50
4 5
4 0
68 65
68 37
68 89
68 78
68 39
68 95
68 48
68 86
68 24
68 77
68 83
68 4
68 8
68 3
68 16
68 18
68 94
68 27
68 63
68 81
68 61
68 97
68 7
68 35
68 98
68 60
68 92
68 79
68 12
68 66
68 19
68 14
68 17
68 30
68 1
68 43
68 56
68 25
68 6
68 20
68 26
68 2
68 62
68 96
68 9
68 80
68 36
68 58
68 11
68 32
68 67
68 53
68 42
68 41
68 88
68 84
68 46
68 52
68 31
68 91
68 44
68 82
68 99
68 76
68 28
68 23
68 87
68 33
68 13
68 51
68 75
68 70
68 54
68 73
68 57
68 34
68 47
68 29
68 90
68 72
68 21
68 10
68 85
68 40
68 93
68 59
68 38
68 64
68 22
68 71
68 15
68 55
68 49
68 45
68 69
68 50
68 5
68 0
8 65
8 37
8 89
8 78
8 39
8 95
8 48
8 86
8 24
8 77
8 83
8 4
8 68
8 3
8 16
8 18
8 94
8 27
8 63
8 81
8 61
8 97
8 7
8 35
8 98
8 60
8 92
8 79
8 12
8 66
8 19
8 14
8 17
8 30
8 1
8 43
8 56
8 25
8 6
8 20
8 26
8 2
8 62
8 96
8 9
8 80
8 36
8 58
8 11
8 32
8 67
8 53
8 42
8 41
8 88
8 84
8 46
8 52
8 31
8 91
8 44
8 82
8 99
8 76
8 28
8 23
8 87
8 33
8 13
8 51
8 75
8 70
8 54
8 73
8 57
8 34
8 47
8 29
8 90
8 72
8 21
8 10
8 85
8 40
8 93
8 59
8 38
8 64
8 22
8 71
8 15
8 55
8 49
8 45
8 69
8 50
8 5
8 0
3 65
3 37
3 89
3 78
3 39
3 95
3 48
3 86
3 24
3 83
3 74
3 4
3 68
3 8
3 16
3 18
3 94
3 27
3 63
3 81
3 61
3 97
3 7
3 35
3 98
3 60
3 92
3 79
3 12
3 66
3 19
3 14
3 17
3 30
3 1
3 43
3 56
3 25
3 6
3 20
3 26
3 2
3 62
3 96
3 9
3 80
3 36
3 58
3 11
3 32
3 67
3 53
3 42
3 41
3 88
3 84
3 46
3 52
3 31
3 91
3 44
3 82
3 99
3 76
3 28
3 23
3 87
3 33
3 13
3 51
3 75
3 70
3 54
3 73
3 57
3 34
3 47
3 29
3 90
3 72
3 21
3 10
3 85
3 40
3 93
3 59
3 38
3 64
3 22
3 71
3 15
3 55
3 49
3 45
3 69
3 50
3 5
3 0
16 65
16 37
16 89
16 78
16 39
16 95
16 48
16 86
16 24
16 77
16 83
16 74
16 4
16 8
16 3
16 18
16 94
16 27
16 63
16 81
16 61
16 97
16 7
16 35
16 98
16 60
16 92
16 79
16 12
16 66
16 19
16 14
16 17
16 30
16 1
16 43
16 56
16 25
16 6
16 20
16 26
16 2
16 62
16 96
16 9
16 80
16 36
16 58
16 11
16 32
16 67
16 53
16 42
16 41
16 88
16 84
16 46
16 52
16 31
16 91
16 44
16 82
16 99
16 76
16 28
16 23
16 87
16 33
16 13
16 51
16 75
16 70
16 54
16 73
16 57
16 34
16 47
16 29
16 90
16 72
16 21
16 10
16 85
16 40
16 93
16 59
16 38
16 64
16 22
16 71
16 15
16 55
16 49
16 45
16 69
16 50
16 5
16 0
18 65
18 37
18 89
18 78
18 39
18 48
18 86
18 24
18 77
18 83
18 74
18 4
18 68
18 8
18 3
18 16
18 94
18 27
18 63
18 81
18 61
18 97
18 7
18 35
18 98
18 60
18 92
18 79
18 12
18 66
18 19
18 14
18 17
18 30
18 1
18 43
18 56
18 25
18 6
18 20
18 26
18 2
18 62
18 96
18 9
18 80
18 36
18 58
18 11
18 32
18 67
18 53
18 42
18 41
18 88
18 84
18 46
18 52
18 31
18 91
18 44
18 82
18 99
18 76
18 28
18 23
18 87
18 33
18 13
18 51
18 75
18 70
18 54
18 73
18 57
18 34
18 47
18 29
18 90
18 72
18 21
18 10
18 85
18 40
18 93
18 59
18 38
18 64
18 22
18 71
18 15
18 55
18 49
18 45
18 69
18 50
18 5
18 0
94 65
94 37
94 89
94 78
94 39
94 95
94 48
94 24
94 77
94 83
94 74
94 4
94 68
94 8
94 3
94 16
94 18
94 27
94 63
94 81
94 61
94 97
94 7
94 35
94 98
94 60
94 92
94 79
94 12
94 66
94 19
94 14
94 17
94 30
94 1
94 43
94 56
94 25
94 6
94 20
94 26
94 2
94 62
94 96
94 9
94 80
94 36
94 58
94 11
94 32
94 67
94 53
94 42
94 41
94 88
94 84
94 46
94 52
94 31
94 91
94 44
94 82
94 99
94 76
94 28
94 23
94 87
94 33
94 13
94 51
94 75
94 70
94 54
94 73
94 57
94 34
94 47
94 29
94 90
94 72
94 21
94 10
94 85
94 40
94 93
94 59
94 38
94 64
94 22
94 71
94 15
94 55
94 49
94 45
94 69
94 50
94 5
94 0
27 65
27 37
27 89
27 78
27 39
27 95
27 48
27 86
27 24
27 77
27 83
27 74
27 4
27 68
27 8
27 16
27 18
27 94
27 63
27 81
27 61
27 97
27 7
27 35
27 98
27 60
27 92
27 79
27 12
27 66
27 19
27 14
27 17
27 30
27 1
27 43
27 56
27 25
27 6
27 20
27 26
27 2
27 62
27 96
27 9
27 80
27 36
27 58
27 11
27 32
27 67
27 53
27 42
27 41
27 88
27 84
27 46
27 52
27 31
27 91
27 44
27 82
27 99
27 76
27 28
27 23
27 87
27 33
27 13
27 51
27 75
27 70
27 54
27 73
27 57
27 34
27 47
27 29
27 90
27 72
27 21
27 10
27 85
27 40
27 93
27 59
27 38
27 64
27 22
27 71
27 15
27 55
27 49
27 45
27 69
27 50
27 5
27 0
63 65
63 37
63 89
63 78
63 39
63 95
63 86
63 24
63 77
63 83
63 74
63 4
63 68
63 8
63 3
63 16
63 18
63 94
63 27
63 81
63 61
63 97
63 7
63 35
63 98
63 60
63 92
63 79
63 12
63 66
63 19
63 14
63 17
63 30
63 1
63 43
63 56
63 25
63 6
63 20
63 26
63 2
63 62
63 96
63 9
63 80
63 36
63 58
63 11
63 32
63 67
63 53
63 42
63 41
63 88
63 84
63 46
63 52
63 31
63 91
63 44
63 82
63 99
63 76
63 28
63 23
63 87
63 33
63 13
63 51
63 75
63 70
63 54
63 73
63 57
63 34
63 47
63 29
63 90
63 72
63 21
63 10
63 85
63 40
63 93
63 59
63 38
63 64
63 22
63 71
63 15
63 55
63 49
63 45
63 69
63 50
63 5
63 0
81 65
81 37
81 89
81 78
81 39
81 95
81 48
81 86
81 24
81 77
81 83
81 74
81 4
81 68
81 8
81 3
81 16
81 18
81 27
81 63
81 61
81 97
81 7
81 35
81 98
81 60
81 92
81 79
81 12
81 66
81 19
81 14
81 17
81 30
81 1
81 43
81 56
81 25
81 6
81 20
81 26
81 2
81 62
81 96
81 9
81 80
81 36
81 58
81 11
81 32
81 67
81 53
81 42
81 41
81 88
81 84
81 46
81 52
81 31
81 91
81 44
81 82
81 99
81 76
81 28
81 23
81 87
81 33
81 13
81 51
81 75
81 70
81 54
81 73
81 57
81 34
81 47
81 29
81 90
81 72
81 21
81 10
81 85
81 40
81 93
81 59
81 38
81 64
81 22
81 71
81 15
81 55
81 49
81 45
81 69
81 50
81 5
81 0
61 65
61 37
61 89
61 78
61 39
61 95
61 48
61 86
61 24
61 77
61 83
61 74
61 4
61 68
61 8
61 3
61 16
61 18
61 94
61 63
61 81
61 97
61 7
61 35
61 98
61 60
61 92
61 79
61 12
61 66
61 19
61 14
61 17
61 30
61 1
61 43
61 56
61 25
61 6
61 20
61 26
61 2
61 62
61 96
61 9
61 80
61 36
61 58
61 11
61 32
61 67
61 53
61 42
61 41
61 88
61 84
61 46
61 52
61 31
61 91
61 44
61 82
61 99
61 76
61 28
61 23
61 87
61 33
61 13
61 51
61 75
61 70
61 54
61 73
61 57
61 34
61 47
61 29
61 90
61 72
61 21
61 10
61 85
61 40
61 93
61 59
61 38
61 64
61 22
61 71
61 15
61 55
61 49
61 45
61 69
61 50
61 5
61 0
97 65
97 37
97 89
97 39
97 95
97 48
97 86
97 24
97 77
97 83
97 74
97 4
97 68
97 8
97 3
97 16
97 18
97 94
97 27
97 63
97 81
97 61
97 7
97 35
97 98
97 60
97 92
97 79
97 12
97 66
97 19
97 14
97 17
97 30
97 1
97 43
97 56
97 25
97 6
97 20
97 26
97 2
97 62
97 96
97 9
97 80
97 36
97 58
97 11
97 32
97 67
97 53
97 42
97 41
97 88
97 84
97 46
97 52
97 31
97 91
97 44
97 82
97 99
97 76
97 28
97 23
97 87
97 33
97 13
97 51
97 75
97 70
97 54
97 73
97 57
97 34
97 47
97 29
97 90
97 72
97 21
97 10
97 85
97 40
97 93
97 59
97 38
97 64
97 22
97 71
97 15
97 55
97 49
97 45
97 69
97 50
97 5
97 0
7 65
7 89
7 78
7 39
7 95
7 48
7 86
7 24
7 77
7 83
7 74
7 4
7 68
7 8
7 3
7 16
7 18
7 94
7 27
7 63
7 81
7 61
7 97
7 35
7 98
7 60
7 92
7 79
7 12
7 66
7 19
7 14
7 17
7 30
7 1
7 43
7 56
7 25
7 6
7 20
7 26
7 2
7 62
7 96
7 9
7 80
7 36
7 58
7 11
7 32
7 67
7 53
7 42
7 41
7 88
7 84
7 46
7 52
7 31
7 91
7 44
7 82
7 99
7 76
7 28
7 23
7 87
7 33
7 13
7 51
7 75
7 70
7 54
7 73
7 57
7 34
7 47
7 29
7 90
7 72
7 21
7 10
7 85
7 40
7 93
7 59
7 38
7 64
7 22
7 71
7 15
7 55
7 49
7 45
7 69
7 50
7 5
7 0
35 65
35 37
35 89
35 78
35 39
35 95
35 48
35 86
35 24
35 83
35 74
35 4
35 68
35 8
35 3
35 16
35 18
35 94
35 27
35 63
35 81
35 61
35 97
35 7
35 98
35 60
35 92
35 79
35 12
35 66
35 19
35 14
35 17
35 30
35 1
35 43
35 56
35 25
35 6
35 20
35 26
35 2
35 62
35 96
35 9
35 80
35 36
35 58
35 11
35 32
35 67
35 53
35 42
35 41
35 88
35 84
35 46
35 52
35 31
35 91
35 44
35 82
35 99
35 76
35 28
35 23
35 87
35 33
35 13
35 51
35 75
35 70
35 54
35 73
35 57
35 34
35 47
35 29
35 90
35 72
35 21
35 10
35 85
35 40
35 93
35 59
35 38
35 64
35 22
35 71
35 15
35 55
35 49
35 45
35 69
35 50
35 5
35 0
98 65
98 37
98 89
98 78
98 39
98 95
98 48
98 86
98 24
98 77
98 83
98 4
98 68
98 8
98 3
98 16
98 18
98 94
98 27
98 63
98 81
98 61
98 97
98 7
98 35
98 60
98 92
98 79
98 12
98 66
98 19
98 14
98 17
98 30
98 1
98 43
98 56
98 25
98 6
98 20
98 26
98 2
98 62
98 96
98 9
98 80
98 36
98 58
98 11
98 32
98 67
98 53
98 42
98 41
98 88
98 84
98 46
98 52
98 31
98 91
98 44
98 82
98 99
98 76
98 28
98 23
98 87
98 33
98 13
98 51
98 75
98 70
98 54
98 73
98 57
98 34
98 47
98 29
98 90
98 72
98 21
98 10
98 85
98 40
98 93
98 59
98 38
98 64
98 22
98 71
98 15
98 55
98 49
98 45
98 69
98 50
98 5
98 0
60 65
60 37
60 89
60 78
60 39
60 95
60 48
60 86
60 24
60 77
60 83
60 74
60 4
60 68
60 8
60 3
60 16
60 18
60 94
60 63
60 81
60 61
60 97
60 7
60 35
60 98
60 92
60 79
60 12
60 66
60 19
60 14
60 17
60 30
60 1
60 43
60 56
60 25
60 6
60 20
60 26
60 2
60 62
60 96
60 9
60 80
60 36
60 58
60 11
60 32
60 67
60 53
60 42
60 41
60 88
60 84
60 46
60 52
60 31
60 91
60 44
60 82
60 99
60 76
60 28
60 23
60 87
60 33
60 13
60 51
60 75
60 70
60 54
60 73
60 57
60 34
60 47
60 29
60 90
60 72
60 21
60 10
60 85
60 40
60 93
60 59
60 38
60 64
60 22
60 71
60 15
60 55
60 49
60 45
60 69
60 50
60 5
60 0
92 65
92 37
92 89
92 78
92 39
92 95
92 48
92 86
92 24
92 77
92 83
92 74
92 4
92 68
92 8
92 3
92 16
92 18
92 94
92 27
92 63
92 81
92 61
92 97
92 7
92 35
92 60
92 79
92 12
92 66
92 19
92 14
92 17
92 30
92 1
92 43
92 56
92 25
92 6
92 20
92 26
92 2
92 62
92 96
92 9
92 80
92 36
92 58
92 11
92 32
92 67
92 53
92 42
92 41
92 88
92 84
92 46
92 52
92 31
92 91
92 44
92 82
92 99
92 76
92 28
92 23
92 87
92 33
92 13
92 51
92 75
92 70
92 54
92 73
92 57
92 34
92 47
92 29
92 90
92 72
92 21
92 10
92 85
92 40
92 93
92 59
92 38
92 64
92 22
92 71
92 15
92 55
92 49
92 45
92 69
92 50
92 5
92 0
79 65
79 37
79 89
79 78
79 39
79 95
79 48
79 86
79 24
79 77
79 83
79 74
79 4
79 68
79 8
79 3
79 16
79 18
79 94
79 27
79 63
79 81
79 61
79 7
79 35
79 98
79 60
79 92
79 12
79 66
79 19
79 14
79 17
79 30
79 1
79 43
79 56
79 25
79 6
79 20
79 26
79 2
79 62
79 96
79 9
79 80
79 36
79 58
79 11
79 32
79 67
79 53
79 42
79 41
79 88
79 84
79 46
79 52
79 31
79 91
79 44
79 82
79 99
79 76
79 28
79 23
79 87
79 33
79 13
79 51
79 75
79 70
79 54
79 73
79 57
79 34
79 47
79 29
79 90
79 72
79 21
79 10
79 85
79 40
79 93
79 59
79 38
79 64
79 22
79 71
79 15
79 55
79 49
79 45
79 69
79 50
79 5
79 0
12 65
12 37
12 89
12 78
12 39
12 95
12 48
12 86
12 24
12 77
12 83
12 74
12 4
12 68
12 8
12 3
12 16
12 18
12 27
12 63
12 81
12 61
12 97
12 7
12 35
12 98
12 60
12 92
12 79
12 66
12 19
12 14
12 17
12 30
12 1
12 43
12 56
12 25
12 6
12 20
12 26
12 2
12 62
12 96
12 9
12 80
12 36
12 58
12 11
12 32
12 67
12 53
12 42
12 41
12 88
12 84
12 46
12 52
12 31
12 91
12 44
12 82
12 99
12 76
12 28
12 23
12 87
12 33
12 13
12 51
12 75
12 70
12 54
12 73
12 57
12 34
12 47
12 29
12 90
12 72
12 21
12 10
12 85
12 40
12 93
12 59
12 38
12 64
12 22
12 71
12 15
12 55
12 49
12 45
12 69
12 50
12 5
12 0
66 65
66 37
66 89
66 78
66 39
66 48
66 86
66 24
66 77
66 83
66 74
66 4
66 68
66 8
66 3
66 16
66 18
66 94
66 27
66 63
66 81
66 61
66 97
66 7
66 35
66 98
66 60
66 92
66 79
66 12
66 19
66 14
66 17
66 30
66 1
66 43
66 56
66 25
66 6
66 20
66 26
66 2
66 62
66 96
66 9
66 80
66 36
66 58
66 11
66 32
66 67
66 53
66 42
66 41
66 88
66 84
66 46
66 52
66 31
66 91
66 44
66 82
66 99
66 76
66 28
66 23
66 87
66 33
66 13
66 51
66 75
66 70
66 54
66 73
66 57
66 34
66 47
66 29
66 90
66 72
66 21
66 10
66 85
66 40
66 93
66 59
66 38
66 64
66 22
66 71
66 15
66 55
66 49
66 45
66 69
66 50
66 5
66 0
19 65
19 37
19 89
19 78
19 39
19 95
19 48
19 86
19 24
19 77
19 83
19 74
19 4
19 68
19 8
19 3
19 16
19 18
19 94
19 63
19 81
19 61
19 97
19 7
19 35
19 98
19 60
19 92
19 79
19 12
19 66
19 14
19 17
19 30
19 1
19 43
19 56
19 25
19 6
19 20
19 26
19 2
19 62
19 96
19 9
19 80
19 36
19 58
19 11
19 32
19 67
19 53
19 42
19 41
19 88
19 84
19 46
19 52
19 31
19 91
19 44
19 82
19 99
19 76
19 28
19 23
19 87
19 33
19 13
19 51
19 75
19 70
19 54
19 73
19 57
19 34
19 47
19 29
19 90
19 72
19 21
19 10
19 85
19 40
19 93
19 59
19 38
19 64
19 22
19 71
19 15
19 55
19 49
19 45
19 69
19 50
19 5
19 0
14 65
14 37
14 89
14 78
14 39
14 95
14 48
14 86
14 24
14 77
14 83
14 74
14 4
14 68
14 8
14 3
14 16
14 18
14 94
14 63
14 81
14 61
14 97
14 7
14 35
14 98
14 60
14 92
14 79
14 12
14 66
14 19
14 17
14 30
14 1
14 43
14 56
14 25
14 6
14 20
14 26
14 2
14 62
14 96
14 9
14 80
14 36
14 58
14 11
14 32
14 67
14 53
14 42
14 41
14 88
14 84
14 46
14 52
14 31
14 91
14 44
14 82
14 99
14 76
14 28
14 23
14 87
14 33
14 13
14 51
14 75
14 70
14 54
14 73
14 57
14 34
14 47
14 29
14 90
14 72
14 21
14 10
14 85
14 40
14 93
14 59
14 38
14 64
14 22
14 71
14 15
14 55
14 49
14 45
14 69
14 50
14 5
14 0
17 65
17 37
17 89
17 78
17 39
17 95
17 48
17 86
17 24
17 77
17 83
17 74
17 4
17 68
17 8
17 3
17 18
17 94
17 27
17 63
17 81
17 61
17 97
17 7
17 35
17 98
17 60
17 92
17 79
17 12
17 66
17 19
17 14
17 30
17 1
17 43
17 56
17 25
17 6
17 20
17 26
17 2
17 62
17 96
17 9
17 80
17 36
17 58
17 11
17 32
17 67
17 53
17 42
17 41
17 88
17 84
17 46
17 52
17 31
17 91
17 44
17 82
17 99
17 76
17 28
17 23
17 87
17 33
17 13
17 51
17 75
17 70
17 54
17 73
17 57
17 34
17 47
17 29
17 90
17 72
17 21
17 10
17 85
17 40
17 93
17 59
17 38
17 64
17 22
17 71
17 15
17 55
17 49
17 45
17 69
17 50
17 5
17 0
30 65
30 37
30 89
30 78
30 39
30 95
30 48
30 86
30 24
30 77
30 83
30 74
30 4
30 68
30 8
30 3
30 16
30 18
30 94
30 63
30 81
30 61
30 97
30 7
30 35
30 98
30 60
30 92
30 79
30 12
30 66
30 19
30 14
30 17
30 1
30 43
30 56
30 25
30 6
30 20
30 26
30 2
30 62
30 96
30 9
30 80
30 36
30 58
30 11
30 32
30 67
30 53
30 42
30 41
30 88
30 84
30 46
30 52
30 31
30 91
30 44
30 82
30 99
30 76
30 28
30 23
30 87
30 33
30 13
30 51
30 75
30 70
30 54
30 73
30 57
30 34
30 47
30 29
30 90
30 72
30 21
30 10
30 85
30 40
30 93
30 59
30 38
30 64
30 22
30 71
30 15
30 55
30 49
30 45
30 69
30 50
30 5
30 0
1 65
1 37
1 89
1 78
1 39
1 95
1 48
1 86
1 24
1 77
1 83
1 74
1 4
1 68
1 8
1 3
1 16
1 18
1 94
1 27
1 63
1 81
1 61
1 97
1 7
1 35
1 60
1 92
1 79
1 12
1 66
1 19
1 14
1 17
1 30
1 43
1 56
1 25
1 6
1 20
1 26
1 2
1 62
1 96
1 9
1 80
1 36
1 58
1 11
1 32
1 67
1 53
1 42
1 41
1 88
1 84
1 46
1 52
1 31
1 91
1 44
1 82
1 99
1 76
1 28
1 23
1 87
1 33
1 13
1 51
1 75
1 70
1 54
1 73
1 57
1 34
1 47
1 29
1 90
1 72
1 21
1 10
1 85
1 40
1 93
1 59
1 38
1 64
1 22
1 71
1 15
1 55
1 49
1 45
1 69
1 50
1 5
1 0
43 65
43 37
43 89
43 78
43 95
43 48
43 86
43 24
43 77
43 83
43 74
43 4
43 68
43 8
43 3
43 16
43 18
43 94
43 27
43 63
43 81
43 61
43 97
43 7
43 35
43 98
43 60
43 92
43 79
43 12
43 66
43 19
43 14
43 17
43 30
43 1
43 56
43 25
43 6
43 20
43 26
43 2
43 62
43 96
43 9
43 80
43 36
43 58
43 11
43 32
43 67
43 53
43 42
43 41
43 88
43 84
43 46
43 52
43 31
43 91
43 44
43 82
43 99
43 76
43 28
43 23
43 87
43 33
43 13
43 51
43 75
43 70
43 54
43 73
43 57
43 34
43 47
43 29
43 90
43 72
43 21
43 10
43 85
43 40
43 93
43 59
43 38
43 64
43 22
43 71
43 15
43 55
43 49
43 45
43 69
43 50
43 5
43 0
56 65
56 37
56 89
56 78
56 39
56 95
56 48
56 86
56 24
56 77
56 83
56 74
56 4
56 68
56 8
56 3
56 16
56 18
56 94
56 27
56 63
56 81
56 61
56 97
56 7
56 35
56 98
56 60
56 92
56 79
56 12
56 66
56 19
56 17
56 30
56 1
56 43
56 25
56 6
56 20
56 26
56 2
56 62
56 96
56 9
56 80
56 36
56 58
56 11
56 32
56 67
56 53
56 42
56 41
56 88
56 84
56 46
56 52
56 31
56 91
56 44
56 82
56 99
56 76
56 28
56 23
56 87
56 33
56 13
56 51
56 75
56 70
56 54
56 73
56 57
56 34
56 47
56 29
56 90
56 72
56 21
56 10
56 85
56 40
56 93
56 59
56 38
56 64
56 22
56 71
56 15
56 55
56 49
56 45
56 69
56 50
56 5
56 0
25 65
25 37
25 89
25 78
25 39
25 95
25 48
25 86
25 24
25 77
25 83
25 74
25 4
25 68
25 8
25 3
25 16
25 18
25 94
25 27
25 63
25 81
25 61
25 97
25 7
25 35
25 98
25 60
25 92
25 79
25 12
25 19
25 14
25 17
25 30
25 1
25 43
25 56
25 6
25 20
25 26
25 2
25 62
25 96
25 9
25 80
25 36
25 58
25 11
25 32
25 67
25 53
25 42
25 41
25 88
25 84
25 46
25 52
25 31
25 91
25 44
25 82
25 99
25 76
25 28
25 23
25 87
25 33
25 13
25 51
25 75
25 70
25 54
25 73
25 57
25 34
25 47
25 29
25 90
25 72
25 21
25 10
25 85
25 40
25 93
25 59
25 38
25 64
25 22
25 71
25 15
25 55
25 49
25 45
25 69
25 50
25 5
25 0
6 65
6 37
6 89
6 78
6 39
6 95
6 48
6 86
6 24
6 77
6 83
6 74
6 4
6 68
6 8
6 3
6 16
6 18
6 94
6 27
6 63
6 61
6 97
6 7
6 35
6 98
6 60
6 92
6 79
6 12
6 66
6 19
6 14
6 17
6 30
6 1
6 43
6 56
6 25
6 20
6 26
6 2
6 62
6 96
6 9
6 80
6 36
6 58
6 11
6 32
6 67
6 53
6 42
6 41
6 88
6 84
6 46
6 52
6 31
6 91
6 44
6 82
6 99
6 76
6 28
6 23
6 87
6 33
6 13
6 51
6 75
6 70
6 54
6 73
6 57
6 34
6 47
6 29
6 90
6 72
6 21
6 10
6 85
6 40
6 93
6 59
6 38
6 64
6 22
6 71
6 15
6 55
6 49
6 45
6 69
6 50
6 5
6 0
20 65
20 37
20 89
20 78
20 39
20 95
20 48
20 86
20 24
20 77
20 83
20 74
20 4
20 68
20 8
20 3
20 16
20 18
20 94
20 27
20 63
20 81
20 61
20 97
20 7
20 35
20 98
20 60
20 92
20 79
20 12
20 66
20 19
20 14
20 17
20 30
20 1
20 43
20 56
20 6
20 26
20 2
20 62
20 96
20 9
20 80
20 36
20 58
20 11
20 32
20 67
20 53
20 42
20 41
20 88
20 84
20 46
20 52
20 31
20 91
20 44
20 82
20 99
20 76
20 28
20 23
20 87
20 33
20 13
20 51
20 75
20 70
20 54
20 73
20 57
20 34
20 47
20 29
20 90
20 72
20 21
20 10
20 85
20 40
20 93
20 59
20 38
20 64
20 22
20 71
20 15
20 55
20 49
20 45
20 69
20 50
20 5
20 0
26 65
26 37
26 89
26 78
26 39
26 95
26 48
26 86
26 24
26 77
26 83
26 74
26 4
26 68
26 8
26 3
26 18
26 94
26 27
26 63
26 81
26 61
26 97
26 7
26 35
26 98
26 60
26 92
26 79
26 12
26 66
26 19
26 14
26 17
26 30
26 1
26 43
26 56
26 25
26 6
26 20
26 2
26 62
26 96
26 9
26 80
26 36
26 58
26 11
26 32
26 67
26 53
26 42
26 41
26 88
26 84
26 46
26 52
26 31
26 91
26 44
26 82
26 99
26 76
26 28
26 23
26 87
26 33
26 13
26 51
26 75
26 70
26 54
26 73
26 57
26 34
26 47
26 29
26 90
26 72
26 21
26 10
26 85
26 40
26 93
26 59
26 38
26 64
26 22
26 71
26 15
26 55
26 49
26 45
26 69
26 50
26 5
26 0
2 37
2 89
2 78
2 39
2 95
2 48
2 86
2 24
2 77
2 83
2 74
2 4
2 68
2 8
2 3
2 16
2 18
2 94
2 27
2 63
2 81
2 61
2 97
2 7
2 35
2 98
2 60
2 92
2 79
2 12
2 66
2 19
2 14
2 17
2 30
2 1
2 43
2 56
2 25
2 6
2 20
2 26
2 62
2 96
2 9
2 80
2 36
2 58
2 11
2 32
2 67
2 53
2 42
2 41
2 88
2 84
2 46
2 52
2 31
2 91
2 44
2 82
2 99
2 76
2 28
2 23
2 87
2 33
2 13
2 51
2 75
2 70
2 54
2 73
2 57
2 34
2 47
2 29
2 90
2 72
2 21
2 10
2 85
2 40
2 93
2 59
2 38
2 64
2 22
2 71
2 15
2 55
2 49
2 45
2 69
2 50
2 5
2 0
62 65
62 37
62 89
62 78
62 39
62 95
62 48
62 86
62 77
62 83
62 74
62 4
62 68
62 8
62 3
62 16
62 18
62 94
62 27
62 63
62 81
62 61
62 97
62 7
62 35
62 98
62 60
62 92
62 79
62 12
62 66
62 19
62 14
62 17
62 30
62 1
62 43
62 56
62 25
62 6
62 20
62 26
62 2
62 96
62 9
62 80
62 36
62 58
62 11
62 32
62 67
62 53
62 42
62 41
62 88
62 84
62 46
62 52
62 31
62 91
62 44
62 82
62 99
62 76
62 28
62 23
62 87
62 33
62 13
62 51
62 75
62 70
62 54
62 73
62 57
62 34
62 47
62 29
62 90
62 72
62 21
62 10
62 85
62 40
62 93
62 59
62 38
62 64
62 22
62 71
62 15
62 55
62 49
62 45
62 69
62 50
62 5
62 0
96 65
96 37
96 89
96 78
96 39
96 95
96 48
96 86
96 24
96 77
96 83
96 74
96 4
96 68
96 8
96 3
96 16
96 18
96 94
96 27
96 63
96 81
96 61
96 97
96 35
96 98
96 60
96 92
96 79
96 12
96 66
96 19
96 14
96 17
96 30
96 1
96 43
96 56
96 25
96 6
96 20
96 26
96 2
96 62
96 9
96 80
96 36
96 58
96 11
96 32
96 67
96 53
96 42
96 41
96 88
96 84
96 46
96 52
96 31
96 91
96 44
96 82
96 99
96 76
96 28
96 23
96 87
96 33
96 13
96 51
96 75
96 70
96 54
96 73
96 57
96 34
96 47
96 29
96 90
96 72
96 21
96 10
96 85
96 40
96 93
96 59
96 38
96 64
96 22
96 71
96 15
96 55
96 49
96 45
96 69
96 50
96 5
96 0
9 65
9 37
9 89
9 78
9 39
9 95
9 48
9 86
9 24
9 77
9 83
9 74
9 4
9 68
9 8
9 3
9 16
9 18
9 94
9 27
9 63
9 81
9 61
9 97
9 7
9 35
9 98
9 60
9 92
9 79
9 12
9 66
9 19
9 14
9 17
9 30
9 43
9 56
9 25
9 6
9 20
9 26
9 2
9 62
9 96
9 80
9 36
9 58
9 11
9 32
9 67
9 53
9 42
9 41
9 88
9 84
9 46
9 52
9 31
9 91
9 44
9 82
9 99
9 76
9 28
9 23
9 87
9 33
9 13
9 51
9 75
9 70
9 54
9 73
9 57
9 34
9 47
9 29
9 90
9 72
9 21
9 10
9 85
9 40
9 93
9 59
9 38
9 64
9 22
9 71
9 15
9 55
9 49
9 45
9 69
9 50
9 5
9 0
80 65
80 37
80 89
80 78
80 39
80 95
80 48
80 86
80 24
80 77
80 83
80 74
80 4
80 68
80 8
80 3
80 16
80 18
80 94
80 27
80 63
80 81
80 61
80 97
80 7
80 35
80 98
80 60
80 92
80 79
80 12
80 66
80 19
80 14
80 17
80 30
80 43
80 56
80 25
80 6
80 20
80 26
80 2
80 62
80 96
80 9
80 36
80 58
80 11
80 32
80 67
80 53
80 42
80 41
80 88
80 84
80 46
80 52
80 31
80 91
80 44
80 82
80 99
80 76
80 28
80 23
80 87
80 33
80 13
80 51
80 75
80 70
80 54
80 73
80 57
80 34
80 47
80 29
80 90
80 72
80 21
80 10
80 85
80 40
80 93
80 59
80 38
80 64
80 22
80 71
80 15
80 55
80 49
80 45
80 69
80 50
80 5
80 0
36 65
36 37
36 89
36 78
36 39
36 95
36 48
36 86
36 24
36 77
36 83
36 74
36 4
36 68
36 8
36 3
36 16
36 18
36 94
36 27
36 63
36 81
36 61
36 97
36 7
36 35
36 98
36 60
36 92
36 12
36 66
36 19
36 14
36 17
36 30
36 1
36 43
36 56
36 25
36 6
36 20
36 26
36 2
36 62
36 96
36 9
36 80
36 58
36 11
36 32
36 67
36 53
36 42
36 41
36 88
36 84
36 46
36 52
36 31
36 91
36 44
36 82
36 99
36 76
36 28
36 23
36 87
36 33
36 13
36 51
36 75
36 70
36 54
36 73
36 57
36 34
36 47
36 29
36 90
36 72
36 21
36 10
36 85
36 40
36 93
36 59
36 38
36 64
36 22
36 71
36 15
36 55
36 49
36 45
36 69
36 50
36 5
36 0
58 65
58 37
58 89
58 78
58 39
58 95
58 48
58 86
58 24
58 77
58 83
58 74
58 4
58 8
58 3
58 16
58 18
58 94
58 27
58 63
58 81
58 61
58 97
58 7
58 35
58 98
58 60
58 92
58 79
58 12
58 66
58 19
58 14
58 17
58 30
58 1
58 43
58 56
58 25
58 6
58 20
58 26
58 2
58 62
58 96
58 9
58 80
58 36
58 11
58 32
58 67
58 53
58 42
58 41
58 88
58 84
58 46
58 52
58 31
58 91
58 44
58 82
58 99
58 76
58 28
58 23
58 87
58 33
58 13
58 51
58 75
58 70
58 54
58 73
58 57
58 34
58 47
58 29
58 90
58 72
58 21
58 10
58 85
58 40
58 93
58 59
58 38
58 64
58 22
58 71
58 15
58 55
58 49
58 45
58 69
58 50
58 5
58 0
11 65
11 37
11 89
11 78
11 39
11 95
11 48
11 86
11 24
11 77
11 83
11 74
11 4
11 68
11 8
11 3
11 16
11 18
11 94
11 27
11 63
11 81
11 61
11 97
11 7
11 98
11 60
11 92
11 79
11 12
11 66
11 19
11 14
11 17
11 30
11 1
11 43
11 56
11 25
11 6
11 20
11 26
11 2
11 62
11 96
11 9
11 80
11 36
11 58
11 32
11 67
11 53
11 42
11 41
11 88
11 84
11 46
11 52
11 31
11 91
11 44
11 82
11 99
11 76
11 28
11 23
11 87
11 33
11 13
11 51
11 75
11 70
11 54
11 73
11 57
11 34
11 47
11 29
11 90
11 72
11 21
11 10
11 85
11 40
11 93
11 59
11 38
11 64
11 22
11 71
11 15
11 55
11 49
11 45
11 69
11 50
11 5
11 0
32 65
32 37
32 89
32 78
32 39
32 95
32 48
32 86
32 24
32 77
32 83
32 74
32 4
32 68
32 8
32 3
32 16
32 18
32 94
32 27
32 63
32 81
32 61
32 97
32 7
32 35
32 98
32 60
32 92
32 79
32 12
32 66
32 19
32 14
32 17
32 30
32 1
32 43
32 56
32 25
32 6
32 20
32 26
32 2
32 62
32 96
32 9
32 80
32 36
32 58
32 67
32 53
32 42
32 41
32 88
32 84
32 46
32 52
32 31
32 91
32 44
32 82
32 99
32 76
32 28
32 23
32 87
32 33
32 13
32 51
32 75
32 70
32 54
32 73
32 57
32 34
32 47
32 29
32 90
32 72
32 21
32 10
32 85
32 40
32 93
32 59
32 38
32 64
32 22
32 71
32 15
32 55
32 49
32 45
32 69
32 50
32 5
32 0
67 65
67 37
67 89
67 78
67 39
67 95
67 48
67 86
67 24
67 77
67 83
67 74
67 4
67 68
67 8
67 3
67 16
67 18
67 94
67 27
67 63
67 81
67 61
67 97
67 7
67 35
67 98
67 60
67 92
67 79
67 66
67 19
67 14
67 17
67 30
67 1
67 43
67 56
67 25
67 6
67 20
67 26
67 2
67 62
67 96
67 9
67 80
67 36
67 58
67 11
67 32
67 53
67 42
67 41
67 88
67 84
67 46
67 52
67 31
67 91
67 44
67 82
67 99
67 76
67 28
67 23
67 87
67 33
67 13
67 51
67 75
67 70
67 54
67 73
67 57
67 34
67 47
67 29
67 90
67 72
67 21
67 10
67 85
67 40
67 93
67 59
67 38
67 64
67 22
67 71
67 15
67 55
67 49
67 45
67 69
67 50
67 5
67 0
53 65
53 37
53 89
53 78
53 39
53 95
53 48
53 86
53 24
53 77
53 83
53 74
53 4
53 68
53 8
53 3
53 16
53 18
53 94
53 27
53 63
53 81
53 97
53 7
53 35
53 98
53 60
53 92
53 79
53 12
53 66
53 19
53 14
53 17
53 30
53 1
53 43
53 56
53 25
53 6
53 20
53 26
53 2
53 62
53 96
53 9
53 80
53 36
53 58
53 11
53 32
53 67
53 42
53 41
53 88
53 84
53 46
53 52
53 31
53 91
53 44
53 82
53 99
53 76
53 28
53 23
53 87
53 33
53 13
53 51
53 75
53 70
53 54
53 73
53 57
53 34
53 47
53 29
53 90
53 72
53 21
53 10
53 85
53 40
53 93
53 59
53 38
53 64
53 22
53 71
53 15
53 55
53 49
53 45
53 69
53 50
53 5
53 0
42 65
42 37
42 89
42 78
42 39
42 95
42 48
42 86
42 24
42 77
42 83
42 74
42 4
42 68
42 8
42 3
42 16
42 18
42 94
42 27
42 63
42 81
42 61
42 97
42 7
42 35
42 98
42 60
42 92
42 79
42 12
42 66
42 19
42 14
42 17
42 30
42 1
42 43
42 56
42 25
42 6
42 20
42 26
42 2
42 62
42 96
42 9
42 80
42 36
42 58
42 11
42 32
42 67
42 41
42 88
42 84
42 46
42 52
42 31
42 91
42 44
42 82
42 99
42 76
42 28
42 23
42 87
42 33
42 13
42 51
42 75
42 70
42 54
42 73
42 57
42 34
42 47
42 29
42 90
42 72
42 21
42 10
42 85
42 40
42 93
42 59
42 38
42 64
42 22
42 71
42 15
42 55
42 49
42 45
42 69
42 50
42 5
42 0
41 65
41 37
41 89
41 78
41 39
41 95
41 48
41 86
41 24
41 77
41 83
41 74
41 4
41 68
41 8
41 3
41 16
41 94
41 27
41 63
41 81
41 61
41 97
41 7
41 35
41 98
41 60
41 92
41 79
41 12
41 66
41 19
41 14
41 17
41 30
41 1
41 43
41 56
41 25
41 6
41 20
41 26
41 2
41 62
41 96
41 9
41 80
41 36
41 58
41 11
41 32
41 67
41 53
41 42
41 88
41 84
41 46
41 52
41 31
41 91
41 44
41 82
41 99
41 76
41 28
41 23
41 87
41 33
41 13
41 51
41 75
41 70
41 54
41 73
41 57
41 34
41 47
41 29
41 90
41 72
41 21
41 10
41 85
41 40
41 93
41 59
41 38
41 64
41 22
41 71
41 15
41 55
41 49
41 45
41 69
41 50
41 5
41 0
88 65
88 37
88 89
88 78
88 39
88 95
88 48
88 86
88 24
88 77
88 83
88 74
88 4
88 68
88 8
88 3
88 16
88 18
88 94
88 27
88 63
88 81
88 61
88 97
88 7
88 35
88 98
88 60
88 92
88 79
88 12
88 66
88 19
88 14
88 17
88 30
88 1
88 43
88 56
88 25
88 6
88 20
88 2
88 62
88 96
88 9
88 80
88 36
88 58
88 11
88 32
88 67
88 53
88 42
88 41
88 84
88 46
88 52
88 31
88 91
88 44
88 82
88 99
88 76
88 28
88 23
88 87
88 33
88 13
88 51
88 75
88 70
88 54
88 73
88 57
88 34
88 47
88 29
88 90
88 72
88 21
88 10
88 85
88 40
88 93
88 59
88 38
88 64
88 22
88 71
88 15
88 55
88 49
88 45
88 69
88 50
88 5
88 0
84 65
84 37
84 89
84 78
84 39
84 95
84 48
84 86
84 24
84 77
84 83
84 74
84 4
84 68
84 8
84 3
84 16
84 18
84 94
84 27
84 63
84 81
84 61
84 97
84 7
84 35
84 98
84 60
84 92
84 79
84 12
84 66
84 19
84 17
84 30
84 1
84 43
84 56
84 25
84 6
84 20
84 26
84 2
84 62
84 96
84 9
84 80
84 36
84 58
84 11
84 32
84 67
84 53
84 42
84 41
84 88
84 46
84 52
84 31
84 91
84 44
84 82
84 99
84 76
84 28
84 23
84 87
84 33
84 13
84 51
84 75
84 70
84 54
84 73
84 57
84 34
84 47
84 29
84 90
84 72
84 21
84 10
84 85
84 40
84 93
84 59
84 38
84 64
84 22
84 71
84 15
84 55
84 49
84 45
84 69
84 50
84 5
84 0
46 65
46 37
46 89
46 78
46 39
46 95
46 48
46 86
46 24
46 77
46 83
46 74
46 4
46 68
46 8
46 3
46 16
46 18
46 94
46 27
46 63
46 81
46 61
46 97
46 7
46 35
46 98
46 60
46 92
46 79
46 12
46 66
46 14
46 17
46 30
46 1
46 43
46 56
46 25
46 6
46 20
46 26
46 2
46 62
46 96
46 9
46 80
46 36
46 58
46 11
46 32
46 67
46 53
46 42
46 41
46 88
46 84
46 52
46 31
46 91
46 44
46 82
46 99
46 76
46 28
46 23
46 87
46 33
46 13
46 51
46 75
46 70
46 54
46 73
46 57
46 34
46 47
46 29
46 90
46 72
46 21
46 10
46 85
46 40
46 93
46 59
46 38
46 64
46 22
46 71
46 15
46 55
46 49
46 45
46 69
46 50
46 5
46 0
52 65
52 37
52 89
52 78
52 39
52 95
52 48
52 86
52 24
52 77
52 83
52 74
52 4
52 68
52 8
52 3
52 16
52 18
52 94
52 27
52 63
52 61
52 97
52 7
52 35
52 98
52 60
52 92
52 79
52 12
52 66
52 19
52 14
52 17
52 30
52 1
52 43
52 56
52 25
52 6
52 20
52 26
52 2
52 62
52 96
52 9
52 80
52 36
52 58
52 11
52 32
52 67
52 53
52 42
52 41
52 88
52 84
52 46
52 31
52 91
52 44
52 82
52 99
52 76
52 28
52 23
52 87
52 33
52 13
52 51
52 75
52 70
52 54
52 73
52 57
52 34
52 47
52 29
52 90
52 72
52 21
52 10
52 85
52 40
52 93
52 59
52 38
52 64
52 22
52 71
52 15
52 55
52 49
52 45
52 69
52 50
52 5
52 0
31 65
31 37
31 89
31 78
31 39
31 95
31 48
31 86
31 24
31 77
31 83
31 74
31 68
31 8
31 3
31 16
31 18
31 94
31 27
31 63
31 81
31 61
31 97
31 7
31 35
31 98
31 60
31 92
31 79
31 12
31 66
31 19
31 14
31 17
31 30
31 1
31 43
31 56
31 25
31 6
31 20
31 26
31 2
31 62
31 96
31 9
31 80
31 36
31 58
31 11
31 32
31 67
31 53
31 42
31 41
31 88
31 84
31 46
31 52
31 91
31 44
31 82
31 99
31 76
31 28
31 23
31 87
31 33
31 13
31 51
31 75
31 70
31 54
31 73
31 57
31 34
31 47
31 29
31 90
31 72
31 21
31 10
31 85
31 40
31 93
31 59
31 38
31 64
31 22
31 71
31 15
31 55
31 49
31 45
31 69
31 50
31 5
31 0
91 65
91 37
91 89
91 78
91 39
91 95
91 48
91 86
91 24
91 77
91 83
91 74
91 4
91 68
91 8
91 3
91 16
91 18
91 94
91 27
91 63
91 81
91 61
91 97
91 7
91 35
91 98
91 60
91 92
91 79
91 12
91 66
91 19
91 14
91 17
91 30
91 1
91 43
91 56
91 25
91 6
91 20
91 26
91 2
91 62
91 96
91 9
91 36
91 58
91 11
91 32
91 67
91 53
91 42
91 41
91 88
91 84
91 46
91 52
91 31
91 44
91 82
91 99
91 76
91 28
91 23
91 87
91 33
91 13
91 51
91 75
91 70
91 54
91 73
91 57
91 34
91 47
91 29
91 90
91 72
91 21
91 10
91 85
91 40
91 93
91 59
91 38
91 64
91 22
91 71
91 15
91 55
91 49
91 45
91 69
91 50
91 5
91 0
44 65
44 37
44 89
44 78
44 39
44 95
44 48
44 86
44 77
44 83
44 74
44 4
44 68
44 8
44 3
44 16
44 18
44 94
44 27
44 63
44 81
44 61
44 97
44 7
44 35
44 98
44 60
44 92
44 79
44 12
44 66
44 19
44 14
44 17
44 30
44 1
44 43
44 56
44 25
44 6
44 20
44 26
44 2
44 62
44 96
44 9
44 80
44 36
44 58
44 11
44 32
44 67
44 53
44 42
44 41
44 88
44 84
44 46
44 52
44 31
44 91
44 82
44 99
44 76
44 28
44 23
44 87
44 33
44 13
44 51
44 75
44 70
44 54
44 73
44 57
44 34
44 47
44 29
44 90
44 72
44 21
44 10
44 85
44 40
44 93
44 59
44 38
44 64
44 22
44 71
44 15
44 55
44 49
44 45
44 69
44 50
44 5
44 0
82 65
82 37
82 89
82 78
82 39
82 95
82 48
82 86
82 24
82 77
82 83
82 74
82 4
82 68
82 8
82 3
82 16
82 18
82 94
82 27
82 63
82 81
82 61
82 97
82 7
82 35
82 98
82 60
82 92
82 79
82 12
82 66
82 19
82 17
82 30
82 1
82 43
82 56
82 25
82 6
82 20
82 26
82 2
82 62
82 96
82 9
82 80
82 36
82 58
82 11
82 32
82 67
82 53
82 42
82 41
82 88
82 84
82 46
82 52
82 31
82 91
82 44
82 99
82 76
82 28
82 23
82 87
82 33
82 13
82 51
82 75
82 70
82 54
82 73
82 57
82 34
82 47
82 29
82 90
82 72
82 21
82 10
82 85
82 40
82 93
82 59
82 38
82 64
82 22
82 71
82 15
82 55
82 49
82 45
82 69
82 50
82 5
82 0
99 65
99 37
99 89
99 78
99 39
99 95
99 48
99 86
99 24
99 77
99 83
99 74
99 4
99 68
99 8
99 3
99 16
99 18
99 94
99 63
99 81
99 61
99 97
99 7
99 35
99 98
99 60
99 92
99 79
99 12
99 66
99 19
99 14
99 17
99 30
99 1
99 43
99 56
99 25
99 6
99 20
99 26
99 2
99 62
99 96
99 9
99 80
99 36
99 58
99 11
99 32
99 67
99 53
99 42
99 41
99 88
99 84
99 46
99 52
99 31
99 91
99 44
99 82
99 76
99 28
99 23
99 87
99 33
99 13
99 51
99 75
99 70
99 54
99 73
99 57
99 34
99 47
99 29
99 90
99 72
99 21
99 10
99 85
99 40
99 93
99 59
99 38
99 64
99 22
99 71
99 15
99 55
99 49
99 45
99 69
99 50
99 5
99 0
76 65
76 37
76 89
76 78
76 39
76 95
76 48
76 86
76 24
76 77
76 83
76 74
76 4
76 68
76 8
76 3
76 16
76 18
76 94
76 27
76 63
76 81
76 61
76 97
76 7
76 35
76 98
76 60
76 92
76 79
76 12
76 66
76 14
76 17
76 30
76 1
76 43
76 56
76 25
76 6
76 20
76 26
76 2
76 62
76 96
76 9
76 80
76 36
76 58
76 11
76 32
76 67
76 53
76 42
76 41
76 88
76 84
76 46
76 52
76 31
76 91
76 44
76 82
76 99
76 28
76 23
76 87
76 33
76 13
76 51
76 75
76 70
76 54
76 73
76 57
76 34
76 47
76 29
76 90
76 72
76 21
76 10
76 85
76 40
76 93
76 59
76 38
76 64
76 22
76 71
76 15
76 55
76 49
76 45
76 69
76 50
76 5
76 0
28 65
28 37
28 89
28 78
28 39
28 95
28 48
28 86
28 77
28 83
28 74
28 4
28 68
28 8
28 3
28 16
28 18
28 94
28 27
28 63
28 81
28 61
28 97
28 7
28 35
28 98
28 60
28 92
28 79
28 12
28 66
28 19
28 14
28 17
28 30
28 1
28 43
28 56
28 25
28 6
28 20
28 26
28 2
28 62
28 96
28 9
28 80
28 36
28 58
28 11
28 32
28 67
28 53
28 42
28 41
28 88
28 84
28 46
28 52
28 31
28 91
28 44
28 82
28 99
28 76
28 23
28 87
28 33
28 13
28 51
28 75
28 70
28 54
28 73
28 57
28 34
28 47
28 29
28 90
28 72
28 21
28 10
28 85
28 40
28 93
28 59
28 38
28 64
28 22
28 71
28 15
28 55
28 49
28 45
28 69
28 50
28 5
28 0
23 65
23 37
23 89
23 78
23 39
23 95
23 48
23 86
23 24
23 77
23 83
23 74
23 4
23 68
23 8
23 3
23 16
23 18
23 94
23 27
23 63
23 81
23 61
23 97
23 7
23 35
23 98
23 60
23 92
23 79
23 66
23 19
23 14
23 17
23 30
23 1
23 43
23 56
23 25
23 6
23 20
23 26
23 2
23 62
23 96
23 9
23 80
23 36
23 58
23 11
23 32
23 67
23 53
23 42
23 41
23 88
23 84
23 46
23 52
23 31
23 91
23 44
23 82
23 99
23 76
23 28
23 87
23 33
23 13
23 51
23 75
23 70
23 54
23 73
23 57
23 34
23 47
23 29
23 90
23 72
23 21
23 10
23 85
23 40
23 93
23 59
23 38
23 64
23 22
23 71
23 15
23 55
23 49
23 45
23 69
23 50
23 5
23 0
87 65
87 37
87 89
87 78
87 39
87 95
87 48
87 86
87 24
87 77
87 83
87 74
87 4
87 68
87 8
87 3
87 16
87 18
87 94
87 27
87 63
87 81
87 61
87 97
87 7
87 35
87 98
87 60
87 92
87 79
87 66
87 19
87 14
87 17
87 30
87 1
87 43
87 56
87 25
87 6
87 20
87 26
87 2
87 62
87 96
87 9
87 80
87 36
87 58
87 11
87 32
87 67
87 53
87 42
87 41
87 88
87 84
87 46
87 52
87 31
87 91
87 44
87 82
87 99
87 76
87 28
87 23
87 33
87 13
87 51
87 75
87 70
87 54
87 73
87 57
87 34
87 47
87 29
87 90
87 72
87 21
87 10
87 85
87 40
87 93
87 59
87 38
87 64
87 22
87 71
87 15
87 55
87 49
87 45
87 69
87 50
87 5
87 0
33 65
33 37
33 89
33 78
33 39
33 95
33 48
33 86
33 24
33 77
33 83
33 74
33 4
33 68
33 8
33 3
33 16
33 18
33 94
33 27
33 63
33 81
33 61
33 97
33 7
33 35
33 98
33 60
33 92
33 79
33 12
33 66
33 19
33 14
33 17
33 30
33 1
33 56
33 25
33 6
33 20
33 26
33 2
33 62
33 96
33 9
33 80
33 36
33 58
33 11
33 32
33 67
33 53
33 42
33 41
33 88
33 84
33 46
33 52
33 31
33 91
33 44
33 82
33 99
33 76
33 28
33 23
33 87
33 13
33 51
33 75
33 70
33 54
33 73
33 57
33 34
33 47
33 29
33 90
33 72
33 21
33 10
33 85
33 40
33 93
33 59
33 38
33 64
33 22
33 71
33 15
33 55
33 49
33 45
33 69
33 50
33 5
33 0
13 65
13 89
13 78
13 39
13 95
13 48
13 86
13 24
13 77
13 83
13 74
13 4
13 68
13 8
13 3
13 16
13 18
13 94
13 27
13 63
13 81
13 61
13 97
13 7
13 35
13 98
13 60
13 92
13 79
13 12
13 66
13 19
13 14
13 17
13 30
13 1
13 43
13 56
13 25
13 6
13 20
13 26
13 2
13 62
13 96
13 9
13 80
13 36
13 58
13 11
13 32
13 67
13 53
13 42
13 41
13 88
13 84
13 46
13 52
13 31
13 91
13 44
13 82
13 99
13 76
13 28
13 23
13 87
13 33
13 51
13 75
13 70
13 54
13 73
13 57
13 34
13 47
13 29
13 90
13 72
13 21
13 10
13 85
13 40
13 93
13 59
13 38
13 64
13 22
13 71
13 15
13 55
13 49
13 45
13 69
13 50
13 5
13 0
51 65
51 37
51 89
51 78
51 39
51 95
51 48
51 86
51 24
51 77
51 83
51 74
51 4
51 68
51 8
51 3
51 16
51 18
51 94
51 27
51 63
51 81
51 61
51 97
51 7
51 35
51 98
51 60
51 92
51 79
51 12
51 66
51 19
51 14
51 17
51 30
51 1
51 43
51 56
51 25
51 6
51 20
51 26
51 2
51 62
51 96
51 9
51 80
51 36
51 58
51 11
51 32
51 67
51 53
51 42
51 41
51 88
51 84
51 46
51 52
51 31
51 91
51 44
51 82
51 99
51 76
51 28
51 23
51 33
51 13
51 75
51 70
51 54
51 73
51 57
51 34
51 47
51 29
51 90
51 72
51 21
51 10
51 85
51 40
51 93
51 59
51 38
51 64
51 22
51 71
51 15
51 55
51 49
51 45
51 69
51 50
51 5
51 0
75 65
75 37
75 89
75 78
75 39
75 95
75 48
75 86
75 24
75 77
75 83
75 74
75 4
75 68
75 8
75 3
75 16
75 18
75 94
75 27
75 63
75 81
75 61
75 97
75 7
75 35
75 98
75 60
75 92
75 79
75 12
75 66
75 19
75 14
75 17
75 30
75 1
75 43
75 25
75 6
75 20
75 26
75 2
75 62
75 96
75 9
75 80
75 36
75 58
75 11
75 32
75 67
75 53
75 42
75 41
75 88
75 84
75 46
75 52
75 31
75 91
75 44
75 82
75 99
75 76
75 28
75 23
75 87
75 33
75 13
75 51
75 70
75 54
75 73
75 57
75 34
75 47
75 29
75 90
75 72
75 21
75 10
75 85
75 40
75 93
75 59
75 38
75 64
75 22
75 71
75 15
75 55
75 49
75 45
75 69
75 50
75 5
75 0
70 65
70 37
70 78
70 39
70 95
70 48
70 86
70 24
70 77
70 83
70 74
70 4
70 68
70 8
70 3
70 16
70 18
70 94
70 27
70 63
70 81
70 61
70 97
70 7
70 35
70 98
70 60
70 92
70 79
70 12
70 66
70 19
70 14
70 17
70 30
70 1
70 43
70 56
70 25
70 6
70 20
70 26
70 2
70 62
70 96
70 9
70 80
70 36
70 58
70 11
70 32
70 67
70 53
70 42
70 41
70 88
70 84
70 46
70 52
70 31
70 91
70 44
70 82
70 99
70 76
70 28
70 23
70 87
70 33
70 13
70 51
70 75
70 54
70 73
70 57
70 34
70 47
70 29
70 90
70 72
70 21
70 10
70 85
70 40
70 93
70 59
70 38
70 64
70 22
70 71
70 15
70 55
70 49
70 45
70 69
70 50
70 5
70 0
54 65
54 37
54 89
54 78
54 39
54 95
54 48
54 86
54 24
54 77
54 83
54 74
54 4
54 68
54 8
54 3
54 16
54 18
54 94
54 27
54 63
54 81
54 61
54 97
54 7
54 35
54 98
54 60
54 92
54 79
54 12
54 66
54 19
54 14
54 17
54 30
54 1
54 43
54 56
54 25
54 6
54 20
54 26
54 2
54 62
54 96
54 9
54 80
54 36
54 58
54 11
54 32
54 67
54 53
54 42
54 41
54 88
54 84
54 46
54 52
54 31
54 91
54 44
54 82
54 99
54 76
54 28
54 23
54 33
54 13
54 51
54 75
54 70
54 73
54 57
54 34
54 47
54 29
54 90
54 72
54 21
54 10
54 85
54 40
54 93
54 59
54 38
54 64
54 22
54 71
54 15
54 55
54 49
54 45
54 69
54 50
54 5
54 0
73 65
73 37
73 89
73 78
73 39
73 95
73 48
73 86
73 24
73 77
73 83
73 74
73 4
73 68
73 8
73 3
73 16
73 18
73 94
73 27
73 63
73 81
73 61
73 97
73 7
73 35
73 98
73 60
73 92
73 79
73 12
73 66
73 19
73 14
73 17
73 30
73 1
73 43
73 56
73 25
73 6
73 20
73 26
73 2
73 62
73 96
73 9
73 80
73 36
73 58
73 11
73 32
73 67
73 53
73 42
73 41
73 88
73 84
73 46
73 52
73 31
73 91
73 44
73 82
73 99
73 76
73 28
73 23
73 87
73 33
73 51
73 75
73 70
73 54
73 57
73 34
73 47
73 29
73 90
73 72
73 21
73 10
73 85
73 40
73 93
73 59
73 38
73 64
73 22
73 71
73 15
73 55
73 49
73 45
73 69
73 50
73 5
73 0
57 65
57 37
57 89
57 78
57 39
57 95
57 48
57 86
57 24
57 77
57 83
57 74
57 68
57 8
57 3
57 16
57 18
57 94
57 27
57 63
57 81
57 61
57 97
57 7
57 35
57 98
57 60
57 92
57 79
57 12
57 66
57 19
57 14
57 17
57 30
57 1
57 43
57 56
57 25
57 6
57 20
57 26
57 2
57 62
57 96
57 9
57 80
57 36
57 58
57 11
57 32
57 67
57 53
57 42
57 41
57 88
57 84
57 46
57 52
57 31
57 91
57 44
57 82
57 99
57 76
57 28
57 23
57 87
57 33
57 13
57 51
57 75
57 70
57 54
57 73
57 34
57 47
57 29
57 90
57 72
57 21
57 10
57 85
57 40
57 93
57 59
57 38
57 64
57 22
57 71
57 15
57 55
57 49
57 45
57 69
57 50
57 5
57 0
34 65
34 37
34 89
34 78
34 39
34 95
34 48
34 86
34 24
34 77
34 83
34 74
34 4
34 68
34 3
34 16
34 18
34 94
34 27
34 63
34 81
34 61
34 97
34 7
34 35
34 98
34 60
34 92
34 79
34 12
34 66
34 19
34 14
34 17
34 30
34 1
34 43
34 56
34 25
34 6
34 20
34 26
34 2
34 62
34 96
34 9
34 80
34 36
34 58
34 11
34 32
34 67
34 53
34 42
34 41
34 88
34 84
34 46
34 52
34 31
34 91
34 44
34 82
34 99
34 76
34 28
34 23
34 87
34 33
34 13
34 51
34 75
34 70
34 54
34 73
34 57
34 47
34 29
34 90
34 72
34 21
34 10
34 85
34 40
34 93
34 59
34 38
34 64
34 22
34 71
34 15
34 55
34 49
34 45
34 69
34 50
34 5
34 0
47 65
47 37
47 89
47 78
47 39
47 95
47 48
47 86
47 24
47 77
47 83
47 74
47 4
47 68
47 8
47 3
47 16
47 18
47 94
47 27
47 63
47 81
47 61
47 97
47 7
47 35
47 98
47 60
47 92
47 79
47 12
47 66
47 19
47 14
47 17
47 30
47 1
47 43
47 25
47 6
47 20
47 26
47 2
47 62
47 96
47 9
47 80
47 36
47 58
47 11
47 32
47 67
47 53
47 42
47 41
47 88
47 84
47 46
47 52
47 31
47 91
47 44
47 82
47 99
47 76
47 28
47 23
47 87
47 33
47 13
47 51
47 75
47 70
47 54
47 73
47 57
47 34
47 29
47 90
47 72
47 21
47 10
47 85
47 40
47 93
47 59
47 38
47 64
47 22
47 71
47 15
47 55
47 49
47 45
47 69
47 50
47 5
47 0
29 65
29 37
29 89
29 78
29 39
29 95
29 48
29 86
29 24
29 77
29 83
29 74
29 4
29 68
29 8
29 16
29 18
29 94
29 27
29 63
29 81
29 61
29 97
29 7
29 35
29 98
29 60
29 92
29 79
29 12
29 66
29 19
29 14
29 17
29 30
29 1
29 43
29 56
29 25
29 6
29 20
29 26
29 2
29 62
29 96
29 9
29 80
29 36
29 58
29 11
29 32
29 67
29 53
29 42
29 41
29 88
29 84
29 46
29 52
29 31
29 91
29 44
29 82
29 99
29 76
29 28
29 23
29 87
29 33
29 13
29 51
29 75
29 70
29 54
29 73
29 57
29 34
29 47
29 90
29 72
29 21
29 10
29 85
29 40
29 93
29 59
29 38
29 64
29 22
29 71
29 15
29 55
29 49
29 45
29 69
29 50
29 5
29 0
90 65
90 37
90 89
90 78
90 39
90 95
90 48
90 86
90 24
90 77
90 83
90 74
90 4
90 68
90 8
90 3
90 16
90 18
90 94
90 27
90 63
90 81
90 61
90 97
90 7
90 35
90 98
90 60
90 92
90 79
90 12
90 66
90 19
90 14
90 17
90 30
90 1
90 56
90 25
90 6
90 20
90 26
90 2
90 62
90 96
90 9
90 80
90 36
90 58
90 11
90 32
90 67
90 53
90 42
90 41
90 88
90 84
90 46
90 52
90 31
90 91
90 44
90 82
90 99
90 76
90 28
90 23
90 87
90 33
90 13
90 51
90 75
90 70
90 54
90 73
90 57
90 34
90 47
90 29
90 72
90 21
90 10
90 85
90 40
90 93
90 59
90 38
90 64
90 22
90 71
90 15
90 55
90 49
90 45
90 69
90 50
90 5
90 0
72 65
72 37
72 89
72 78
72 39
72 95
72 48
72 86
72 24
72 77
72 83
72 74
72 4
72 68
72 8
72 3
72 16
72 18
72 94
72 27
72 63
72 81
72 61
72 97
72 35
72 98
72 60
72 92
72 79
72 12
72 66
72 19
72 14
72 17
72 30
72 1
72 43
72 56
72 25
72 6
72 20
72 26
72 2
72 62
72 96
72 9
72 80
72 36
72 58
72 11
72 32
72 67
72 53
72 42
72 41
72 88
72 84
72 46
72 52
72 31
72 91
72 44
72 82
72 99
72 76
72 28
72 23
72 87
72 33
72 13
72 51
72 75
72 70
72 54
72 73
72 57
72 34
72 47
72 29
72 90
72 21
72 10
72 85
72 40
72 93
72 59
72 38
72 64
72 22
72 71
72 15
72 55
72 49
72 45
72 69
72 50
72 5
72 0
21 65
21 37
21 89
21 78
21 39
21 95
21 48
21 86
21 24
21 77
21 83
21 74
21 4
21 68
21 8
21 3
21 16
21 94
21 27
21 63
21 81
21 61
21 97
21 7
21 35
21 98
21 60
21 92
21 79
21 12
21 66
21 19
21 14
21 17
21 30
21 1
21 43
21 56
21 25
21 6
21 20
21 26
21 2
21 62
21 96
21 9
21 80
21 36
21 58
21 11
21 32
21 67
21 53
21 42
21 41
21 88
21 84
21 46
21 52
21 31
21 91
21 44
21 82
21 99
21 76
21 28
21 23
21 87
21 33
21 13
21 51
21 75
21 70
21 54
21 73
21 57
21 34
21 47
21 29
21 90
21 72
21 10
21 85
21 40
21 93
21 59
21 38
21 64
21 22
21 71
21 15
21 55
21 49
21 45
21 69
21 50
21 5
21 0
10 65
10 37
10 89
10 78
10 39
10 95
10 48
10 86
10 24
10 77
10 83
10 74
10 4
10 68
10 8
10 3
10 16
10 18
10 94
10 27
10 63
10 81
10 61
10 97
10 7
10 35
10 98
10 60
10 92
10 79
10 12
10 66
10 19
10 14
10 17
10 30
10 1
10 43
10 56
10 25
10 6
10 20
10 26
10 2
10 62
10 96
10 9
10 80
10 36
10 58
10 11
10 32
10 67
10 53
10 42
10 41
10 88
10 84
10 46
10 52
10 31
10 91
10 44
10 82
10 99
10 76
10 28
10 23
10 87
10 33
10 13
10 51
10 70
10 54
10 73
10 57
10 34
10 47
10 29
10 90
10 72
10 21
10 85
10 40
10 93
10 59
10 38
10 64
10 22
10 71
10 15
10 55
10 49
10 45
10 69
10 50
10 5
10 0
85 65
85 37
85 89
85 78
85 39
85 95
85 48
85 86
85 24
85 77
85 83
85 74
85 4
85 68
85 8
85 3
85 16
85 18
85 94
85 27
85 63
85 81
85 61
85 97
85 7
85 35
85 98
85 60
85 92
85 79
85 12
85 66
85 19
85 14
85 17
85 30
85 1
85 43
85 56
85 25
85 6
85 20
85 26
85 2
85 62
85 96
85 9
85 36
85 58
85 11
85 32
85 67
85 53
85 42
85 41
85 88
85 84
85 46
85 52
85 31
85 91
85 44
85 82
85 99
85 76
85 28
85 23
85 87
85 33
85 13
85 51
85 75
85 70
85 54
85 73
85 57
85 34
85 47
85 29
85 90
85 72
85 21
85 10
85 40
85 93
85 59
85 38
85 64
85 22
85 71
85 15
85 55
85 49
85 45
85 69
85 50
85 5
85 0
40 65
40 37
40 89
40 78
40 39
40 95
40 48
40 86
40 24
40 77
40 83
40 74
40 4
40 68
40 8
40 3
40 16
40 18
40 94
40 27
40 63
40 81
40 61
40 97
40 7
40 35
40 98
40 60
40 92
40 79
40 12
40 66
40 19
40 14
40 17
40 30
40 1
40 43
40 56
40 25
40 6
40 20
40 26
40 2
40 62
40 96
40 9
40 80
40 36
40 58
40 11
40 32
40 67
40 53
40 42
40 41
40 88
40 84
40 46
40 52
40 31
40 91
40 44
40 82
40 99
40 76
40 28
40 23
40 87
40 33
40 13
40 51
40 75
40 70
40 54
40 73
40 57
40 34
40 47
40 90
40 72
40 21
40 10
40 85
40 93
40 59
40 38
40 64
40 22
40 71
40 15
40 55
40 49
40 45
40 69
40 50
40 5
40 0
93 65
93 37
93 89
93 78
93 39
93 95
93 48
93 86
93 24
93 77
93 83
93 74
93 4
93 68
93 8
93 3
93 16
93 18
93 94
93 27
93 63
93 81
93 61
93 97
93 7
93 35
93 98
93 60
93 92
93 79
93 12
93 66
93 19
93 14
93 17
93 30
93 1
93 43
93 56
93 25
93 6
93 20
93 26
93 2
93 96
93 9
93 80
93 36
93 58
93 11
93 32
93 67
93 53
93 42
93 41
93 88
93 84
93 46
93 52
93 31
93 91
93 44
93 82
93 99
93 76
93 28
93 23
93 87
93 33
93 13
93 51
93 75
93 70
93 54
93 73
93 57
93 34
93 47
93 29
93 90
93 72
93 21
93 10
93 85
93 40
93 59
93 38
93 64
93 22
93 71
93 15
93 55
93 49
93 45
93 69
93 50
93 5
93 0
59 65
59 37
59 89
59 39
59 95
59 48
59 86
59 24
59 77
59 83
59 74
59 4
59 68
59 8
59 3
59 16
59 18
59 94
59 27
59 63
59 81
59 61
59 97
59 7
59 35
59 98
59 60
59 92
59 79
59 12
59 66
59 19
59 14
59 17
59 30
59 1
59 43
59 56
59 25
59 6
59 20
59 26
59 2
59 62
59 96
59 9
59 80
59 36
59 58
59 11
59 32
59 67
59 53
59 42
59 41
59 88
59 84
59 46
59 52
59 31
59 91
59 44
59 82
59 99
59 76
59 28
59 23
59 87
59 33
59 13
59 51
59 75
59 70
59 54
59 73
59 57
59 34
59 47
59 29
59 90
59 72
59 21
59 10
59 85
59 40
59 93
59 38
59 64
59 22
59 71
59 15
59 55
59 49
59 45
59 69
59 50
59 5
59 0
38 65
38 37
38 89
38 78
38 39
38 95
38 48
38 86
38 24
38 77
38 83
38 74
38 4
38 68
38 8
38 3
38 16
38 18
38 94
38 27
38 63
38 81
38 61
38 97
38 7
38 35
38 98
38 60
38 92
38 79
38 12
38 66
38 19
38 14
38 17
38 30
38 1
38 43
38 56
38 25
38 6
38 20
38 26
38 2
38 62
38 96
38 9
38 80
38 36
38 58
38 11
38 32
38 67
38 53
38 42
38 41
38 88
38 84
38 52
38 31
38 91
38 44
38 82
38 99
38 76
38 28
38 23
38 87
38 33
38 13
38 51
38 75
38 70
38 54
38 73
38 57
38 34
38 47
38 29
38 90
38 72
38 21
38 10
38 85
38 40
38 93
38 59
38 64
38 22
38 71
38 15
38 55
38 49
38 45
38 69
38 50
38 5
38 0
64 65
64 37
64 89
64 78
64 39
64 95
64 48
64 86
64 24
64 77
64 83
64 74
64 4
64 68
64 8
64 3
64 16
64 18
64 94
64 27
64 63
64 81
64 61
64 97
64 7
64 35
64 98
64 60
64 92
64 79
64 12
64 66
64 19
64 14
64 17
64 30
64 1
64 43
64 56
64 25
64 6
64 20
64 26
64 2
64 62
64 96
64 9
64 80
64 36
64 58
64 11
64 32
64 67
64 53
64 42
64 41
64 88
64 84
64 46
64 52
64 31
64 91
64 44
64 82
64 99
64 76
64 28
64 23
64 87
64 33
64 13
64 51
64 75
64 70
64 54
64 73
64 34
64 47
64 29
64 90
64 72
64 21
64 10
64 85
64 40
64 93
64 59
64 38
64 22
64 71
64 15
64 55
64 49
64 45
64 69
64 50
64 5
64 0
22 65
22 37
22 89
22 78
22 39
22 95
22 48
22 86
22 24
22 77
22 83
22 74
22 4
22 8
22 3
22 16
22 18
22 94
22 27
22 63
22 81
22 61
22 97
22 7
22 35
22 98
22 60
22 92
22 79
22 12
22 66
22 19
22 14
22 17
22 30
22 1
22 43
22 56
22 25
22 6
22 20
22 26
22 2
22 62
22 96
22 9
22 80
22 36
22 58
22 11
22 32
22 67
22 53
22 42
22 41
22 88
22 84
22 46
22 52
22 31
22 91
22 44
22 82
22 99
22 76
22 28
22 23
22 87
22 33
22 13
22 51
22 75
22 70
22 54
22 73
22 57
22 34
22 47
22 29
22 90
22 72
22 21
22 10
22 85
22 40
22 93
22 59
22 38
22 64
22 71
22 15
22 55
22 49
22 45
22 69
22 50
22 5
22 0
71 65
71 37
71 89
71 78
71 39
71 95
71 48
71 86
71 24
71 77
71 83
71 74
71 4
71 68
71 8
71 3
71 16
71 18
71 94
71 27
71 63
71 81
71 61
71 97
71 7
71 35
71 98
71 60
71 92
71 79
71 12
71 66
71 19
71 14
71 17
71 30
71 1
71 43
71 56
71 25
71 6
71 20
71 26
71 2
71 62
71 96
71 9
71 80
71 36
71 58
71 11
71 32
71 67
71 53
71 42
71 41
71 88
71 84
71 46
71 52
71 31
71 91
71 44
71 82
71 99
71 76
71 28
71 23
71 87
71 33
71 13
71 51
71 70
71 54
71 73
71 57
71 34
71 47
71 29
71 90
71 72
71 21
71 10
71 85
71 40
71 93
71 59
71 38
71 64
71 22
71 15
71 55
71 49
71 45
71 69
71 50
71 5
71 0
15 65
15 37
15 89
15 39
15 95
15 48
15 86
15 24
15 77
15 83
15 74
15 4
15 68
15 8
15 3
15 16
15 18
15 94
15 27
15 63
15 81
15 61
15 97
15 7
15 35
15 98
15 60
15 92
15 79
15 12
15 66
15 19
15 14
15 17
15 30
15 1
15 43
15 56
15 25
15 6
15 20
15 26
15 2
15 62
15 96
15 9
15 80
15 36
15 58
15 11
15 32
15 67
15 53
15 42
15 41
15 88
15 84
15 46
15 52
15 31
15 91
15 44
15 82
15 99
15 76
15 28
15 23
15 87
15 33
15 13
15 51
15 75
15 70
15 54
15 73
15 57
15 34
15 47
15 29
15 90
15 72
15 21
15 10
15 85
15 40
15 93
15 59
15 38
15 64
15 22
15 71
15 55
15 49
15 45
15 69
15 50
15 5
15 0
55 65
55 37
55 89
55 78
55 39
55 95
55 48
55 86
55 24
55 77
55 83
55 74
55 4
55 68
55 8
55 3
55 16
55 18
55 94
55 27
55 63
55 81
55 61
55 97
55 7
55 35
55 98
55 60
55 92
55 79
55 12
55 66
55 19
55 14
55 17
55 30
55 1
55 43
55 56
55 25
55 6
55 20
55 26
55 2
55 62
55 96
55 9
55 80
55 36
55 58
55 11
55 32
55 67
55 53
55 42
55 41
55 88
55 84
55 46
55 52
55 31
55 91
55 44
55 82
55 99
55 76
55 28
55 23
55 87
55 33
55 13
55 51
55 75
55 70
55 54
55 73
55 57
55 34
55 47
55 29
55 90
55 72
55 21
55 10
55 85
55 40
55 93
55 59
55 38
55 22
55 71
55 15
55 49
55 45
55 69
55 50
55 5
55 0
49 37
49 89
49 78
49 39
49 95
49 48
49 86
49 24
49 77
49 83
49 74
49 4
49 68
49 8
49 3
49 16
49 18
49 94
49 27
49 63
49 81
49 61
49 97
49 7
49 35
49 98
49 60
49 92
49 79
49 12
49 66
49 19
49 14
49 17
49 30
49 1
49 43
49 56
49 25
49 6
49 20
49 26
49 2
49 62
49 96
49 9
49 80
49 36
49 58
49 11
49 32
49 67
49 53
49 42
49 41
49 88
49 84
49 46
49 52
49 31
49 91
49 44
49 82
49 99
49 76
49 28
49 23
49 87
49 33
49 13
49 51
49 75
49 70
49 54
49 73
49 57
49 34
49 47
49 29
49 90
49 72
49 21
49 10
49 85
49 40
49 93
49 59
49 38
49 64
49 22
49 71
49 15
49 55
49 45
49 69
49 50
49 5
49 0
45 65
45 37
45 89
45 78
45 39
45 95
45 48
45 86
45 24
45 77
45 83
45 74
45 4
45 68
45 8
45 3
45 16
45 18
45 94
45 27
45 63
45 81
45 61
45 97
45 7
45 35
45 98
45 60
45 92
45 79
45 12
45 66
45 19
45 14
45 17
45 30
45 1
45 43
45 56
45 25
45 6
45 20
45 26
45 2
45 62
45 96
45 9
45 80
45 36
45 58
45 11
45 32
45 67
45 53
45 42
45 41
45 88
45 84
45 46
45 52
45 31
45 91
45 44
45 82
45 99
45 76
45 28
45 23
45 87
45 33
45 13
45 51
45 75
45 54
45 73
45 57
45 34
45 47
45 29
45 90
45 72
45 21
45 10
45 85
45 40
45 93
45 59
45 38
45 64
45 22
45 71
45 15
45 55
45 49
45 69
45 50
45 5
45 0
69 65
69 37
69 89
69 78
69 39
69 95
69 48
69 86
69 24
69 77
69 83
69 74
69 4
69 68
69 8
69 3
69 16
69 18
69 94
69 27
69 63
69 81
69 61
69 97
69 7
69 35
69 98
69 60
69 92
69 79
69 12
69 66
69 19
69 14
69 17
69 30
69 1
69 43
69 56
69 25
69 6
69 20
69 26
69 2
69 62
69 96
69 9
69 80
69 36
69 58
69 11
69 32
69 67
69 53
69 42
69 41
69 88
69 84
69 46
69 52
69 31
69 91
69 44
69 82
69 99
69 76
69 28
69 23
69 87
69 33
69 13
69 51
69 75
69 70
69 54
69 73
69 57
69 34
69 47
69 29
69 90
69 72
69 21
69 10
69 85
69 40
69 93
69 59
69 38
69 64
69 71
