67 7
39 80
72 80
87 72
33 87
58 33
65 33
66 65
11 58
30 11
57 30
84 30
14 84
41 57
76 41
2 76
6 76
37 6
22 37
69 37
8 22
62 8
34 62
93 62
0 93
29 0
27 29
49 34
98 49
52 98
4 52
64 52
70 64
42 70
55 70
12 55
3 12
83 42
78 83
61 78
18 61
45 18
77 18
96 77
68 96
95 68
32 95
54 32
17 54
43 54
20 17
94 17
60 20
53 60
13 53
25 53
85 25
36 85
88 85
1 88
79 88
9 1
47 9
90 47
44 90
73 90
28 73
48 28
50 48
38 50
81 38
5 81
99 81
7 99
46 99
26 67
19 26
86 26
71 19
75 19
21 75
97 21
63 97
91 97
74 63
82 63
24 82
23 24
35 23
51 23
10 35
40 35
31 40
56 40
92 56
15 92
16 15
59 44
89 39
