100 1 9802
21 54
4 54
4 63
4 72
4 25
4 21
4 96
4 64
4 19
4 93
4 90
4 98
4 68
4 30
4 87
4 73
4 29
4 65
4 16
4 82
4 58
4 99
4 49
4 61
4 37
4 24
4 76
4 53
4 95
4 43
4 94
4 75
4 1
4 28
4 44
4 79
4 34
4 31
4 8
4 83
4 55
4 18
4 41
4 33
4 14
4 70
4 78
4 22
4 27
4 0
4 52
4 62
4 97
4 36
4 7
4 39
4 77
4 74
4 6
4 57
4 89
4 46
4 80
4 51
4 38
4 91
4 12
4 17
4 60
4 86
4 11
4 47
4 48
4 10
4 32
4 5
4 69
4 9
4 23
4 92
4 3
4 66
4 45
4 13
4 35
4 56
4 88
4 2
4 20
4 26
4 50
4 71
4 40
4 84
4 67
4 42
4 81
4 59
4 15
4 85
54 63
54 72
54 25
54 21
54 96
54 64
54 19
54 93
54 90
54 98
54 68
54 30
54 87
54 73
54 29
54 65
54 16
54 82
54 58
54 99
54 49
54 61
54 37
54 24
54 76
54 53
54 95
54 43
54 94
54 75
54 1
54 28
54 44
54 79
54 34
54 31
54 8
54 83
54 55
54 18
54 41
54 33
54 14
54 70
54 78
54 22
54 27
54 0
54 52
54 62
54 97
54 36
54 7
54 39
54 77
54 74
54 6
54 57
54 89
54 46
54 80
54 51
54 38
54 91
54 12
54 17
54 60
54 86
54 11
54 47
54 48
54 10
54 32
54 5
54 69
54 9
54 23
54 92
54 3
54 66
54 45
54 13
54 35
54 56
54 88
54 2
54 20
54 26
54 50
54 71
54 40
54 84
54 67
54 42
54 81
54 59
54 15
54 85
63 4
63 72
63 25
63 21
63 96
63 64
63 19
63 93
63 90
63 98
63 68
63 30
63 87
63 73
63 29
63 65
63 16
63 82
63 58
63 99
63 49
63 61
63 37
63 24
63 76
63 53
63 95
63 43
63 94
63 75
63 1
63 28
63 44
63 79
63 34
63 31
63 8
63 83
63 55
63 18
63 41
63 33
63 14
63 70
63 78
63 22
63 27
63 0
63 52
63 62
63 97
63 36
63 7
63 39
63 77
63 74
63 6
63 57
63 89
63 46
63 80
63 51
63 38
63 91
63 12
63 17
63 60
63 86
63 11
63 47
63 48
63 10
63 32
63 5
63 69
63 9
63 23
63 92
63 3
63 66
63 45
63 13
63 35
63 56
63 88
63 2
63 20
63 26
63 50
63 71
63 40
63 84
63 67
63 42
63 81
63 59
63 15
63 85
72 54
72 63
72 25
72 21
72 96
72 64
72 19
72 93
72 90
72 98
72 68
72 30
72 87
72 73
72 29
72 65
72 16
72 82
72 58
72 99
72 49
72 61
72 37
72 24
72 76
72 53
72 95
72 43
72 94
72 75
72 1
72 28
72 44
72 79
72 34
72 31
72 8
72 83
72 55
72 18
72 41
72 33
72 14
72 70
72 78
72 22
72 27
72 0
72 52
72 62
72 97
72 36
72 7
72 39
72 77
72 74
72 6
72 57
72 89
72 46
72 80
72 51
72 38
72 91
72 12
72 17
72 60
72 86
72 11
72 47
72 48
72 10
72 32
72 5
72 69
72 9
72 23
72 92
72 3
72 66
72 45
72 13
72 35
72 56
72 88
72 2
72 20
72 26
72 50
72 71
72 40
72 84
72 67
72 42
72 81
72 59
72 15
72 85
25 54
25 63
25 72
25 21
25 96
25 64
25 19
25 93
25 90
25 98
25 68
25 30
25 87
25 73
25 29
25 65
25 16
25 82
25 58
25 99
25 49
25 61
25 37
25 24
25 76
25 53
25 95
25 43
25 94
25 75
25 1
25 28
25 44
25 79
25 34
25 31
25 8
25 83
25 55
25 18
25 41
25 33
25 14
25 70
25 78
25 22
25 27
25 0
25 52
25 62
25 97
25 36
25 7
25 39
25 77
25 74
25 6
25 57
25 89
25 46
25 80
25 51
25 38
25 91
25 12
25 17
25 60
25 86
25 11
25 47
25 48
25 10
25 32
25 5
25 69
25 9
25 23
25 92
25 3
25 66
25 45
25 13
25 35
25 56
25 88
25 2
25 20
25 26
25 50
25 71
25 40
25 84
25 67
25 42
25 81
25 59
25 15
25 85
21 4
21 63
21 72
21 25
21 96
21 64
21 19
21 93
21 90
21 98
21 68
21 30
21 87
21 73
21 29
21 65
21 16
21 82
21 58
21 99
21 49
21 61
21 37
21 24
21 76
21 53
21 95
21 43
21 94
21 75
21 1
21 28
21 44
21 79
21 34
21 31
21 8
21 83
21 55
21 18
21 41
21 33
21 14
21 70
21 78
21 22
21 27
21 0
21 52
21 62
21 97
21 36
21 7
21 39
21 77
21 74
21 6
21 57
21 89
21 46
21 80
21 51
21 38
21 91
21 12
21 17
21 60
21 86
21 11
21 47
21 48
21 10
21 32
21 5
21 69
21 9
21 23
21 92
21 3
21 66
21 45
21 13
21 35
21 56
21 88
21 2
21 20
21 26
21 50
21 71
21 40
21 84
21 67
21 42
21 81
21 59
21 15
21 85
96 54
96 63
96 72
96 25
96 21
96 64
96 19
96 93
96 90
96 98
96 68
96 30
96 87
96 73
96 29
96 65
96 16
96 82
96 58
96 99
96 49
96 61
96 37
96 24
96 76
96 53
96 95
96 43
96 94
96 75
96 1
96 28
96 44
96 79
96 34
96 31
96 8
96 83
96 55
96 18
96 41
96 33
96 14
96 70
96 78
96 22
96 27
96 0
96 52
96 62
96 97
96 36
96 7
96 39
96 77
96 74
96 6
96 57
96 89
96 46
96 80
96 51
96 38
96 91
96 12
96 17
96 60
96 86
96 11
96 47
96 48
96 10
96 32
96 5
96 69
96 9
96 23
96 92
96 3
96 66
96 45
96 13
96 35
96 56
96 88
96 2
96 20
96 26
96 50
96 71
96 40
96 84
96 67
96 42
96 81
96 59
96 15
96 85
64 4
64 54
64 63
64 72
64 21
64 96
64 19
64 93
64 90
64 98
64 68
64 30
64 87
64 73
64 29
64 65
64 16
64 82
64 58
64 99
64 49
64 61
64 37
64 24
64 76
64 53
64 95
64 43
64 94
64 75
64 1
64 28
64 44
64 79
64 34
64 31
64 8
64 83
64 55
64 18
64 41
64 33
64 14
64 70
64 78
64 22
64 27
64 0
64 52
64 62
64 97
64 36
64 7
64 39
64 77
64 74
64 6
64 57
64 89
64 46
64 80
64 51
64 38
64 91
64 12
64 17
64 60
64 86
64 11
64 47
64 48
64 10
64 32
64 5
64 69
64 9
64 23
64 92
64 3
64 66
64 45
64 13
64 35
64 56
64 88
64 2
64 20
64 26
64 50
64 71
64 40
64 84
64 67
64 42
64 81
64 59
64 15
64 85
19 4
19 63
19 72
19 25
19 21
19 96
19 64
19 93
19 90
19 98
19 68
19 30
19 87
19 73
19 29
19 65
19 16
19 82
19 58
19 99
19 49
19 61
19 37
19 24
19 76
19 53
19 95
19 43
19 94
19 75
19 1
19 28
19 44
19 79
19 34
19 31
19 8
19 83
19 55
19 18
19 41
19 33
19 14
19 70
19 78
19 22
19 27
19 0
19 52
19 62
19 97
19 36
19 7
19 39
19 77
19 74
19 6
19 57
19 89
19 46
19 80
19 51
19 38
19 91
19 12
19 17
19 60
19 86
19 11
19 47
19 48
19 10
19 32
19 5
19 69
19 9
19 23
19 92
19 3
19 66
19 45
19 13
19 35
19 56
19 88
19 2
19 20
19 26
19 50
19 71
19 40
19 84
19 67
19 42
19 81
19 59
19 15
19 85
93 4
93 63
93 72
93 25
93 21
93 96
93 64
93 19
93 90
93 98
93 68
93 30
93 87
93 73
93 29
93 65
93 16
93 82
93 58
93 99
93 49
93 61
93 37
93 24
93 76
93 53
93 95
93 43
93 94
93 75
93 1
93 28
93 44
93 79
93 34
93 31
93 8
93 83
93 55
93 18
93 41
93 33
93 14
93 70
93 78
93 22
93 27
93 0
93 52
93 62
93 97
93 36
93 7
93 39
93 77
93 74
93 6
93 57
93 89
93 46
93 80
93 51
93 38
93 91
93 12
93 17
93 60
93 86
93 11
93 47
93 48
93 10
93 32
93 5
93 69
93 9
93 23
93 92
93 3
93 66
93 45
93 13
93 35
93 56
93 88
93 2
93 20
93 26
93 50
93 71
93 40
93 84
93 67
93 42
93 81
93 59
93 15
93 85
90 4
90 63
90 72
90 25
90 21
90 96
90 64
90 19
90 93
90 98
90 68
90 30
90 87
90 73
90 29
90 65
90 16
90 82
90 58
90 99
90 49
90 61
90 37
90 24
90 76
90 53
90 95
90 43
90 94
90 75
90 1
90 28
90 44
90 79
90 34
90 31
90 8
90 83
90 55
90 18
90 41
90 33
90 14
90 70
90 78
90 22
90 27
90 0
90 52
90 62
90 97
90 36
90 7
90 39
90 77
90 74
90 6
90 57
90 89
90 46
90 80
90 51
90 38
90 91
90 12
90 17
90 60
90 86
90 11
90 47
90 48
90 10
90 32
90 5
90 69
90 9
90 23
90 92
90 3
90 66
90 45
90 13
90 35
90 56
90 88
90 2
90 20
90 26
90 50
90 71
90 40
90 84
90 67
90 42
90 81
90 59
90 15
90 85
98 54
98 63
98 72
98 25
98 21
98 96
98 64
98 19
98 93
98 90
98 68
98 30
98 87
98 73
98 29
98 65
98 16
98 82
98 58
98 99
98 49
98 61
98 37
98 24
98 76
98 53
98 95
98 43
98 94
98 75
98 1
98 28
98 44
98 79
98 34
98 31
98 8
98 83
98 55
98 18
98 41
98 33
98 14
98 70
98 78
98 22
98 27
98 0
98 52
98 62
98 97
98 36
98 7
98 39
98 77
98 74
98 6
98 57
98 89
98 46
98 80
98 51
98 38
98 91
98 12
98 17
98 60
98 86
98 11
98 47
98 48
98 10
98 32
98 5
98 69
98 9
98 23
98 92
98 3
98 66
98 45
98 13
98 35
98 56
98 88
98 2
98 20
98 26
98 50
98 71
98 40
98 84
98 67
98 42
98 81
98 59
98 15
98 85
68 4
68 54
68 63
68 72
68 25
68 21
68 96
68 19
68 93
68 90
68 98
68 30
68 87
68 73
68 29
68 65
68 16
68 82
68 58
68 99
68 49
68 61
68 37
68 24
68 76
68 53
68 95
68 43
68 94
68 75
68 1
68 28
68 44
68 79
68 34
68 31
68 8
68 83
68 55
68 18
68 41
68 33
68 14
68 70
68 78
68 22
68 27
68 0
68 52
68 62
68 97
68 36
68 7
68 39
68 77
68 74
68 6
68 57
68 89
68 46
68 80
68 51
68 38
68 91
68 12
68 17
68 60
68 86
68 11
68 47
68 48
68 10
68 32
68 5
68 69
68 9
68 23
68 92
68 3
68 66
68 45
68 13
68 35
68 56
68 88
68 2
68 20
68 26
68 50
68 71
68 40
68 84
68 67
68 42
68 81
68 59
68 15
68 85
30 4
30 54
30 63
30 72
30 25
30 21
30 96
30 64
30 19
30 93
30 90
30 98
30 87
30 73
30 29
30 65
30 16
30 82
30 58
30 99
30 49
30 61
30 37
30 24
30 76
30 53
30 95
30 43
30 94
30 75
30 1
30 28
30 44
30 79
30 34
30 31
30 8
30 83
30 55
30 18
30 41
30 33
30 14
30 70
30 78
30 22
30 27
30 0
30 52
30 62
30 97
30 36
30 7
30 39
30 77
30 74
30 6
30 57
30 89
30 46
30 80
30 51
30 38
30 91
30 12
30 17
30 60
30 86
30 11
30 47
30 48
30 10
30 32
30 5
30 69
30 9
30 23
30 92
30 3
30 66
30 45
30 13
30 35
30 56
30 88
30 2
30 20
30 26
30 50
30 71
30 40
30 84
30 67
30 42
30 81
30 59
30 15
30 85
87 4
87 54
87 63
87 72
87 25
87 21
87 96
87 64
87 19
87 93
87 90
87 68
87 30
87 73
87 29
87 65
87 16
87 82
87 58
87 99
87 49
87 61
87 37
87 24
87 76
87 53
87 95
87 43
87 94
87 75
87 1
87 28
87 44
87 79
87 34
87 31
87 8
87 83
87 55
87 18
87 41
87 33
87 14
87 70
87 78
87 22
87 27
87 0
87 52
87 62
87 97
87 36
87 7
87 39
87 77
87 74
87 6
87 57
87 89
87 46
87 80
87 51
87 38
87 91
87 12
87 17
87 60
87 86
87 11
87 47
87 48
87 10
87 32
87 5
87 69
87 9
87 23
87 92
87 3
87 66
87 45
87 13
87 35
87 56
87 88
87 2
87 20
87 26
87 50
87 71
87 40
87 84
87 67
87 42
87 81
87 59
87 15
87 85
73 4
73 54
73 63
73 72
73 21
73 96
73 64
73 19
73 93
73 90
73 98
73 68
73 30
73 87
73 29
73 65
73 16
73 82
73 58
73 99
73 49
73 61
73 37
73 24
73 76
73 53
73 95
73 43
73 94
73 75
73 1
73 28
73 44
73 79
73 34
73 31
73 8
73 83
73 55
73 18
73 41
73 33
73 14
73 70
73 78
73 22
73 27
73 0
73 52
73 62
73 97
73 36
73 7
73 39
73 77
73 74
73 6
73 57
73 89
73 46
73 80
73 51
73 38
73 91
73 12
73 17
73 60
73 86
73 11
73 47
73 48
73 10
73 32
73 5
73 69
73 9
73 23
73 92
73 3
73 66
73 45
73 13
73 35
73 56
73 88
73 2
73 20
73 26
73 50
73 71
73 40
73 84
73 67
73 42
73 81
73 59
73 15
73 85
29 4
29 54
29 63
29 72
29 25
29 21
29 96
29 64
29 19
29 93
29 90
29 98
29 30
29 87
29 73
29 65
29 16
29 82
29 58
29 99
29 49
29 61
29 37
29 24
29 76
29 53
29 95
29 43
29 94
29 75
29 1
29 28
29 44
29 79
29 34
29 31
29 8
29 83
29 55
29 18
29 41
29 33
29 14
29 70
29 78
29 22
29 27
29 0
29 52
29 62
29 97
29 36
29 7
29 39
29 77
29 74
29 6
29 57
29 89
29 46
29 80
29 51
29 38
29 91
29 12
29 17
29 60
29 86
29 11
29 47
29 48
29 10
29 32
29 5
29 69
29 9
29 23
29 92
29 3
29 66
29 45
29 13
29 35
29 56
29 88
29 2
29 20
29 26
29 50
29 71
29 40
29 84
29 67
29 42
29 81
29 59
29 15
29 85
65 4
65 63
65 72
65 25
65 21
65 96
65 64
65 19
65 93
65 90
65 98
65 68
65 30
65 87
65 73
65 29
65 16
65 82
65 58
65 99
65 49
65 61
65 37
65 24
65 76
65 53
65 95
65 43
65 94
65 75
65 1
65 28
65 44
65 79
65 34
65 31
65 8
65 83
65 55
65 18
65 41
65 33
65 14
65 70
65 78
65 22
65 27
65 0
65 52
65 62
65 97
65 36
65 7
65 39
65 77
65 74
65 6
65 57
65 89
65 46
65 80
65 51
65 38
65 91
65 12
65 17
65 60
65 86
65 11
65 47
65 48
65 10
65 32
65 5
65 69
65 9
65 23
65 92
65 3
65 66
65 45
65 13
65 35
65 56
65 88
65 2
65 20
65 26
65 50
65 71
65 40
65 84
65 67
65 42
65 81
65 59
65 15
65 85
16 4
16 54
16 63
16 72
16 25
16 21
16 96
16 19
16 93
16 90
16 98
16 68
16 30
16 87
16 73
16 29
16 65
16 82
16 58
16 99
16 49
16 61
16 37
16 24
16 76
16 53
16 95
16 43
16 94
16 75
16 1
16 28
16 44
16 79
16 34
16 31
16 8
16 83
16 55
16 18
16 41
16 33
16 14
16 70
16 78
16 22
16 27
16 0
16 52
16 62
16 97
16 36
16 7
16 39
16 77
16 74
16 6
16 57
16 89
16 46
16 80
16 51
16 38
16 91
16 12
16 17
16 60
16 86
16 11
16 47
16 48
16 10
16 32
16 5
16 69
16 9
16 23
16 92
16 3
16 66
16 45
16 13
16 35
16 56
16 88
16 2
16 20
16 26
16 50
16 71
16 40
16 84
16 67
16 42
16 81
16 59
16 15
16 85
82 4
82 54
82 63
82 72
82 25
82 21
82 96
82 64
82 19
82 93
82 90
82 98
82 68
82 30
82 87
82 73
82 65
82 16
82 58
82 99
82 49
82 61
82 37
82 24
82 76
82 53
82 95
82 43
82 94
82 75
82 1
82 28
82 44
82 79
82 34
82 31
82 8
82 83
82 55
82 18
82 41
82 33
82 14
82 70
82 78
82 22
82 27
82 0
82 52
82 62
82 97
82 36
82 7
82 39
82 77
82 74
82 6
82 57
82 89
82 46
82 80
82 51
82 38
82 91
82 12
82 17
82 60
82 86
82 11
82 47
82 48
82 10
82 32
82 5
82 69
82 9
82 23
82 92
82 3
82 66
82 45
82 13
82 35
82 56
82 88
82 2
82 20
82 26
82 50
82 71
82 40
82 84
82 67
82 42
82 81
82 59
82 15
82 85
58 4
58 54
58 63
58 72
58 25
58 21
58 96
58 64
58 19
58 93
58 90
58 98
58 68
58 30
58 73
58 29
58 65
58 16
58 82
58 99
58 49
58 61
58 37
58 24
58 76
58 53
58 95
58 43
58 94
58 75
58 1
58 28
58 44
58 79
58 34
58 31
58 8
58 83
58 55
58 18
58 41
58 33
58 14
58 70
58 78
58 22
58 27
58 0
58 52
58 62
58 97
58 36
58 7
58 39
58 77
58 74
58 6
58 57
58 89
58 46
58 80
58 51
58 38
58 91
58 12
58 17
58 60
58 86
58 11
58 47
58 48
58 10
58 32
58 5
58 69
58 9
58 23
58 92
58 3
58 66
58 45
58 13
58 35
58 56
58 88
58 2
58 20
58 26
58 50
58 71
58 40
58 84
58 67
58 42
58 81
58 59
58 15
58 85
99 4
99 54
99 63
99 72
99 25
99 21
99 96
99 64
99 19
99 93
99 90
99 98
99 68
99 30
99 87
99 73
99 29
99 65
99 16
99 82
99 49
99 61
99 37
99 24
99 76
99 53
99 95
99 43
99 94
99 75
99 1
99 28
99 44
99 79
99 34
99 31
99 8
99 83
99 55
99 18
99 41
99 33
99 14
99 70
99 78
99 22
99 27
99 0
99 52
99 62
99 97
99 36
99 7
99 39
99 77
99 74
99 6
99 57
99 89
99 46
99 80
99 51
99 38
99 91
99 12
99 17
99 60
99 86
99 11
99 47
99 48
99 10
99 32
99 5
99 69
99 9
99 23
99 92
99 3
99 66
99 45
99 13
99 35
99 56
99 88
99 2
99 20
99 26
99 50
99 71
99 40
99 84
99 67
99 42
99 81
99 59
99 15
99 85
49 4
49 54
49 63
49 72
49 25
49 21
49 96
49 64
49 19
49 93
49 90
49 98
49 68
49 30
49 87
49 73
49 65
49 16
49 82
49 58
49 99
49 61
49 37
49 24
49 76
49 53
49 95
49 43
49 94
49 75
49 1
49 28
49 44
49 79
49 34
49 31
49 8
49 83
49 55
49 18
49 41
49 33
49 14
49 70
49 78
49 22
49 27
49 0
49 52
49 62
49 97
49 36
49 7
49 39
49 77
49 74
49 6
49 57
49 89
49 46
49 80
49 51
49 38
49 91
49 12
49 17
49 60
49 86
49 11
49 47
49 48
49 10
49 32
49 5
49 69
49 9
49 23
49 92
49 3
49 66
49 45
49 13
49 35
49 56
49 88
49 2
49 20
49 26
49 50
49 71
49 40
49 84
49 67
49 42
49 81
49 59
49 15
49 85
61 4
61 54
61 63
61 72
61 25
61 21
61 64
61 19
61 93
61 90
61 98
61 68
61 30
61 87
61 73
61 29
61 65
61 16
61 82
61 58
61 99
61 49
61 37
61 24
61 76
61 53
61 95
61 43
61 94
61 75
61 1
61 28
61 44
61 79
61 34
61 31
61 8
61 83
61 55
61 18
61 41
61 33
61 14
61 70
61 78
61 22
61 27
61 0
61 52
61 62
61 97
61 36
61 7
61 39
61 77
61 74
61 6
61 57
61 89
61 46
61 80
61 51
61 38
61 91
61 12
61 17
61 60
61 86
61 11
61 47
61 48
61 10
61 32
61 5
61 69
61 9
61 23
61 92
61 3
61 66
61 45
61 13
61 35
61 56
61 88
61 2
61 20
61 26
61 50
61 71
61 40
61 84
61 67
61 42
61 81
61 59
61 15
61 85
37 54
37 63
37 72
37 25
37 21
37 96
37 64
37 19
37 93
37 90
37 98
37 68
37 30
37 87
37 73
37 29
37 65
37 16
37 82
37 58
37 99
37 49
37 61
37 24
37 76
37 53
37 95
37 43
37 94
37 75
37 1
37 28
37 44
37 79
37 34
37 31
37 8
37 83
37 55
37 18
37 41
37 33
37 14
37 70
37 78
37 22
37 27
37 0
37 52
37 62
37 97
37 36
37 7
37 39
37 77
37 74
37 6
37 57
37 89
37 46
37 80
37 51
37 38
37 91
37 12
37 17
37 60
37 86
37 11
37 47
37 48
37 10
37 32
37 5
37 69
37 9
37 23
37 92
37 3
37 66
37 45
37 13
37 35
37 56
37 88
37 2
37 20
37 26
37 50
37 71
37 40
37 84
37 67
37 42
37 81
37 59
37 15
37 85
24 4
24 54
24 63
24 72
24 25
24 21
24 96
24 64
24 19
24 93
24 90
24 98
24 30
24 87
24 73
24 29
24 65
24 16
24 82
24 58
24 99
24 49
24 61
24 37
24 76
24 53
24 95
24 43
24 94
24 75
24 1
24 28
24 44
24 79
24 34
24 31
24 8
24 83
24 55
24 18
24 41
24 33
24 14
24 70
24 78
24 22
24 27
24 0
24 52
24 62
24 97
24 36
24 7
24 39
24 77
24 74
24 6
24 57
24 89
24 46
24 80
24 51
24 38
24 91
24 12
24 17
24 60
24 86
24 11
24 47
24 48
24 10
24 32
24 5
24 69
24 9
24 23
24 92
24 3
24 66
24 45
24 13
24 35
24 56
24 88
24 2
24 20
24 26
24 50
24 71
24 40
24 84
24 67
24 42
24 81
24 59
24 15
24 85
76 4
76 54
76 63
76 72
76 25
76 21
76 96
76 64
76 19
76 93
76 90
76 68
76 30
76 87
76 73
76 29
76 65
76 16
76 82
76 58
76 99
76 49
76 61
76 37
76 24
76 53
76 95
76 43
76 94
76 75
76 1
76 28
76 44
76 79
76 34
76 31
76 8
76 83
76 55
76 18
76 41
76 33
76 14
76 70
76 78
76 22
76 27
76 0
76 52
76 62
76 97
76 36
76 7
76 39
76 77
76 74
76 6
76 57
76 89
76 46
76 80
76 51
76 38
76 91
76 12
76 17
76 60
76 86
76 11
76 47
76 48
76 10
76 32
76 5
76 69
76 9
76 23
76 92
76 3
76 66
76 45
76 13
76 35
76 56
76 88
76 2
76 20
76 26
76 50
76 71
76 40
76 84
76 67
76 42
76 81
76 59
76 15
76 85
53 4
53 54
53 63
53 72
53 25
53 21
53 96
53 64
53 19
53 93
53 98
53 68
53 30
53 87
53 73
53 29
53 65
53 16
53 82
53 58
53 99
53 49
53 61
53 37
53 24
53 76
53 95
53 43
53 94
53 75
53 1
53 28
53 44
53 79
53 34
53 31
53 8
53 83
53 55
53 18
53 41
53 33
53 14
53 70
53 78
53 22
53 27
53 0
53 52
53 62
53 97
53 36
53 7
53 39
53 77
53 74
53 6
53 57
53 89
53 46
53 80
53 51
53 38
53 91
53 12
53 17
53 60
53 86
53 11
53 47
53 48
53 10
53 32
53 5
53 69
53 9
53 23
53 92
53 3
53 66
53 45
53 13
53 35
53 56
53 88
53 2
53 20
53 26
53 50
53 71
53 40
53 84
53 67
53 42
53 81
53 59
53 15
53 85
95 4
95 54
95 63
95 72
95 25
95 21
95 64
95 19
95 93
95 90
95 98
95 68
95 30
95 87
95 73
95 29
95 65
95 16
95 82
95 58
95 99
95 49
95 61
95 37
95 24
95 76
95 53
95 43
95 94
95 75
95 1
95 28
95 44
95 79
95 34
95 31
95 8
95 83
95 55
95 18
95 41
95 33
95 14
95 70
95 78
95 22
95 27
95 0
95 52
95 62
95 97
95 36
95 7
95 39
95 77
95 74
95 6
95 57
95 89
95 46
95 80
95 51
95 38
95 91
95 12
95 17
95 60
95 86
95 11
95 47
95 48
95 10
95 32
95 5
95 69
95 9
95 23
95 92
95 3
95 66
95 45
95 13
95 35
95 56
95 88
95 2
95 20
95 26
95 50
95 71
95 40
95 84
95 67
95 42
95 81
95 59
95 15
95 85
43 4
43 54
43 63
43 72
43 25
43 21
43 96
43 64
43 19
43 90
43 98
43 68
43 30
43 87
43 73
43 29
43 65
43 16
43 82
43 58
43 99
43 49
43 61
43 37
43 24
43 76
43 53
43 95
43 94
43 75
43 1
43 28
43 44
43 79
43 34
43 31
43 8
43 83
43 55
43 18
43 41
43 33
43 14
43 70
43 78
43 22
43 27
43 0
43 52
43 62
43 97
43 36
43 7
43 39
43 77
43 74
43 6
43 57
43 89
43 46
43 80
43 51
43 38
43 91
43 12
43 17
43 60
43 86
43 11
43 47
43 48
43 10
43 32
43 5
43 69
43 9
43 23
43 92
43 3
43 66
43 45
43 13
43 35
43 56
43 88
43 2
43 20
43 26
43 50
43 71
43 40
43 84
43 67
43 42
43 81
43 59
43 15
43 85
94 4
94 54
94 63
94 72
94 25
94 21
94 96
94 64
94 19
94 93
94 90
94 98
94 68
94 30
94 87
94 73
94 29
94 65
94 16
94 82
94 58
94 99
94 61
94 37
94 24
94 76
94 53
94 95
94 43
94 75
94 1
94 28
94 44
94 79
94 34
94 31
94 8
94 83
94 55
94 18
94 41
94 33
94 14
94 70
94 78
94 22
94 27
94 0
94 52
94 62
94 97
94 36
94 7
94 39
94 77
94 74
94 6
94 57
94 89
94 46
94 80
94 51
94 38
94 91
94 12
94 17
94 60
94 86
94 11
94 47
94 48
94 10
94 32
94 5
94 69
94 9
94 23
94 92
94 3
94 66
94 45
94 13
94 35
94 56
94 88
94 2
94 20
94 26
94 50
94 71
94 40
94 84
94 67
94 42
94 81
94 59
94 15
94 85
75 4
75 54
75 72
75 25
75 21
75 96
75 64
75 19
75 93
75 90
75 98
75 68
75 30
75 87
75 73
75 29
75 65
75 16
75 82
75 58
75 99
75 49
75 61
75 37
75 24
75 76
75 53
75 95
75 43
75 94
75 1
75 28
75 44
75 79
75 34
75 31
75 8
75 83
75 55
75 18
75 41
75 33
75 14
75 70
75 78
75 22
75 27
75 0
75 52
75 62
75 97
75 36
75 7
75 39
75 77
75 74
75 6
75 57
75 89
75 46
75 80
75 51
75 38
75 91
75 12
75 17
75 60
75 86
75 11
75 47
75 48
75 10
75 32
75 5
75 69
75 9
75 23
75 92
75 3
75 66
75 45
75 13
75 35
75 56
75 88
75 2
75 20
75 26
75 50
75 71
75 40
75 84
75 67
75 42
75 81
75 59
75 15
75 85
1 4
1 54
1 63
1 72
1 25
1 21
1 96
1 19
1 93
1 90
1 98
1 68
1 30
1 87
1 73
1 29
1 65
1 16
1 82
1 58
1 99
1 49
1 61
1 37
1 24
1 76
1 53
1 95
1 43
1 94
1 75
1 28
1 44
1 79
1 34
1 31
1 8
1 83
1 55
1 18
1 41
1 33
1 14
1 70
1 78
1 22
1 27
1 0
1 52
1 62
1 97
1 36
1 7
1 39
1 77
1 74
1 6
1 57
1 89
1 46
1 80
1 51
1 38
1 91
1 12
1 17
1 60
1 86
1 11
1 47
1 48
1 10
1 32
1 5
1 69
1 9
1 23
1 92
1 3
1 66
1 45
1 13
1 35
1 56
1 88
1 2
1 20
1 26
1 50
1 71
1 40
1 84
1 67
1 42
1 81
1 59
1 15
1 85
28 4
28 54
28 63
28 72
28 25
28 21
28 96
28 64
28 19
28 93
28 90
28 98
28 68
28 30
28 87
28 73
28 29
28 65
28 16
28 82
28 58
28 99
28 49
28 61
28 24
28 76
28 53
28 95
28 43
28 94
28 75
28 1
28 44
28 79
28 34
28 31
28 8
28 83
28 55
28 18
28 41
28 33
28 14
28 70
28 78
28 22
28 27
28 0
28 52
28 62
28 97
28 36
28 7
28 39
28 77
28 74
28 6
28 57
28 89
28 46
28 80
28 51
28 38
28 91
28 12
28 17
28 60
28 86
28 11
28 47
28 48
28 10
28 32
28 5
28 69
28 9
28 23
28 92
28 3
28 66
28 45
28 13
28 35
28 56
28 88
28 2
28 20
28 26
28 50
28 71
28 40
28 84
28 67
28 42
28 81
28 59
28 15
28 85
44 4
44 54
44 63
44 72
44 25
44 21
44 96
44 64
44 19
44 93
44 90
44 98
44 68
44 30
44 87
44 73
44 29
44 65
44 16
44 82
44 58
44 99
44 49
44 61
44 37
44 24
44 76
44 53
44 95
44 43
44 75
44 1
44 28
44 79
44 34
44 31
44 8
44 83
44 55
44 18
44 41
44 33
44 14
44 70
44 78
44 22
44 27
44 0
44 52
44 62
44 97
44 36
44 7
44 39
44 77
44 74
44 6
44 57
44 89
44 46
44 80
44 51
44 38
44 91
44 12
44 17
44 60
44 86
44 11
44 47
44 48
44 10
44 32
44 5
44 69
44 9
44 23
44 92
44 3
44 66
44 45
44 13
44 35
44 56
44 88
44 2
44 20
44 26
44 50
44 71
44 40
44 84
44 67
44 42
44 81
44 59
44 15
44 85
79 4
79 54
79 63
79 72
79 25
79 21
79 96
79 64
79 19
79 93
79 90
79 98
79 68
79 87
79 73
79 29
79 65
79 16
79 82
79 58
79 99
79 49
79 61
79 37
79 24
79 76
79 53
79 95
79 43
79 94
79 75
79 1
79 28
79 44
79 34
79 31
79 8
79 83
79 55
79 18
79 41
79 33
79 14
79 70
79 78
79 22
79 27
79 0
79 52
79 62
79 97
79 36
79 7
79 39
79 77
79 74
79 6
79 57
79 89
79 46
79 80
79 51
79 38
79 91
79 12
79 17
79 60
79 86
79 11
79 47
79 48
79 10
79 32
79 5
79 69
79 9
79 23
79 92
79 3
79 66
79 45
79 13
79 35
79 56
79 88
79 2
79 20
79 26
79 50
79 71
79 40
79 84
79 67
79 42
79 81
79 59
79 15
79 85
34 4
34 54
34 63
34 72
34 25
34 21
34 96
34 64
34 19
34 90
34 98
34 68
34 30
34 87
34 73
34 29
34 65
34 16
34 82
34 58
34 99
34 49
34 61
34 37
34 24
34 76
34 53
34 95
34 43
34 94
34 75
34 1
34 28
34 44
34 79
34 31
34 8
34 83
34 55
34 18
34 41
34 33
34 14
34 70
34 78
34 22
34 27
34 0
34 52
34 62
34 97
34 36
34 7
34 39
34 77
34 74
34 6
34 57
34 89
34 46
34 80
34 51
34 38
34 91
34 12
34 17
34 60
34 86
34 11
34 47
34 48
34 10
34 32
34 5
34 69
34 9
34 23
34 92
34 3
34 66
34 45
34 13
34 35
34 56
34 88
34 2
34 20
34 26
34 50
34 71
34 40
34 84
34 67
34 42
34 81
34 59
34 15
34 85
31 4
31 54
31 63
31 25
31 21
31 96
31 64
31 19
31 93
31 90
31 98
31 68
31 30
31 87
31 73
31 29
31 65
31 16
31 82
31 58
31 99
31 49
31 61
31 37
31 24
31 76
31 53
31 95
31 43
31 94
31 75
31 1
31 28
31 44
31 79
31 34
31 8
31 83
31 55
31 18
31 41
31 33
31 14
31 70
31 78
31 22
31 27
31 0
31 52
31 62
31 97
31 36
31 7
31 39
31 77
31 74
31 6
31 57
31 89
31 46
31 80
31 51
31 38
31 91
31 12
31 17
31 60
31 86
31 11
31 47
31 48
31 10
31 32
31 5
31 69
31 9
31 23
31 92
31 3
31 66
31 45
31 13
31 35
31 56
31 88
31 2
31 20
31 26
31 50
31 71
31 40
31 84
31 67
31 42
31 81
31 59
31 15
31 85
8 4
8 54
8 63
8 72
8 25
8 21
8 96
8 64
8 19
8 93
8 90
8 98
8 68
8 30
8 87
8 73
8 29
8 65
8 16
8 82
8 58
8 99
8 49
8 61
8 37
8 24
8 76
8 53
8 95
8 43
8 94
8 75
8 1
8 44
8 79
8 34
8 31
8 83
8 55
8 18
8 41
8 33
8 14
8 70
8 78
8 22
8 27
8 0
8 52
8 62
8 97
8 36
8 7
8 39
8 77
8 74
8 6
8 57
8 89
8 46
8 80
8 51
8 38
8 91
8 12
8 17
8 60
8 86
8 11
8 47
8 48
8 10
8 32
8 5
8 69
8 9
8 23
8 92
8 3
8 66
8 45
8 13
8 35
8 56
8 88
8 2
8 20
8 26
8 50
8 71
8 40
8 84
8 67
8 42
8 81
8 59
8 15
8 85
83 4
83 54
83 63
83 72
83 25
83 21
83 96
83 64
83 19
83 93
83 90
83 98
83 68
83 30
83 87
83 73
83 29
83 65
83 16
83 82
83 58
83 99
83 49
83 61
83 37
83 24
83 76
83 53
83 95
83 43
83 94
83 75
83 1
83 28
83 44
83 79
83 34
83 8
83 55
83 18
83 41
83 33
83 14
83 70
83 78
83 22
83 27
83 0
83 52
83 62
83 97
83 36
83 7
83 39
83 77
83 74
83 6
83 57
83 89
83 46
83 80
83 51
83 38
83 91
83 12
83 17
83 60
83 86
83 11
83 47
83 48
83 10
83 32
83 5
83 69
83 9
83 23
83 92
83 3
83 66
83 45
83 13
83 35
83 56
83 88
83 2
83 20
83 26
83 50
83 71
83 40
83 84
83 67
83 42
83 81
83 59
83 15
83 85
55 4
55 54
55 63
55 72
55 25
55 21
55 96
55 64
55 19
55 93
55 90
55 98
55 68
55 30
55 87
55 73
55 29
55 65
55 16
55 82
55 58
55 99
55 49
55 61
55 37
55 24
55 76
55 53
55 95
55 43
55 94
55 75
55 28
55 44
55 79
55 34
55 31
55 8
55 83
55 18
55 41
55 33
55 14
55 70
55 78
55 22
55 27
55 0
55 52
55 62
55 97
55 36
55 7
55 39
55 77
55 74
55 6
55 57
55 89
55 46
55 80
55 51
55 38
55 91
55 12
55 17
55 60
55 86
55 11
55 47
55 48
55 10
55 32
55 5
55 69
55 9
55 23
55 92
55 3
55 66
55 45
55 13
55 35
55 56
55 88
55 2
55 20
55 26
55 50
55 71
55 40
55 84
55 67
55 42
55 81
55 59
55 15
55 85
18 4
18 54
18 63
18 72
18 25
18 21
18 96
18 64
18 19
18 93
18 90
18 98
18 68
18 30
18 87
18 73
18 29
18 65
18 16
18 82
18 58
18 49
18 61
18 37
18 24
18 76
18 53
18 95
18 43
18 94
18 75
18 1
18 28
18 44
18 79
18 34
18 31
18 8
18 83
18 55
18 41
18 33
18 14
18 70
18 78
18 22
18 27
18 0
18 52
18 62
18 97
18 36
18 7
18 39
18 77
18 74
18 6
18 57
18 89
18 46
18 80
18 51
18 38
18 91
18 12
18 17
18 60
18 86
18 11
18 47
18 48
18 10
18 32
18 5
18 69
18 9
18 23
18 92
18 3
18 66
18 45
18 13
18 35
18 56
18 88
18 2
18 20
18 26
18 50
18 71
18 40
18 84
18 67
18 42
18 81
18 59
18 15
18 85
41 4
41 54
41 63
41 72
41 25
41 21
41 96
41 64
41 19
41 93
41 90
41 98
41 68
41 30
41 87
41 73
41 29
41 65
41 16
41 58
41 99
41 49
41 61
41 37
41 24
41 76
41 53
41 95
41 43
41 94
41 75
41 1
41 28
41 44
41 79
41 34
41 31
41 8
41 83
41 55
41 18
41 33
41 14
41 70
41 78
41 22
41 27
41 0
41 52
41 62
41 97
41 36
41 7
41 39
41 77
41 74
41 6
41 57
41 89
41 46
41 80
41 51
41 38
41 91
41 12
41 17
41 60
41 86
41 11
41 47
41 48
41 10
41 32
41 5
41 69
41 9
41 23
41 92
41 3
41 66
41 45
41 13
41 35
41 56
41 88
41 2
41 20
41 26
41 50
41 71
41 40
41 84
41 67
41 42
41 81
41 59
41 15
41 85
33 4
33 54
33 63
33 72
33 25
33 21
33 96
33 64
33 19
33 93
33 90
33 98
33 68
33 30
33 87
33 73
33 29
33 65
33 16
33 82
33 58
33 99
33 49
33 61
33 37
33 24
33 76
33 53
33 95
33 43
33 94
33 75
33 1
33 28
33 44
33 79
33 34
33 31
33 8
33 83
33 55
33 18
33 14
33 70
33 78
33 22
33 27
33 0
33 52
33 62
33 97
33 36
33 7
33 39
33 77
33 74
33 6
33 57
33 89
33 46
33 80
33 51
33 38
33 91
33 12
33 17
33 60
33 86
33 11
33 47
33 48
33 10
33 32
33 5
33 69
33 9
33 23
33 92
33 3
33 66
33 45
33 13
33 35
33 56
33 88
33 2
33 20
33 26
33 50
33 71
33 40
33 84
33 67
33 42
33 81
33 59
33 15
33 85
14 4
14 54
14 63
14 72
14 25
14 21
14 64
14 19
14 93
14 90
14 98
14 68
14 30
14 87
14 73
14 29
14 65
14 16
14 82
14 58
14 99
14 49
14 61
14 37
14 24
14 76
14 53
14 95
14 43
14 94
14 75
14 1
14 28
14 44
14 79
14 34
14 31
14 8
14 83
14 55
14 18
14 41
14 33
14 70
14 78
14 22
14 27
14 0
14 52
14 62
14 97
14 36
14 7
14 39
14 77
14 74
14 6
14 57
14 89
14 46
14 80
14 51
14 38
14 91
14 12
14 17
14 60
14 86
14 11
14 47
14 48
14 10
14 32
14 5
14 69
14 9
14 23
14 92
14 3
14 66
14 45
14 13
14 35
14 56
14 88
14 2
14 20
14 26
14 50
14 71
14 40
14 84
14 67
14 42
14 81
14 59
14 15
14 85
70 4
70 54
70 63
70 72
70 25
70 21
70 96
70 64
70 19
70 93
70 90
70 98
70 68
70 30
70 87
70 73
70 29
70 65
70 16
70 82
70 58
70 99
70 49
70 61
70 24
70 76
70 53
70 95
70 43
70 94
70 75
70 1
70 28
70 44
70 79
70 34
70 31
70 8
70 83
70 55
70 18
70 41
70 33
70 14
70 78
70 22
70 27
70 0
70 52
70 62
70 97
70 36
70 7
70 39
70 77
70 74
70 6
70 57
70 89
70 46
70 80
70 51
70 38
70 91
70 12
70 17
70 60
70 86
70 11
70 47
70 48
70 10
70 32
70 5
70 69
70 9
70 23
70 92
70 3
70 66
70 45
70 13
70 35
70 56
70 88
70 2
70 20
70 26
70 50
70 71
70 40
70 84
70 67
70 42
70 81
70 59
70 15
70 85
78 4
78 54
78 63
78 25
78 21
78 96
78 64
78 19
78 93
78 90
78 98
78 68
78 30
78 87
78 73
78 29
78 65
78 16
78 82
78 58
78 99
78 49
78 61
78 37
78 24
78 76
78 53
78 95
78 43
78 94
78 75
78 1
78 28
78 44
78 79
78 34
78 31
78 8
78 83
78 55
78 18
78 41
78 33
78 14
78 70
78 22
78 27
78 0
78 52
78 62
78 97
78 36
78 7
78 39
78 77
78 74
78 6
78 57
78 89
78 46
78 80
78 51
78 38
78 91
78 12
78 17
78 60
78 86
78 11
78 47
78 48
78 10
78 32
78 5
78 69
78 9
78 23
78 92
78 3
78 66
78 45
78 13
78 35
78 56
78 88
78 2
78 20
78 26
78 50
78 71
78 40
78 84
78 67
78 42
78 81
78 59
78 15
78 85
22 4
22 54
22 63
22 72
22 25
22 21
22 96
22 64
22 19
22 93
22 90
22 98
22 68
22 30
22 87
22 73
22 29
22 65
22 16
22 82
22 58
22 99
22 49
22 61
22 37
22 24
22 76
22 53
22 95
22 43
22 94
22 75
22 1
22 28
22 44
22 34
22 31
22 8
22 83
22 55
22 18
22 41
22 33
22 14
22 70
22 78
22 27
22 0
22 52
22 62
22 97
22 36
22 7
22 39
22 77
22 74
22 6
22 57
22 89
22 46
22 80
22 51
22 38
22 91
22 12
22 17
22 60
22 86
22 11
22 47
22 48
22 10
22 32
22 5
22 69
22 9
22 23
22 92
22 3
22 66
22 45
22 13
22 35
22 56
22 88
22 2
22 20
22 26
22 50
22 71
22 40
22 84
22 67
22 42
22 81
22 59
22 15
22 85
27 4
27 54
27 63
27 72
27 25
27 96
27 64
27 19
27 93
27 90
27 98
27 68
27 30
27 87
27 73
27 29
27 65
27 16
27 82
27 58
27 99
27 49
27 61
27 37
27 24
27 76
27 53
27 95
27 43
27 94
27 75
27 1
27 28
27 44
27 79
27 34
27 31
27 8
27 83
27 55
27 18
27 41
27 33
27 14
27 70
27 78
27 22
27 0
27 52
27 62
27 97
27 36
27 7
27 39
27 77
27 74
27 6
27 57
27 89
27 46
27 80
27 51
27 38
27 91
27 12
27 17
27 60
27 86
27 11
27 47
27 48
27 10
27 32
27 5
27 69
27 9
27 23
27 92
27 3
27 66
27 45
27 13
27 35
27 56
27 88
27 2
27 20
27 26
27 50
27 71
27 40
27 84
27 67
27 42
27 81
27 59
27 15
27 85
0 4
0 54
0 63
0 72
0 25
0 21
0 96
0 64
0 19
0 93
0 90
0 98
0 68
0 30
0 73
0 29
0 65
0 16
0 82
0 58
0 99
0 49
0 61
0 37
0 24
0 76
0 53
0 95
0 43
0 94
0 75
0 1
0 28
0 44
0 79
0 34
0 31
0 8
0 83
0 55
0 18
0 41
0 33
0 14
0 70
0 78
0 22
0 27
0 52
0 62
0 97
0 36
0 7
0 39
0 77
0 74
0 6
0 57
0 89
0 46
0 80
0 51
0 38
0 91
0 12
0 17
0 60
0 86
0 11
0 47
0 48
0 10
0 32
0 5
0 69
0 9
0 23
0 92
0 3
0 66
0 45
0 13
0 35
0 56
0 88
0 2
0 20
0 26
0 50
0 71
0 40
0 84
0 67
0 42
0 81
0 59
0 15
0 85
52 4
52 54
52 63
52 72
52 25
52 21
52 96
52 64
52 19
52 93
52 90
52 98
52 68
52 30
52 87
52 73
52 29
52 65
52 16
52 82
52 58
52 99
52 49
52 61
52 37
52 24
52 76
52 53
52 95
52 43
52 94
52 75
52 1
52 28
52 44
52 79
52 34
52 31
52 8
52 83
52 55
52 18
52 41
52 14
52 70
52 78
52 22
52 27
52 0
52 62
52 97
52 36
52 7
52 39
52 77
52 74
52 6
52 57
52 89
52 46
52 80
52 51
52 38
52 91
52 12
52 17
52 60
52 86
52 11
52 47
52 48
52 10
52 32
52 5
52 69
52 9
52 23
52 92
52 3
52 66
52 45
52 13
52 35
52 56
52 88
52 2
52 20
52 26
52 50
52 71
52 40
52 84
52 67
52 42
52 81
52 59
52 15
52 85
62 4
62 54
62 63
62 72
62 25
62 21
62 96
62 64
62 19
62 93
62 90
62 98
62 68
62 30
62 87
62 73
62 29
62 65
62 16
62 82
62 58
62 99
62 49
62 61
62 37
62 24
62 76
62 53
62 95
62 43
62 94
62 75
62 1
62 28
62 44
62 79
62 34
62 31
62 8
62 55
62 18
62 41
62 33
62 14
62 70
62 78
62 22
62 27
62 0
62 52
62 97
62 36
62 7
62 39
62 77
62 74
62 6
62 57
62 89
62 46
62 80
62 51
62 38
62 91
62 12
62 17
62 60
62 86
62 11
62 47
62 48
62 10
62 32
62 5
62 69
62 9
62 23
62 92
62 3
62 66
62 45
62 13
62 35
62 56
62 88
62 2
62 20
62 26
62 50
62 71
62 40
62 84
62 67
62 42
62 81
62 59
62 15
62 85
97 4
97 54
97 63
97 72
97 25
97 21
97 96
97 64
97 19
97 93
97 98
97 68
97 30
97 87
97 73
97 29
97 65
97 16
97 82
97 58
97 99
97 49
97 61
97 37
97 24
97 76
97 53
97 95
97 43
97 94
97 75
97 1
97 28
97 44
97 79
97 34
97 31
97 8
97 83
97 55
97 18
97 41
97 33
97 14
97 70
97 78
97 22
97 27
97 0
97 52
97 62
97 36
97 7
97 39
97 77
97 74
97 6
97 57
97 89
97 46
97 80
97 51
97 38
97 91
97 12
97 17
97 60
97 86
97 11
97 47
97 48
97 10
97 32
97 5
97 69
97 9
97 23
97 92
97 3
97 66
97 45
97 13
97 35
97 56
97 88
97 2
97 20
97 26
97 50
97 71
97 40
97 84
97 67
97 42
97 81
97 59
97 15
97 85
36 4
36 54
36 63
36 72
36 25
36 21
36 96
36 64
36 19
36 93
36 90
36 98
36 68
36 30
36 87
36 73
36 29
36 65
36 16
36 82
36 58
36 99
36 49
36 61
36 37
36 24
36 76
36 53
36 95
36 43
36 94
36 75
36 1
36 28
36 44
36 79
36 34
36 31
36 8
36 83
36 55
36 18
36 41
36 33
36 14
36 70
36 78
36 22
36 27
36 0
36 62
36 97
36 7
36 39
36 77
36 74
36 6
36 57
36 89
36 46
36 80
36 51
36 38
36 91
36 12
36 17
36 60
36 86
36 11
36 47
36 48
36 10
36 32
36 5
36 69
36 9
36 23
36 92
36 3
36 66
36 45
36 13
36 35
36 56
36 88
36 2
36 20
36 26
36 50
36 71
36 40
36 84
36 67
36 42
36 81
36 59
36 15
36 85
7 4
7 54
7 63
7 72
7 25
7 21
7 96
7 64
7 19
7 93
7 90
7 98
7 68
7 30
7 87
7 73
7 65
7 16
7 82
7 58
7 99
7 49
7 61
7 37
7 24
7 76
7 53
7 95
7 43
7 94
7 75
7 1
7 28
7 44
7 79
7 34
7 31
7 8
7 83
7 55
7 18
7 41
7 33
7 14
7 70
7 78
7 22
7 27
7 0
7 52
7 62
7 97
7 36
7 39
7 77
7 74
7 6
7 57
7 89
7 46
7 80
7 51
7 38
7 91
7 12
7 17
7 60
7 86
7 11
7 47
7 48
7 10
7 32
7 5
7 69
7 9
7 23
7 92
7 3
7 66
7 45
7 13
7 35
7 56
7 88
7 2
7 20
7 26
7 50
7 71
7 40
7 84
7 67
7 42
7 81
7 59
7 15
7 85
39 4
39 54
39 63
39 72
39 25
39 21
39 96
39 64
39 19
39 93
39 90
39 98
39 68
39 30
39 87
39 73
39 29
39 65
39 16
39 82
39 58
39 99
39 49
39 61
39 37
39 24
39 76
39 53
39 95
39 43
39 94
39 75
39 1
39 28
39 44
39 79
39 34
39 31
39 8
39 83
39 55
39 18
39 41
39 33
39 14
39 70
39 78
39 22
39 27
39 0
39 52
39 62
39 97
39 7
39 77
39 74
39 6
39 57
39 89
39 46
39 80
39 51
39 38
39 91
39 12
39 17
39 60
39 86
39 11
39 47
39 48
39 10
39 32
39 5
39 69
39 9
39 23
39 92
39 3
39 66
39 45
39 13
39 35
39 56
39 88
39 2
39 20
39 26
39 50
39 71
39 40
39 84
39 67
39 42
39 81
39 59
39 15
39 85
77 4
77 54
77 63
77 72
77 25
77 21
77 96
77 64
77 19
77 93
77 90
77 68
77 30
77 87
77 73
77 29
77 65
77 16
77 82
77 58
77 99
77 49
77 61
77 37
77 24
77 76
77 53
77 95
77 43
77 94
77 75
77 1
77 28
77 44
77 79
77 34
77 31
77 8
77 83
77 55
77 18
77 41
77 33
77 14
77 70
77 78
77 22
77 27
77 0
77 52
77 62
77 97
77 36
77 7
77 39
77 74
77 6
77 57
77 89
77 46
77 80
77 51
77 38
77 91
77 12
77 17
77 60
77 86
77 11
77 47
77 48
77 10
77 32
77 5
77 69
77 9
77 23
77 92
77 3
77 66
77 45
77 13
77 35
77 56
77 88
77 2
77 20
77 26
77 50
77 71
77 40
77 84
77 67
77 42
77 81
77 59
77 15
77 85
74 4
74 54
74 63
74 72
74 25
74 21
74 96
74 64
74 19
74 93
74 90
74 98
74 68
74 30
74 87
74 73
74 29
74 65
74 16
74 82
74 58
74 99
74 49
74 61
74 37
74 24
74 76
74 53
74 95
74 43
74 94
74 75
74 1
74 28
74 44
74 79
74 34
74 31
74 8
74 83
74 55
74 18
74 33
74 14
74 70
74 78
74 22
74 27
74 0
74 52
74 62
74 97
74 36
74 7
74 39
74 77
74 6
74 57
74 89
74 46
74 80
74 51
74 38
74 91
74 12
74 17
74 60
74 86
74 11
74 47
74 48
74 10
74 32
74 5
74 69
74 9
74 23
74 92
74 3
74 66
74 45
74 13
74 35
74 56
74 88
74 2
74 20
74 26
74 50
74 71
74 40
74 84
74 67
74 42
74 81
74 59
74 15
74 85
6 4
6 54
6 63
6 72
6 25
6 21
6 96
6 64
6 19
6 93
6 90
6 98
6 68
6 30
6 87
6 73
6 29
6 65
6 16
6 82
6 58
6 99
6 49
6 61
6 37
6 24
6 76
6 53
6 95
6 43
6 94
6 75
6 1
6 28
6 44
6 79
6 34
6 31
6 8
6 83
6 55
6 18
6 33
6 14
6 70
6 78
6 22
6 27
6 0
6 52
6 62
6 97
6 36
6 7
6 39
6 77
6 74
6 57
6 89
6 46
6 80
6 51
6 38
6 91
6 12
6 17
6 60
6 86
6 11
6 47
6 48
6 10
6 32
6 5
6 69
6 9
6 23
6 92
6 3
6 66
6 45
6 13
6 35
6 56
6 88
6 2
6 20
6 26
6 50
6 71
6 40
6 84
6 67
6 42
6 81
6 59
6 15
6 85
57 4
57 54
57 63
57 72
57 25
57 21
57 96
57 64
57 19
57 93
57 90
57 98
57 68
57 30
57 87
57 73
57 29
57 65
57 16
57 82
57 58
57 99
57 49
57 61
57 37
57 24
57 76
57 53
57 95
57 43
57 94
57 75
57 28
57 44
57 79
57 34
57 31
57 8
57 83
57 55
57 18
57 41
57 33
57 14
57 70
57 78
57 22
57 27
57 0
57 52
57 62
57 97
57 36
57 7
57 39
57 77
57 74
57 6
57 89
57 46
57 80
57 51
57 38
57 91
57 12
57 17
57 60
57 86
57 11
57 47
57 48
57 10
57 32
57 5
57 69
57 9
57 23
57 92
57 3
57 66
57 45
57 13
57 35
57 56
57 88
57 2
57 20
57 26
57 50
57 71
57 40
57 84
57 67
57 42
57 81
57 59
57 15
57 85
89 4
89 54
89 63
89 72
89 21
89 96
89 64
89 19
89 93
89 90
89 98
89 68
89 30
89 87
89 73
89 29
89 65
89 16
89 82
89 58
89 99
89 49
89 61
89 37
89 24
89 76
89 53
89 95
89 43
89 94
89 75
89 1
89 28
89 44
89 79
89 34
89 31
89 8
89 83
89 55
89 18
89 41
89 33
89 14
89 70
89 78
89 22
89 27
89 0
89 52
89 62
89 97
89 36
89 7
89 39
89 77
89 74
89 6
89 57
89 46
89 80
89 51
89 38
89 91
89 12
89 17
89 60
89 86
89 11
89 47
89 48
89 10
89 32
89 5
89 69
89 9
89 23
89 92
89 3
89 66
89 45
89 13
89 35
89 56
89 88
89 2
89 20
89 26
89 50
89 71
89 40
89 84
89 67
89 42
89 81
89 59
89 15
89 85
46 4
46 54
46 63
46 72
46 21
46 96
46 64
46 19
46 93
46 90
46 98
46 68
46 30
46 87
46 73
46 29
46 65
46 16
46 82
46 58
46 99
46 49
46 61
46 37
46 24
46 76
46 53
46 95
46 43
46 94
46 75
46 1
46 28
46 44
46 79
46 34
46 31
46 8
46 83
46 55
46 18
46 41
46 33
46 14
46 70
46 78
46 22
46 27
46 0
46 52
46 62
46 97
46 36
46 7
46 39
46 77
46 74
46 6
46 57
46 89
46 80
46 51
46 38
46 91
46 12
46 17
46 60
46 86
46 11
46 47
46 48
46 10
46 32
46 5
46 69
46 9
46 23
46 92
46 3
46 66
46 45
46 13
46 35
46 56
46 88
46 2
46 20
46 26
46 50
46 71
46 40
46 84
46 67
46 42
46 81
46 59
46 15
46 85
80 4
80 54
80 63
80 72
80 25
80 21
80 96
80 64
80 19
80 93
80 90
80 98
80 68
80 30
80 87
80 73
80 29
80 65
80 16
80 82
80 58
80 99
80 49
80 61
80 37
80 24
80 76
80 53
80 95
80 43
80 94
80 75
80 1
80 28
80 44
80 79
80 34
80 31
80 8
80 83
80 55
80 18
80 41
80 33
80 14
80 70
80 78
80 22
80 27
80 0
80 52
80 62
80 97
80 36
80 7
80 39
80 77
80 74
80 6
80 57
80 46
80 51
80 38
80 91
80 12
80 17
80 60
80 86
80 11
80 47
80 48
80 10
80 32
80 5
80 69
80 9
80 23
80 92
80 3
80 66
80 45
80 13
80 35
80 56
80 88
80 2
80 20
80 26
80 50
80 71
80 40
80 84
80 67
80 42
80 81
80 59
80 15
80 85
51 4
51 54
51 63
51 72
51 25
51 21
51 96
51 64
51 19
51 93
51 90
51 98
51 68
51 30
51 87
51 73
51 29
51 65
51 16
51 82
51 58
51 99
51 49
51 61
51 37
51 76
51 53
51 95
51 43
51 94
51 75
51 1
51 28
51 44
51 79
51 34
51 31
51 8
51 83
51 55
51 18
51 41
51 33
51 14
51 70
51 78
51 22
51 27
51 0
51 52
51 62
51 97
51 36
51 7
51 39
51 77
51 74
51 6
51 57
51 89
51 46
51 80
51 38
51 91
51 12
51 17
51 60
51 86
51 11
51 47
51 48
51 10
51 32
51 5
51 69
51 9
51 23
51 92
51 3
51 66
51 45
51 13
51 35
51 56
51 88
51 2
51 20
51 26
51 50
51 71
51 40
51 84
51 67
51 42
51 81
51 59
51 15
51 85
38 4
38 54
38 63
38 72
38 25
38 21
38 96
38 64
38 93
38 90
38 98
38 68
38 30
38 87
38 73
38 29
38 65
38 16
38 82
38 58
38 99
38 49
38 61
38 37
38 24
38 76
38 53
38 95
38 43
38 94
38 75
38 1
38 28
38 44
38 79
38 34
38 31
38 8
38 83
38 55
38 18
38 41
38 33
38 14
38 70
38 78
38 22
38 27
38 0
38 52
38 62
38 97
38 36
38 7
38 39
38 77
38 74
38 6
38 57
38 89
38 46
38 80
38 51
38 91
38 12
38 17
38 60
38 86
38 11
38 47
38 48
38 10
38 32
38 5
38 69
38 9
38 23
38 92
38 3
38 66
38 45
38 13
38 35
38 56
38 88
38 2
38 20
38 26
38 50
38 71
38 40
38 84
38 67
38 42
38 81
38 59
38 15
38 85
91 4
91 54
91 63
91 72
91 25
91 21
91 96
91 64
91 19
91 93
91 90
91 98
91 30
91 87
91 73
91 29
91 65
91 16
91 82
91 58
91 99
91 49
91 61
91 37
91 24
91 76
91 53
91 95
91 43
91 94
91 75
91 1
91 28
91 44
91 79
91 34
91 31
91 8
91 83
91 55
91 18
91 41
91 33
91 14
91 70
91 78
91 22
91 27
91 0
91 52
91 62
91 97
91 36
91 7
91 39
91 77
91 74
91 6
91 57
91 89
91 46
91 80
91 51
91 38
91 12
91 17
91 60
91 86
91 11
91 47
91 48
91 10
91 32
91 5
91 69
91 9
91 23
91 92
91 3
91 66
91 45
91 13
91 35
91 56
91 88
91 2
91 20
91 26
91 50
91 71
91 40
91 84
91 67
91 42
91 81
91 59
91 15
91 85
12 4
12 54
12 63
12 72
12 25
12 21
12 96
12 64
12 19
12 93
12 90
12 98
12 68
12 30
12 87
12 73
12 29
12 65
12 16
12 82
12 58
12 99
12 49
12 61
12 37
12 24
12 76
12 53
12 95
12 43
12 94
12 75
12 1
12 28
12 44
12 79
12 34
12 31
12 8
12 83
12 55
12 18
12 41
12 33
12 14
12 70
12 78
12 22
12 27
12 0
12 52
12 62
12 97
12 36
12 7
12 39
12 77
12 74
12 6
12 57
12 89
12 80
12 51
12 38
12 91
12 17
12 60
12 86
12 11
12 47
12 48
12 10
12 32
12 5
12 69
12 9
12 23
12 92
12 3
12 66
12 45
12 13
12 35
12 56
12 88
12 2
12 20
12 26
12 50
12 71
12 40
12 84
12 67
12 42
12 81
12 59
12 15
12 85
17 4
17 54
17 63
17 72
17 25
17 21
17 96
17 64
17 19
17 93
17 90
17 98
17 68
17 30
17 87
17 73
17 29
17 65
17 16
17 82
17 99
17 49
17 61
17 37
17 24
17 76
17 53
17 95
17 43
17 94
17 75
17 1
17 28
17 44
17 79
17 34
17 31
17 8
17 83
17 55
17 18
17 41
17 33
17 14
17 70
17 78
17 22
17 27
17 0
17 52
17 62
17 97
17 36
17 7
17 39
17 77
17 74
17 6
17 57
17 89
17 46
17 80
17 51
17 38
17 91
17 12
17 60
17 86
17 11
17 47
17 48
17 10
17 32
17 5
17 69
17 9
17 23
17 92
17 3
17 66
17 45
17 13
17 35
17 56
17 88
17 2
17 20
17 26
17 50
17 71
17 40
17 84
17 67
17 42
17 81
17 59
17 15
17 85
60 54
60 63
60 72
60 25
60 21
60 96
60 64
60 19
60 93
60 90
60 98
60 68
60 30
60 87
60 73
60 29
60 65
60 16
60 82
60 58
60 99
60 49
60 61
60 37
60 24
60 76
60 53
60 95
60 43
60 94
60 75
60 1
60 28
60 44
60 79
60 34
60 31
60 8
60 83
60 55
60 18
60 41
60 33
60 14
60 70
60 78
60 22
60 27
60 0
60 52
60 62
60 97
60 36
60 7
60 39
60 77
60 74
60 6
60 57
60 89
60 46
60 80
60 51
60 38
60 91
60 12
60 17
60 86
60 11
60 47
60 48
60 10
60 32
60 5
60 69
60 9
60 23
60 92
60 3
60 66
60 45
60 13
60 35
60 56
60 88
60 2
60 20
60 26
60 50
60 71
60 40
60 84
60 67
60 42
60 81
60 59
60 15
60 85
86 4
86 54
86 63
86 72
86 25
86 21
86 96
86 64
86 19
86 93
86 90
86 98
86 68
86 30
86 87
86 73
86 29
86 65
86 16
86 82
86 58
86 99
86 61
86 37
86 24
86 76
86 53
86 95
86 43
86 94
86 75
86 1
86 28
86 44
86 79
86 34
86 31
86 8
86 83
86 55
86 18
86 41
86 33
86 14
86 70
86 78
86 22
86 27
86 0
86 52
86 62
86 97
86 36
86 7
86 39
86 77
86 74
86 6
86 57
86 89
86 46
86 80
86 51
86 38
86 91
86 12
86 17
86 60
86 11
86 47
86 48
86 10
86 32
86 5
86 69
86 9
86 23
86 92
86 3
86 66
86 45
86 13
86 35
86 56
86 88
86 2
86 20
86 26
86 50
86 71
86 40
86 84
86 67
86 42
86 81
86 59
86 15
86 85
11 4
11 54
11 63
11 72
11 25
11 21
11 96
11 64
11 19
11 93
11 90
11 98
11 68
11 30
11 87
11 73
11 29
11 65
11 16
11 58
11 99
11 49
11 61
11 37
11 24
11 76
11 53
11 95
11 43
11 94
11 75
11 1
11 28
11 44
11 79
11 34
11 31
11 8
11 83
11 55
11 18
11 41
11 33
11 14
11 70
11 78
11 22
11 27
11 0
11 52
11 62
11 97
11 36
11 7
11 39
11 77
11 74
11 6
11 57
11 89
11 46
11 80
11 51
11 38
11 91
11 12
11 17
11 60
11 86
11 47
11 48
11 10
11 32
11 5
11 69
11 9
11 23
11 92
11 3
11 66
11 45
11 13
11 35
11 56
11 88
11 2
11 20
11 26
11 50
11 71
11 40
11 84
11 67
11 42
11 81
11 59
11 15
11 85
47 4
47 54
47 63
47 72
47 25
47 21
47 96
47 64
47 19
47 93
47 90
47 98
47 68
47 30
47 87
47 29
47 65
47 16
47 82
47 58
47 99
47 49
47 61
47 37
47 24
47 76
47 53
47 95
47 43
47 94
47 75
47 1
47 28
47 44
47 79
47 34
47 31
47 8
47 83
47 55
47 18
47 41
47 33
47 14
47 70
47 78
47 22
47 27
47 0
47 52
47 62
47 97
47 36
47 7
47 39
47 77
47 74
47 6
47 57
47 89
47 46
47 80
47 51
47 38
47 91
47 12
47 17
47 60
47 86
47 11
47 48
47 10
47 32
47 5
47 69
47 9
47 23
47 92
47 3
47 66
47 45
47 13
47 35
47 56
47 88
47 2
47 20
47 26
47 50
47 71
47 40
47 84
47 67
47 42
47 81
47 59
47 15
47 85
48 4
48 54
48 63
48 72
48 25
48 21
48 96
48 64
48 19
48 93
48 90
48 98
48 68
48 30
48 87
48 73
48 29
48 65
48 16
48 82
48 58
48 99
48 49
48 61
48 37
48 24
48 76
48 53
48 95
48 43
48 94
48 75
48 1
48 28
48 44
48 79
48 34
48 31
48 8
48 83
48 55
48 18
48 41
48 33
48 14
48 70
48 78
48 22
48 27
48 0
48 52
48 62
48 97
48 36
48 7
48 39
48 77
48 74
48 6
48 57
48 89
48 46
48 80
48 51
48 38
48 91
48 12
48 17
48 60
48 11
48 47
48 10
48 32
48 5
48 69
48 9
48 23
48 92
48 3
48 66
48 45
48 13
48 35
48 56
48 88
48 2
48 20
48 26
48 50
48 71
48 40
48 84
48 67
48 42
48 81
48 59
48 15
48 85
10 4
10 54
10 63
10 72
10 25
10 21
10 96
10 64
10 19
10 93
10 90
10 98
10 68
10 30
10 87
10 73
10 29
10 65
10 16
10 58
10 99
10 49
10 61
10 37
10 24
10 76
10 53
10 95
10 43
10 94
10 75
10 1
10 28
10 44
10 79
10 34
10 31
10 8
10 83
10 55
10 18
10 41
10 33
10 14
10 70
10 78
10 22
10 27
10 0
10 52
10 62
10 97
10 36
10 7
10 39
10 77
10 74
10 6
10 57
10 89
10 46
10 80
10 51
10 38
10 91
10 12
10 17
10 60
10 86
10 11
10 47
10 48
10 32
10 5
10 69
10 9
10 23
10 92
10 3
10 66
10 45
10 13
10 35
10 56
10 88
10 2
10 20
10 26
10 50
10 71
10 40
10 84
10 67
10 42
10 81
10 59
10 15
10 85
32 4
32 54
32 63
32 72
32 25
32 21
32 96
32 64
32 19
32 93
32 90
32 98
32 68
32 30
32 73
32 29
32 65
32 16
32 82
32 58
32 99
32 49
32 61
32 37
32 24
32 76
32 53
32 95
32 43
32 94
32 75
32 1
32 28
32 44
32 79
32 34
32 31
32 8
32 83
32 55
32 18
32 41
32 33
32 14
32 70
32 78
32 22
32 27
32 0
32 52
32 62
32 97
32 36
32 7
32 39
32 77
32 74
32 6
32 57
32 89
32 46
32 80
32 51
32 38
32 91
32 12
32 17
32 60
32 86
32 11
32 47
32 48
32 10
32 5
32 69
32 9
32 23
32 92
32 3
32 66
32 45
32 13
32 35
32 56
32 88
32 2
32 20
32 26
32 50
32 71
32 40
32 84
32 67
32 42
32 81
32 59
32 15
32 85
5 4
5 63
5 72
5 25
5 21
5 96
5 64
5 19
5 93
5 90
5 98
5 68
5 30
5 87
5 73
5 29
5 65
5 16
5 82
5 58
5 99
5 49
5 61
5 37
5 24
5 76
5 53
5 95
5 43
5 94
5 75
5 1
5 28
5 44
5 79
5 34
5 31
5 8
5 83
5 55
5 18
5 41
5 33
5 14
5 70
5 78
5 22
5 27
5 0
5 52
5 62
5 97
5 36
5 7
5 39
5 77
5 74
5 6
5 57
5 89
5 46
5 80
5 51
5 38
5 91
5 12
5 17
5 60
5 86
5 11
5 47
5 48
5 10
5 32
5 69
5 9
5 23
5 92
5 3
5 66
5 45
5 13
5 35
5 56
5 88
5 2
5 20
5 26
5 50
5 71
5 40
5 84
5 67
5 42
5 81
5 59
5 15
5 85
69 4
69 54
69 63
69 72
69 25
69 21
69 96
69 64
69 19
69 93
69 90
69 98
69 68
69 30
69 87
69 73
69 29
69 65
69 82
69 58
69 99
69 49
69 61
69 37
69 24
69 76
69 53
69 95
69 43
69 94
69 75
69 1
69 28
69 44
69 79
69 34
69 31
69 8
69 83
69 55
69 18
69 41
69 33
69 14
69 70
69 78
69 22
69 27
69 0
69 52
69 62
69 97
69 36
69 7
69 39
69 77
69 74
69 6
69 57
69 89
69 46
69 80
69 51
69 38
69 91
69 12
69 17
69 60
69 86
69 11
69 47
69 48
69 10
69 32
69 5
69 9
69 23
69 92
69 3
69 66
69 45
69 13
69 35
69 56
69 88
69 2
69 20
69 26
69 50
69 71
69 40
69 84
69 67
69 42
69 81
69 59
69 15
69 85
9 4
9 54
9 63
9 72
9 25
9 21
9 96
9 64
9 19
9 93
9 90
9 98
9 68
9 30
9 87
9 73
9 29
9 65
9 16
9 58
9 99
9 49
9 61
9 37
9 24
9 76
9 53
9 95
9 43
9 94
9 75
9 1
9 28
9 44
9 79
9 34
9 31
9 8
9 83
9 55
9 18
9 41
9 33
9 14
9 70
9 78
9 22
9 27
9 0
9 52
9 62
9 97
9 36
9 7
9 39
9 77
9 74
9 6
9 57
9 89
9 46
9 80
9 51
9 38
9 91
9 12
9 17
9 60
9 86
9 11
9 47
9 48
9 10
9 32
9 5
9 69
9 23
9 92
9 3
9 66
9 45
9 13
9 35
9 56
9 88
9 2
9 20
9 26
9 50
9 71
9 40
9 84
9 67
9 42
9 81
9 59
9 15
9 85
23 4
23 54
23 63
23 72
23 25
23 21
23 96
23 64
23 19
23 93
23 90
23 98
23 68
23 30
23 87
23 73
23 29
23 65
23 16
23 82
23 58
23 99
23 49
23 61
23 37
23 24
23 76
23 53
23 95
23 43
23 94
23 75
23 1
23 28
23 44
23 79
23 34
23 31
23 8
23 83
23 55
23 18
23 41
23 33
23 14
23 70
23 78
23 22
23 27
23 0
23 52
23 62
23 97
23 36
23 7
23 39
23 77
23 74
23 6
23 57
23 89
23 46
23 80
23 51
23 38
23 91
23 12
23 17
23 86
23 11
23 47
23 48
23 10
23 32
23 5
23 69
23 9
23 92
23 3
23 66
23 45
23 13
23 35
23 56
23 88
23 2
23 20
23 26
23 50
23 71
23 40
23 84
23 67
23 42
23 81
23 59
23 15
23 85
92 4
92 54
92 63
92 72
92 25
92 21
92 96
92 64
92 19
92 93
92 90
92 98
92 68
92 30
92 87
92 73
92 65
92 16
92 82
92 58
92 99
92 49
92 61
92 37
92 24
92 76
92 53
92 95
92 43
92 94
92 75
92 1
92 28
92 44
92 79
92 34
92 31
92 8
92 83
92 55
92 18
92 41
92 33
92 14
92 70
92 78
92 22
92 27
92 0
92 52
92 62
92 97
92 36
92 7
92 39
92 77
92 74
92 6
92 57
92 89
92 46
92 80
92 51
92 38
92 91
92 12
92 17
92 60
92 86
92 11
92 47
92 48
92 10
92 32
92 5
92 69
92 9
92 23
92 3
92 66
92 45
92 13
92 35
92 56
92 88
92 2
92 20
92 26
92 50
92 71
92 40
92 84
92 67
92 42
92 81
92 59
92 15
92 85
3 4
3 54
3 63
3 72
3 25
3 21
3 96
3 64
3 19
3 93
3 90
3 98
3 68
3 30
3 87
3 73
3 29
3 65
3 16
3 82
3 58
3 99
3 49
3 61
3 37
3 24
3 76
3 53
3 95
3 43
3 75
3 1
3 28
3 44
3 79
3 34
3 31
3 8
3 83
3 55
3 18
3 41
3 33
3 14
3 70
3 78
3 22
3 27
3 0
3 52
3 62
3 97
3 36
3 7
3 39
3 77
3 74
3 6
3 57
3 89
3 46
3 80
3 51
3 38
3 91
3 12
3 17
3 60
3 86
3 11
3 47
3 48
3 10
3 32
3 5
3 69
3 9
3 23
3 92
3 66
3 45
3 13
3 35
3 56
3 88
3 2
3 20
3 26
3 50
3 71
3 40
3 84
3 67
3 42
3 81
3 59
3 15
3 85
66 4
66 54
66 63
66 72
66 25
66 21
66 96
66 64
66 19
66 93
66 90
66 98
66 68
66 30
66 87
66 73
66 29
66 65
66 16
66 82
66 58
66 99
66 49
66 61
66 37
66 24
66 76
66 53
66 95
66 43
66 94
66 75
66 1
66 28
66 44
66 79
66 34
66 31
66 8
66 83
66 55
66 18
66 41
66 33
66 14
66 70
66 78
66 22
66 27
66 0
66 52
66 62
66 97
66 36
66 7
66 39
66 77
66 74
66 6
66 57
66 89
66 46
66 80
66 51
66 38
66 91
66 12
66 17
66 60
66 86
66 11
66 47
66 48
66 10
66 32
66 69
66 9
66 23
66 92
66 3
66 45
66 13
66 35
66 56
66 88
66 2
66 20
66 26
66 50
66 71
66 40
66 84
66 67
66 42
66 81
66 59
66 15
66 85
45 4
45 54
45 63
45 72
45 25
45 21
45 96
45 64
45 19
45 93
45 90
45 98
45 68
45 30
45 87
45 73
45 29
45 65
45 16
45 82
45 58
45 99
45 49
45 61
45 24
45 76
45 53
45 95
45 43
45 94
45 75
45 1
45 28
45 44
45 79
45 34
45 31
45 8
45 83
45 55
45 18
45 41
45 33
45 14
45 70
45 78
45 22
45 27
45 0
45 52
45 62
45 97
45 36
45 7
45 39
45 77
45 74
45 6
45 57
45 89
45 46
45 80
45 51
45 38
45 91
45 12
45 17
45 60
45 86
45 11
45 47
45 48
45 10
45 32
45 5
45 69
45 9
45 23
45 92
45 3
45 66
45 13
45 35
45 56
45 88
45 2
45 20
45 26
45 50
45 71
45 40
45 84
45 67
45 42
45 81
45 59
45 15
45 85
13 4
13 54
13 63
13 72
13 25
13 21
13 96
13 64
13 19
13 93
13 90
13 98
13 68
13 30
13 87
13 73
13 29
13 65
13 16
13 82
13 58
13 99
13 49
13 61
13 37
13 24
13 76
13 53
13 95
13 43
13 94
13 75
13 1
13 28
13 44
13 79
13 34
13 31
13 8
13 83
13 18
13 41
13 33
13 14
13 70
13 78
13 22
13 27
13 0
13 52
13 62
13 97
13 36
13 7
13 39
13 77
13 74
13 6
13 57
13 89
13 46
13 80
13 51
13 38
13 91
13 12
13 17
13 60
13 86
13 11
13 47
13 48
13 10
13 32
13 5
13 69
13 9
13 23
13 92
13 3
13 66
13 45
13 35
13 56
13 88
13 2
13 20
13 26
13 50
13 71
13 40
13 84
13 67
13 42
13 81
13 59
13 15
13 85
35 4
35 54
35 63
35 72
35 25
35 21
35 96
35 64
35 19
35 93
35 90
35 98
35 68
35 30
35 87
35 73
35 29
35 65
35 16
35 82
35 58
35 99
35 49
35 61
35 37
35 24
35 76
35 53
35 95
35 43
35 94
35 75
35 1
35 28
35 44
35 79
35 34
35 31
35 8
35 83
35 55
35 18
35 41
35 33
35 14
35 70
35 78
35 22
35 27
35 0
35 52
35 62
35 97
35 36
35 7
35 39
35 77
35 74
35 6
35 57
35 89
35 46
35 80
35 51
35 38
35 91
35 12
35 17
35 60
35 86
35 11
35 47
35 48
35 10
35 32
35 69
35 9
35 23
35 92
35 3
35 66
35 45
35 13
35 56
35 88
35 2
35 20
35 26
35 50
35 71
35 40
35 84
35 67
35 42
35 81
35 59
35 15
35 85
56 4
56 54
56 63
56 25
56 21
56 96
56 64
56 19
56 93
56 90
56 98
56 68
56 30
56 87
56 73
56 29
56 65
56 16
56 82
56 58
56 99
56 49
56 61
56 37
56 24
56 76
56 53
56 95
56 43
56 94
56 75
56 1
56 28
56 44
56 79
56 34
56 31
56 8
56 83
56 55
56 18
56 41
56 33
56 14
56 70
56 78
56 22
56 27
56 0
56 52
56 62
56 97
56 36
56 7
56 39
56 77
56 74
56 6
56 57
56 89
56 46
56 80
56 51
56 38
56 91
56 12
56 17
56 60
56 86
56 11
56 47
56 48
56 10
56 32
56 5
56 69
56 9
56 23
56 92
56 3
56 66
56 45
56 13
56 35
56 88
56 2
56 20
56 26
56 50
56 71
56 40
56 84
56 67
56 42
56 81
56 59
56 15
56 85
88 4
88 54
88 63
88 72
88 25
88 21
88 96
88 19
88 93
88 90
88 98
88 68
88 30
88 87
88 73
88 29
88 65
88 16
88 82
88 58
88 99
88 49
88 61
88 37
88 24
88 76
88 53
88 95
88 43
88 94
88 75
88 1
88 28
88 44
88 79
88 34
88 31
88 8
88 83
88 55
88 18
88 41
88 33
88 14
88 70
88 78
88 22
88 27
88 0
88 52
88 62
88 97
88 36
88 7
88 39
88 77
88 74
88 6
88 57
88 89
88 46
88 80
88 51
88 38
88 91
88 12
88 17
88 60
88 86
88 11
88 47
88 48
88 10
88 32
88 5
88 69
88 9
88 23
88 92
88 3
88 66
88 45
88 13
88 35
88 56
88 2
88 20
88 26
88 50
88 71
88 40
88 84
88 67
88 42
88 81
88 59
88 15
88 85
2 4
2 54
2 63
2 72
2 25
2 21
2 96
2 64
2 19
2 93
2 90
2 98
2 68
2 30
2 87
2 73
2 29
2 65
2 16
2 82
2 58
2 99
2 49
2 61
2 37
2 24
2 76
2 53
2 95
2 43
2 94
2 75
2 1
2 28
2 44
2 79
2 34
2 31
2 8
2 83
2 55
2 18
2 41
2 33
2 14
2 70
2 78
2 22
2 27
2 0
2 52
2 62
2 97
2 36
2 7
2 39
2 77
2 74
2 6
2 57
2 89
2 46
2 80
2 51
2 38
2 91
2 12
2 17
2 60
2 86
2 11
2 48
2 10
2 32
2 5
2 69
2 9
2 23
2 92
2 3
2 66
2 45
2 13
2 35
2 56
2 88
2 20
2 26
2 50
2 71
2 40
2 84
2 67
2 42
2 81
2 59
2 15
2 85
20 4
20 54
20 63
20 72
20 25
20 21
20 96
20 64
20 19
20 93
20 90
20 98
20 68
20 30
20 87
20 73
20 29
20 65
20 16
20 82
20 58
20 99
20 49
20 61
20 37
20 24
20 76
20 53
20 95
20 43
20 94
20 75
20 1
20 28
20 44
20 79
20 34
20 31
20 8
20 55
20 18
20 41
20 33
20 14
20 70
20 78
20 22
20 27
20 0
20 52
20 62
20 97
20 36
20 7
20 39
20 77
20 74
20 6
20 57
20 89
20 46
20 80
20 51
20 38
20 91
20 12
20 17
20 60
20 86
20 11
20 47
20 48
20 10
20 32
20 5
20 69
20 9
20 23
20 92
20 3
20 66
20 45
20 13
20 35
20 56
20 88
20 2
20 26
20 50
20 71
20 40
20 84
20 67
20 42
20 81
20 59
20 15
20 85
26 4
26 54
26 63
26 72
26 21
26 96
26 64
26 19
26 93
26 90
26 98
26 68
26 30
26 87
26 73
26 29
26 65
26 16
26 82
26 58
26 99
26 49
26 61
26 37
26 24
26 76
26 53
26 95
26 43
26 94
26 75
26 1
26 28
26 44
26 79
26 34
26 31
26 8
26 83
26 55
26 18
26 41
26 33
26 14
26 70
26 78
26 22
26 27
26 0
26 52
26 62
26 97
26 36
26 7
26 39
26 77
26 74
26 6
26 57
26 89
26 46
26 80
26 51
26 38
26 91
26 12
26 17
26 60
26 86
26 11
26 47
26 48
26 10
26 32
26 5
26 69
26 9
26 23
26 92
26 3
26 66
26 45
26 13
26 35
26 56
26 88
26 2
26 20
26 50
26 71
26 40
26 84
26 67
26 42
26 81
26 59
26 15
26 85
50 4
50 54
50 63
50 72
50 25
50 21
50 96
50 64
50 19
50 93
50 90
50 98
50 68
50 30
50 87
50 73
50 29
50 65
50 16
50 82
50 58
50 99
50 49
50 61
50 37
50 24
50 76
50 53
50 95
50 43
50 94
50 75
50 1
50 44
50 79
50 34
50 31
50 8
50 83
50 55
50 18
50 41
50 33
50 14
50 70
50 78
50 22
50 27
50 0
50 52
50 62
50 97
50 36
50 7
50 39
50 77
50 74
50 6
50 57
50 89
50 46
50 80
50 51
50 38
50 91
50 12
50 17
50 60
50 86
50 11
50 47
50 48
50 10
50 32
50 5
50 69
50 9
50 23
50 92
50 3
50 66
50 45
50 13
50 35
50 56
50 88
50 2
50 20
50 26
50 71
50 40
50 84
50 67
50 42
50 81
50 59
50 15
50 85
71 4
71 54
71 63
71 72
71 25
71 21
71 96
71 64
71 19
71 93
71 90
71 98
71 68
71 87
71 73
71 29
71 65
71 16
71 82
71 58
71 99
71 49
71 61
71 37
71 24
71 76
71 53
71 95
71 43
71 94
71 75
71 1
71 28
71 44
71 79
71 34
71 31
71 8
71 83
71 55
71 18
71 41
71 33
71 14
71 70
71 78
71 22
71 27
71 0
71 52
71 62
71 97
71 36
71 7
71 39
71 77
71 74
71 6
71 57
71 89
71 46
71 80
71 51
71 38
71 91
71 12
71 17
71 60
71 86
71 11
71 47
71 48
71 10
71 32
71 5
71 69
71 9
71 23
71 92
71 3
71 66
71 45
71 13
71 35
71 56
71 88
71 2
71 20
71 26
71 50
71 40
71 84
71 67
71 42
71 81
71 59
71 15
71 85
40 4
40 54
40 63
40 72
40 25
40 21
40 96
40 64
40 19
40 93
40 90
40 98
40 68
40 30
40 87
40 73
40 29
40 65
40 16
40 82
40 58
40 99
40 49
40 61
40 37
40 24
40 76
40 53
40 95
40 43
40 94
40 75
40 1
40 28
40 44
40 79
40 34
40 31
40 8
40 83
40 55
40 18
40 41
40 33
40 14
40 70
40 78
40 22
40 27
40 0
40 52
40 62
40 97
40 36
40 7
40 39
40 77
40 74
40 6
40 57
40 89
40 46
40 80
40 51
40 38
40 91
40 12
40 17
40 60
40 86
40 11
40 47
40 48
40 10
40 32
40 5
40 69
40 9
40 23
40 92
40 3
40 66
40 45
40 35
40 56
40 88
40 2
40 20
40 26
40 50
40 71
40 84
40 67
40 42
40 81
40 59
40 15
40 85
84 4
84 54
84 63
84 72
84 25
84 21
84 96
84 64
84 19
84 93
84 90
84 98
84 68
84 30
84 87
84 73
84 29
84 65
84 16
84 82
84 58
84 99
84 49
84 61
84 37
84 24
84 76
84 53
84 95
84 43
84 94
84 75
84 1
84 28
84 44
84 79
84 34
84 31
84 8
84 83
84 55
84 18
84 41
84 33
84 14
84 70
84 78
84 22
84 27
84 0
84 52
84 62
84 97
84 36
84 7
84 39
84 77
84 74
84 6
84 57
84 89
84 46
84 80
84 51
84 38
84 91
84 12
84 17
84 60
84 86
84 11
84 47
84 48
84 10
84 32
84 5
84 69
84 9
84 23
84 92
84 3
84 66
84 45
84 13
84 35
84 56
84 88
84 2
84 20
84 26
84 50
84 71
84 40
84 67
84 42
84 81
84 59
84 15
84 85
67 4
67 54
67 63
67 72
67 25
67 21
67 96
67 64
67 93
67 90
67 98
67 68
67 30
67 87
67 73
67 29
67 65
67 16
67 82
67 58
67 99
67 49
67 61
67 37
67 24
67 76
67 53
67 95
67 43
67 94
67 75
67 1
67 28
67 44
67 79
67 34
67 31
67 8
67 83
67 55
67 18
67 41
67 33
67 14
67 70
67 78
67 22
67 27
67 0
67 52
67 62
67 97
67 36
67 7
67 39
67 77
67 74
67 6
67 57
67 89
67 46
67 80
67 51
67 38
67 91
67 12
67 17
67 60
67 86
67 11
67 47
67 48
67 10
67 32
67 5
67 69
67 9
67 23
67 92
67 3
67 66
67 45
67 13
67 35
67 56
67 88
67 2
67 20
67 26
67 50
67 71
67 40
67 84
67 42
67 81
67 59
67 15
67 85
42 4
42 54
42 63
42 72
42 25
42 21
42 96
42 64
42 19
42 93
42 90
42 68
42 30
42 87
42 73
42 29
42 65
42 16
42 82
42 58
42 99
42 49
42 61
42 37
42 24
42 76
42 53
42 95
42 43
42 94
42 75
42 1
42 28
42 44
42 79
42 34
42 31
42 8
42 83
42 55
42 18
42 41
42 33
42 14
42 70
42 78
42 22
42 27
42 0
42 52
42 62
42 97
42 36
42 7
42 39
42 77
42 74
42 6
42 57
42 89
42 46
42 80
42 51
42 38
42 91
42 12
42 17
42 60
42 86
42 11
42 47
42 48
42 10
42 32
42 5
42 69
42 9
42 23
42 92
42 3
42 66
42 45
42 13
42 35
42 56
42 88
42 2
42 20
42 26
42 50
42 71
42 40
42 84
42 67
42 81
42 59
42 15
42 85
81 4
81 54
81 63
81 72
81 25
81 21
81 96
81 64
81 19
81 93
81 90
81 98
81 68
81 30
81 87
81 73
81 29
81 65
81 16
81 82
81 58
81 99
81 49
81 61
81 37
81 24
81 76
81 53
81 95
81 43
81 94
81 75
81 1
81 28
81 44
81 79
81 34
81 31
81 8
81 83
81 55
81 18
81 41
81 33
81 14
81 70
81 22
81 27
81 0
81 52
81 62
81 97
81 36
81 7
81 39
81 77
81 74
81 6
81 57
81 89
81 46
81 80
81 51
81 38
81 91
81 12
81 17
81 60
81 86
81 11
81 47
81 48
81 10
81 32
81 5
81 69
81 9
81 23
81 92
81 3
81 66
81 45
81 13
81 35
81 56
81 88
81 2
81 20
81 26
81 50
81 71
81 40
81 84
81 67
81 42
81 59
81 15
81 85
59 4
59 54
59 63
59 72
59 25
59 21
59 96
59 64
59 19
59 93
59 90
59 98
59 68
59 30
59 87
59 73
59 29
59 65
59 16
59 82
59 58
59 99
59 49
59 61
59 37
59 24
59 76
59 53
59 95
59 43
59 94
59 75
59 1
59 28
59 44
59 79
59 34
59 31
59 8
59 83
59 55
59 18
59 41
59 33
59 14
59 70
59 78
59 22
59 27
59 0
59 52
59 62
59 97
59 36
59 7
59 39
59 77
59 74
59 6
59 57
59 89
59 46
59 80
59 51
59 38
59 91
59 12
59 17
59 60
59 86
59 11
59 47
59 48
59 10
59 32
59 69
59 9
59 23
59 92
59 3
59 66
59 45
59 13
59 35
59 56
59 88
59 2
59 20
59 26
59 50
59 71
59 40
59 84
59 67
59 42
59 81
59 15
59 85
15 4
15 54
15 63
15 72
15 25
15 21
15 96
15 64
15 19
15 93
15 90
15 98
15 68
15 30
15 87
15 73
15 29
15 65
15 16
15 82
15 58
15 99
15 49
15 61
15 37
15 24
15 76
15 53
15 95
15 43
15 94
15 75
15 1
15 28
15 44
15 79
15 34
15 31
15 8
15 83
15 55
15 18
15 41
15 33
15 14
15 70
15 22
15 27
15 0
15 52
15 62
15 97
15 36
15 7
15 39
15 77
15 74
15 6
15 57
15 89
15 46
15 80
15 51
15 38
15 91
15 12
15 17
15 60
15 86
15 11
15 47
15 48
15 10
15 32
15 5
15 69
15 9
15 23
15 92
15 3
15 66
15 45
15 13
15 35
15 56
15 88
15 2
15 20
15 26
15 50
15 71
15 40
15 84
15 67
15 42
15 81
15 59
15 85
85 4
85 54
85 63
85 72
85 25
85 21
85 96
85 64
85 19
85 93
85 90
85 98
85 68
85 30
85 87
85 73
85 29
85 65
85 16
85 82
85 58
85 99
85 49
85 61
85 37
85 24
85 76
85 53
85 95
85 43
85 94
85 75
85 1
85 28
85 44
85 79
85 34
85 31
85 8
85 83
85 55
85 41
85 33
85 14
85 70
85 78
85 22
85 27
85 0
85 52
85 62
85 97
85 36
85 7
85 39
85 77
85 74
85 6
85 57
85 89
85 46
85 80
85 51
85 38
85 91
85 12
85 17
85 60
85 86
85 11
85 47
85 48
85 10
85 32
85 5
85 69
85 9
85 23
85 92
85 3
85 66
85 45
85 13
85 35
85 56
85 88
85 2
85 20
85 26
85 50
85 71
85 40
85 84
85 67
85 42
85 81
85 59
85 15
