41 94
43 14
55 9
68 37
82 98
23 12
32 12
36 12
39 12
63 12
20 63
27 63
45 63
73 63
95 63
28 95
33 95
37 95
58 95
69 95
3 69
19 69
13 19
29 19
42 19
65 19
72 19
97 19
0 97
48 97
54 97
57 97
81 97
11 81
35 81
47 81
96 81
98 81
1 82
17 98
22 98
30 82
60 98
80 98
94 98
5 41
64 41
78 41
92 94
99 92
9 99
14 99
34 99
53 99
84 99
85 99
86 99
89 99
8 89
62 89
66 89
76 89
77 89
4 77
6 77
44 77
46 77
16 46
49 46
88 6
7 76
25 7
50 53
26 64
59 64
51 5
15 80
18 60
87 60
70 18
71 30
90 30
40 17
52 35
67 35
75 57
91 57
10 75
24 3
31 3
83 3
74 83
38 31
61 37
2 73
93 73
79 45
56 27
21 39
