100 5 9362
68 37
82 98
41 94
43 14
55 9
12 23
12 63
12 45
12 20
12 79
12 39
12 21
12 32
12 73
12 36
12 2
12 27
12 95
12 93
12 69
12 3
12 33
12 28
12 56
12 83
12 74
12 24
12 37
12 58
12 19
12 68
12 31
12 38
12 42
12 97
12 65
12 57
12 29
12 61
12 13
12 72
12 0
12 75
12 81
12 54
12 48
12 91
12 35
12 67
12 52
12 10
12 47
12 98
12 11
12 96
12 82
12 94
12 80
12 30
12 15
12 22
12 1
12 17
12 60
12 90
12 18
12 41
12 92
12 71
12 64
12 5
12 51
12 26
12 40
12 87
12 59
12 70
12 78
12 99
12 14
12 9
12 53
12 84
12 85
12 43
12 50
12 86
12 34
12 55
12 89
12 77
12 6
12 8
12 4
12 44
12 76
12 7
12 62
12 88
12 25
12 66
12 46
12 16
12 49
23 63
23 45
23 20
23 79
23 39
23 21
23 32
23 73
23 36
23 2
23 27
23 95
23 93
23 69
23 3
23 33
23 28
23 56
23 83
23 74
23 24
23 37
23 58
23 19
23 68
23 31
23 38
23 42
23 97
23 65
23 57
23 29
23 61
23 13
23 72
23 0
23 75
23 81
23 54
23 48
23 91
23 35
23 67
23 52
23 10
23 47
23 98
23 11
23 96
23 82
23 94
23 80
23 30
23 15
23 22
23 1
23 17
23 60
23 90
23 18
23 41
23 92
23 71
23 64
23 5
23 51
23 26
23 40
23 87
23 59
23 70
23 78
23 99
23 14
23 9
23 53
23 84
23 85
23 43
23 50
23 86
23 34
23 55
23 89
23 77
23 6
23 8
23 4
23 44
23 76
23 7
23 62
23 88
23 25
23 66
23 46
23 16
23 49
63 45
63 20
63 79
63 39
63 21
63 32
63 73
63 36
63 2
63 27
63 95
63 93
63 69
63 3
63 33
63 28
63 56
63 83
63 74
63 24
63 37
63 58
63 19
63 68
63 31
63 38
63 42
63 97
63 65
63 57
63 29
63 61
63 13
63 72
63 0
63 75
63 81
63 54
63 48
63 91
63 35
63 67
63 52
63 10
63 47
63 98
63 11
63 96
63 82
63 94
63 80
63 30
63 15
63 22
63 1
63 17
63 60
63 90
63 18
63 41
63 92
63 71
63 64
63 5
63 51
63 26
63 40
63 87
63 59
63 70
63 78
63 99
63 14
63 9
63 53
63 84
63 85
63 43
63 50
63 86
63 34
63 55
63 89
63 77
63 6
63 8
63 4
63 44
63 76
63 7
63 62
63 88
63 25
63 66
63 46
63 16
63 49
45 12
45 23
45 20
45 79
45 39
45 21
45 32
45 73
45 36
45 2
45 27
45 95
45 93
45 69
45 3
45 33
45 28
45 56
45 83
45 74
45 24
45 37
45 58
45 19
45 68
45 31
45 38
45 42
45 97
45 65
45 57
45 29
45 61
45 13
45 72
45 0
45 75
45 81
45 54
45 48
45 91
45 35
45 67
45 52
45 10
45 47
45 98
45 11
45 96
45 82
45 94
45 80
45 30
45 15
45 22
45 1
45 17
45 60
45 90
45 18
45 41
45 92
45 71
45 64
45 5
45 51
45 26
45 40
45 87
45 59
45 70
45 78
45 99
45 14
45 9
45 53
45 84
45 85
45 43
45 50
45 86
45 34
45 55
45 89
45 77
45 6
45 8
45 4
45 44
45 76
45 7
45 62
45 88
45 25
45 66
45 46
45 16
45 49
20 12
20 45
20 79
20 39
20 21
20 32
20 73
20 36
20 2
20 27
20 95
20 93
20 69
20 3
20 33
20 28
20 56
20 83
20 74
20 24
20 37
20 58
20 19
20 68
20 31
20 38
20 42
20 97
20 65
20 57
20 29
20 61
20 13
20 72
20 0
20 75
20 81
20 54
20 48
20 91
20 35
20 67
20 52
20 10
20 47
20 98
20 11
20 96
20 82
20 94
20 80
20 30
20 15
20 22
20 1
20 17
20 60
20 90
20 18
20 41
20 92
20 71
20 64
20 5
20 51
20 26
20 40
20 87
20 59
20 70
20 78
20 99
20 14
20 9
20 53
20 84
20 85
20 43
20 50
20 86
20 34
20 55
20 89
20 77
20 6
20 8
20 4
20 44
20 76
20 7
20 62
20 88
20 25
20 66
20 46
20 16
20 49
79 12
79 23
79 63
79 20
79 39
79 21
79 32
79 73
79 36
79 2
79 27
79 95
79 93
79 69
79 3
79 33
79 28
79 56
79 83
79 74
79 24
79 37
79 58
79 19
79 68
79 31
79 38
79 42
79 97
79 65
79 57
79 29
79 61
79 13
79 72
79 0
79 75
79 81
79 54
79 48
79 91
79 35
79 67
79 52
79 10
79 47
79 98
79 11
79 96
79 82
79 94
79 80
79 30
79 15
79 22
79 1
79 17
79 60
79 90
79 18
79 41
79 92
79 71
79 64
79 5
79 51
79 26
79 40
79 87
79 59
79 70
79 78
79 99
79 14
79 9
79 53
79 84
79 85
79 43
79 50
79 86
79 34
79 55
79 89
79 77
79 6
79 8
79 4
79 44
79 76
79 7
79 62
79 88
79 25
79 66
79 46
79 16
79 49
39 23
39 63
39 45
39 79
39 21
39 32
39 73
39 36
39 2
39 27
39 95
39 93
39 69
39 3
39 33
39 28
39 56
39 83
39 74
39 24
39 37
39 58
39 19
39 68
39 31
39 38
39 42
39 97
39 65
39 57
39 29
39 61
39 13
39 72
39 0
39 75
39 81
39 54
39 48
39 91
39 35
39 67
39 52
39 10
39 47
39 98
39 11
39 96
39 82
39 94
39 80
39 30
39 15
39 22
39 1
39 17
39 60
39 90
39 18
39 41
39 92
39 71
39 64
39 5
39 51
39 26
39 40
39 87
39 59
39 70
39 78
39 99
39 14
39 9
39 53
39 84
39 85
39 43
39 50
39 86
39 34
39 55
39 89
39 77
39 6
39 8
39 4
39 44
39 76
39 7
39 62
39 88
39 25
39 66
39 46
39 16
39 49
21 12
21 23
21 63
21 45
21 20
21 79
21 32
21 73
21 36
21 2
21 27
21 95
21 93
21 69
21 3
21 33
21 28
21 56
21 83
21 74
21 24
21 37
21 58
21 19
21 68
21 31
21 38
21 42
21 97
21 65
21 57
21 29
21 61
21 13
21 72
21 0
21 75
21 81
21 54
21 48
21 91
21 35
21 67
21 52
21 10
21 47
21 98
21 11
21 96
21 82
21 94
21 80
21 30
21 15
21 22
21 1
21 17
21 60
21 90
21 18
21 41
21 92
21 71
21 64
21 5
21 51
21 26
21 40
21 87
21 59
21 70
21 78
21 99
21 14
21 9
21 53
21 84
21 85
21 43
21 50
21 86
21 34
21 55
21 89
21 77
21 6
21 8
21 4
21 44
21 76
21 7
21 62
21 88
21 25
21 66
21 46
21 16
21 49
32 23
32 63
32 45
32 79
32 39
32 73
32 36
32 2
32 27
32 95
32 93
32 69
32 3
32 33
32 28
32 56
32 83
32 74
32 24
32 37
32 58
32 19
32 68
32 31
32 38
32 42
32 97
32 65
32 57
32 29
32 61
32 13
32 72
32 0
32 75
32 81
32 54
32 48
32 91
32 35
32 67
32 52
32 10
32 47
32 98
32 11
32 96
32 82
32 94
32 80
32 30
32 15
32 22
32 1
32 17
32 60
32 90
32 18
32 41
32 92
32 71
32 64
32 5
32 51
32 26
32 40
32 87
32 59
32 70
32 78
32 99
32 14
32 9
32 53
32 84
32 85
32 43
32 50
32 86
32 34
32 55
32 89
32 77
32 6
32 8
32 4
32 44
32 76
32 7
32 62
32 88
32 25
32 66
32 46
32 16
32 49
73 12
73 23
73 45
73 79
73 39
73 21
73 36
73 2
73 27
73 95
73 93
73 69
73 3
73 33
73 28
73 56
73 83
73 74
73 24
73 37
73 58
73 19
73 68
73 31
73 38
73 42
73 97
73 65
73 57
73 29
73 61
73 13
73 72
73 0
73 75
73 81
73 54
73 48
73 91
73 35
73 67
73 52
73 10
73 47
73 98
73 11
73 96
73 82
73 94
73 80
73 30
73 15
73 22
73 1
73 17
73 60
73 90
73 18
73 41
73 92
73 71
73 64
73 5
73 51
73 26
73 40
73 87
73 59
73 70
73 78
73 99
73 14
73 9
73 53
73 84
73 85
73 43
73 50
73 86
73 34
73 55
73 89
73 77
73 6
73 8
73 4
73 44
73 76
73 7
73 62
73 88
73 25
73 66
73 46
73 16
73 49
36 2
36 27
36 95
36 93
36 69
36 3
36 33
36 28
36 56
36 83
36 74
36 24
36 37
36 58
36 19
36 68
36 31
36 38
36 42
36 97
36 65
36 57
36 29
36 61
36 13
36 72
36 0
36 75
36 81
36 54
36 48
36 91
36 35
36 67
36 52
36 10
36 47
36 98
36 11
36 96
36 82
36 94
36 80
36 30
36 15
36 22
36 1
36 17
36 60
36 90
36 18
36 41
36 92
36 71
36 64
36 5
36 51
36 26
36 40
36 87
36 59
36 70
36 78
36 99
36 14
36 9
36 53
36 84
36 85
36 43
36 50
36 86
36 34
36 55
36 89
36 77
36 6
36 8
36 4
36 44
36 76
36 7
36 62
36 88
36 25
36 66
36 46
36 16
36 49
2 12
2 23
2 63
2 45
2 20
2 79
2 39
2 27
2 95
2 93
2 69
2 3
2 33
2 28
2 56
2 83
2 74
2 24
2 37
2 58
2 19
2 68
2 31
2 38
2 42
2 97
2 65
2 57
2 29
2 61
2 13
2 72
2 0
2 75
2 81
2 54
2 48
2 91
2 35
2 67
2 52
2 10
2 47
2 98
2 11
2 96
2 82
2 94
2 80
2 30
2 15
2 22
2 1
2 17
2 60
2 90
2 18
2 41
2 92
2 71
2 64
2 5
2 51
2 26
2 40
2 87
2 59
2 70
2 78
2 99
2 14
2 9
2 53
2 84
2 85
2 43
2 50
2 86
2 34
2 55
2 89
2 77
2 6
2 8
2 4
2 44
2 76
2 7
2 62
2 88
2 25
2 66
2 46
2 16
2 49
27 12
27 23
27 45
27 95
27 93
27 69
27 3
27 33
27 28
27 56
27 83
27 74
27 24
27 37
27 58
27 19
27 68
27 31
27 38
27 42
27 97
27 65
27 57
27 29
27 61
27 13
27 72
27 0
27 75
27 81
27 54
27 48
27 91
27 35
27 67
27 52
27 10
27 47
27 98
27 11
27 96
27 82
27 94
27 80
27 30
27 15
27 22
27 1
27 17
27 60
27 90
27 18
27 41
27 92
27 71
27 64
27 5
27 51
27 26
27 40
27 87
27 59
27 70
27 78
27 99
27 14
27 9
27 53
27 84
27 85
27 43
27 50
27 86
27 34
27 55
27 89
27 77
27 6
27 8
27 4
27 44
27 76
27 7
27 62
27 88
27 25
27 66
27 46
27 16
27 49
95 12
95 23
95 45
95 79
95 39
95 21
95 32
95 73
95 36
95 2
95 27
95 93
95 69
95 3
95 33
95 28
95 56
95 83
95 74
95 24
95 37
95 58
95 19
95 68
95 31
95 38
95 42
95 97
95 65
95 57
95 29
95 61
95 13
95 72
95 0
95 75
95 81
95 54
95 48
95 91
95 35
95 67
95 52
95 10
95 47
95 98
95 11
95 96
95 82
95 94
95 80
95 30
95 15
95 22
95 1
95 17
95 60
95 90
95 18
95 41
95 92
95 71
95 64
95 5
95 51
95 26
95 40
95 87
95 59
95 70
95 78
95 99
95 14
95 9
95 53
95 84
95 85
95 43
95 50
95 86
95 34
95 55
95 89
95 77
95 6
95 8
95 4
95 44
95 76
95 7
95 62
95 88
95 25
95 66
95 46
95 16
95 49
93 12
93 23
93 63
93 36
93 95
93 69
93 3
93 33
93 28
93 56
93 83
93 74
93 24
93 37
93 58
93 19
93 68
93 31
93 38
93 42
93 97
93 65
93 57
93 29
93 61
93 13
93 72
93 0
93 75
93 81
93 54
93 48
93 91
93 35
93 67
93 52
93 10
93 47
93 98
93 11
93 96
93 82
93 94
93 80
93 30
93 15
93 22
93 1
93 17
93 60
93 90
93 18
93 41
93 92
93 71
93 64
93 5
93 51
93 26
93 40
93 87
93 59
93 70
93 78
93 99
93 14
93 9
93 53
93 84
93 85
93 43
93 50
93 86
93 34
93 55
93 89
93 77
93 6
93 8
93 4
93 44
93 76
93 7
93 62
93 88
93 25
93 66
93 46
93 16
93 49
69 12
69 23
69 63
69 45
69 3
69 33
69 28
69 56
69 83
69 74
69 24
69 37
69 58
69 19
69 68
69 31
69 38
69 42
69 97
69 65
69 57
69 29
69 61
69 13
69 72
69 0
69 75
69 81
69 54
69 48
69 91
69 35
69 67
69 52
69 10
69 47
69 98
69 11
69 96
69 82
69 94
69 80
69 30
69 15
69 22
69 1
69 17
69 60
69 90
69 18
69 41
69 92
69 71
69 64
69 5
69 51
69 26
69 40
69 87
69 59
69 70
69 78
69 99
69 14
69 9
69 53
69 84
69 85
69 43
69 50
69 86
69 34
69 55
69 89
69 77
69 6
69 8
69 4
69 44
69 76
69 7
69 62
69 88
69 25
69 66
69 46
69 16
69 49
3 12
3 23
3 63
3 45
3 20
3 79
3 39
3 21
3 95
3 93
3 33
3 28
3 56
3 83
3 74
3 24
3 37
3 58
3 19
3 68
3 31
3 38
3 42
3 97
3 65
3 57
3 29
3 61
3 13
3 72
3 0
3 75
3 81
3 54
3 48
3 91
3 35
3 67
3 52
3 10
3 47
3 98
3 11
3 96
3 82
3 94
3 80
3 30
3 15
3 22
3 1
3 17
3 60
3 90
3 18
3 41
3 92
3 71
3 64
3 5
3 51
3 26
3 40
3 87
3 59
3 70
3 78
3 99
3 14
3 9
3 53
3 84
3 85
3 43
3 50
3 86
3 34
3 55
3 89
3 77
3 6
3 8
3 4
3 44
3 76
3 7
3 62
3 88
3 25
3 66
3 46
3 16
3 49
33 12
33 23
33 63
33 45
33 20
33 79
33 69
33 28
33 56
33 83
33 74
33 24
33 37
33 58
33 19
33 68
33 31
33 38
33 42
33 97
33 65
33 57
33 29
33 61
33 13
33 72
33 0
33 75
33 81
33 54
33 48
33 91
33 35
33 67
33 52
33 10
33 47
33 98
33 11
33 96
33 82
33 94
33 80
33 30
33 15
33 22
33 1
33 17
33 60
33 90
33 18
33 41
33 92
33 71
33 64
33 5
33 51
33 26
33 40
33 87
33 59
33 70
33 78
33 99
33 14
33 9
33 53
33 84
33 85
33 43
33 50
33 86
33 34
33 55
33 89
33 77
33 6
33 8
33 4
33 44
33 76
33 7
33 62
33 88
33 25
33 66
33 46
33 16
33 49
28 12
28 23
28 63
28 45
28 20
28 79
28 39
28 32
28 3
28 56
28 83
28 74
28 24
28 37
28 58
28 19
28 68
28 31
28 38
28 42
28 97
28 65
28 57
28 29
28 61
28 13
28 72
28 0
28 75
28 81
28 54
28 48
28 91
28 35
28 67
28 52
28 10
28 47
28 98
28 11
28 96
28 82
28 94
28 80
28 30
28 15
28 22
28 1
28 17
28 60
28 90
28 18
28 41
28 92
28 71
28 64
28 5
28 51
28 26
28 40
28 87
28 59
28 70
28 78
28 99
28 14
28 9
28 53
28 84
28 85
28 43
28 50
28 86
28 34
28 55
28 89
28 77
28 6
28 8
28 4
28 44
28 76
28 7
28 62
28 88
28 25
28 66
28 46
28 16
28 49
56 12
56 23
56 63
56 45
56 20
56 79
56 39
56 21
56 32
56 73
56 36
56 2
56 95
56 93
56 69
56 3
56 33
56 28
56 83
56 74
56 24
56 37
56 58
56 19
56 68
56 31
56 38
56 42
56 97
56 65
56 57
56 29
56 61
56 13
56 72
56 0
56 75
56 81
56 54
56 48
56 91
56 35
56 67
56 52
56 10
56 47
56 98
56 11
56 96
56 82
56 94
56 80
56 30
56 15
56 22
56 1
56 17
56 60
56 90
56 18
56 41
56 92
56 71
56 64
56 5
56 51
56 26
56 40
56 87
56 59
56 70
56 78
56 99
56 14
56 9
56 53
56 84
56 85
56 43
56 50
56 86
56 34
56 55
56 89
56 77
56 6
56 8
56 4
56 44
56 76
56 7
56 62
56 88
56 25
56 66
56 46
56 16
56 49
83 12
83 23
83 63
83 45
83 20
83 79
83 39
83 21
83 32
83 73
83 36
83 2
83 95
83 93
83 69
83 28
83 74
83 24
83 37
83 58
83 19
83 68
83 31
83 38
83 42
83 97
83 65
83 57
83 29
83 61
83 13
83 72
83 0
83 75
83 81
83 54
83 48
83 91
83 35
83 67
83 52
83 10
83 47
83 98
83 11
83 96
83 82
83 94
83 80
83 30
83 15
83 22
83 1
83 17
83 60
83 90
83 18
83 41
83 92
83 71
83 64
83 5
83 51
83 26
83 40
83 87
83 59
83 70
83 78
83 99
83 14
83 9
83 53
83 84
83 85
83 43
83 50
83 86
83 34
83 55
83 89
83 77
83 6
83 8
83 4
83 44
83 76
83 7
83 62
83 88
83 25
83 66
83 46
83 16
83 49
74 12
74 23
74 63
74 45
74 20
74 79
74 39
74 21
74 32
74 73
74 36
74 2
74 27
74 95
74 93
74 69
74 3
74 33
74 28
74 56
74 24
74 37
74 58
74 19
74 68
74 31
74 38
74 42
74 97
74 65
74 57
74 29
74 61
74 13
74 72
74 0
74 75
74 81
74 54
74 48
74 91
74 35
74 67
74 52
74 10
74 47
74 98
74 11
74 96
74 82
74 94
74 80
74 30
74 15
74 22
74 1
74 17
74 60
74 90
74 18
74 41
74 92
74 71
74 64
74 5
74 51
74 26
74 40
74 87
74 59
74 70
74 78
74 99
74 14
74 9
74 53
74 84
74 85
74 43
74 50
74 86
74 34
74 55
74 89
74 77
74 6
74 8
74 4
74 44
74 76
74 7
74 62
74 88
74 25
74 66
74 46
74 16
74 49
24 12
24 23
24 63
24 45
24 20
24 79
24 39
24 21
24 32
24 73
24 36
24 27
24 95
24 93
24 69
24 33
24 74
24 37
24 58
24 19
24 68
24 31
24 38
24 42
24 97
24 65
24 57
24 29
24 61
24 13
24 72
24 0
24 75
24 81
24 54
24 48
24 91
24 35
24 67
24 52
24 10
24 47
24 98
24 11
24 96
24 82
24 94
24 80
24 30
24 15
24 22
24 1
24 17
24 60
24 90
24 18
24 41
24 92
24 71
24 64
24 5
24 51
24 26
24 40
24 87
24 59
24 70
24 78
24 99
24 14
24 9
24 53
24 84
24 85
24 43
24 50
24 86
24 34
24 55
24 89
24 77
24 6
24 8
24 4
24 44
24 76
24 7
24 62
24 88
24 25
24 66
24 46
24 16
24 49
37 12
37 23
37 63
37 45
37 20
37 79
37 39
37 21
37 32
37 73
37 36
37 2
37 69
37 3
37 83
37 58
37 19
37 68
37 31
37 38
37 42
37 97
37 65
37 57
37 29
37 61
37 13
37 72
37 0
37 75
37 81
37 54
37 48
37 91
37 35
37 67
37 52
37 10
37 47
37 98
37 11
37 96
37 82
37 94
37 80
37 30
37 15
37 22
37 1
37 17
37 60
37 90
37 18
37 41
37 92
37 71
37 64
37 5
37 51
37 26
37 40
37 87
37 59
37 70
37 78
37 99
37 14
37 9
37 53
37 84
37 85
37 43
37 50
37 86
37 34
37 55
37 89
37 77
37 6
37 8
37 4
37 44
37 76
37 7
37 62
37 88
37 25
37 66
37 46
37 16
37 49
58 12
58 23
58 63
58 45
58 20
58 79
58 39
58 21
58 32
58 73
58 36
58 2
58 27
58 19
58 68
58 31
58 38
58 42
58 97
58 65
58 57
58 29
58 61
58 13
58 72
58 0
58 75
58 81
58 54
58 48
58 91
58 35
58 67
58 52
58 10
58 47
58 98
58 11
58 96
58 82
58 94
58 80
58 30
58 15
58 22
58 1
58 17
58 60
58 90
58 18
58 41
58 92
58 71
58 64
58 5
58 51
58 26
58 40
58 87
58 59
58 70
58 78
58 99
58 14
58 9
58 53
58 84
58 85
58 43
58 50
58 86
58 34
58 55
58 89
58 77
58 6
58 8
58 4
58 44
58 76
58 7
58 62
58 88
58 25
58 66
58 46
58 16
58 49
19 12
19 23
19 63
19 45
19 20
19 79
19 39
19 21
19 32
19 73
19 36
19 2
19 27
19 95
19 93
19 3
19 33
19 28
19 83
19 24
19 37
19 58
19 68
19 31
19 38
19 42
19 97
19 65
19 57
19 29
19 61
19 13
19 72
19 0
19 75
19 81
19 54
19 48
19 91
19 35
19 67
19 52
19 10
19 47
19 98
19 11
19 96
19 82
19 94
19 80
19 30
19 15
19 22
19 1
19 17
19 60
19 90
19 18
19 41
19 92
19 71
19 64
19 5
19 51
19 26
19 40
19 87
19 59
19 70
19 78
19 99
19 14
19 9
19 53
19 84
19 85
19 43
19 50
19 86
19 34
19 55
19 89
19 77
19 6
19 8
19 4
19 44
19 76
19 7
19 62
19 88
19 25
19 66
19 46
19 16
19 49
68 12
68 23
68 63
68 45
68 20
68 79
68 39
68 21
68 32
68 73
68 36
68 2
68 27
68 95
68 93
68 28
68 24
68 58
68 19
68 31
68 38
68 42
68 97
68 65
68 57
68 29
68 61
68 13
68 72
68 0
68 75
68 81
68 54
68 48
68 91
68 35
68 67
68 52
68 10
68 47
68 98
68 11
68 96
68 82
68 94
68 80
68 30
68 15
68 22
68 1
68 17
68 60
68 90
68 18
68 41
68 92
68 71
68 64
68 5
68 51
68 26
68 40
68 87
68 59
68 70
68 78
68 99
68 14
68 9
68 53
68 84
68 85
68 43
68 50
68 86
68 34
68 55
68 89
68 77
68 6
68 8
68 4
68 44
68 76
68 7
68 62
68 88
68 25
68 66
68 46
68 16
68 49
31 12
31 23
31 63
31 45
31 20
31 79
31 39
31 21
31 32
31 73
31 36
31 2
31 27
31 95
31 93
31 69
31 83
31 37
31 58
31 19
31 68
31 38
31 42
31 97
31 65
31 57
31 29
31 61
31 13
31 72
31 0
31 75
31 81
31 54
31 48
31 91
31 35
31 67
31 52
31 10
31 47
31 98
31 11
31 96
31 82
31 94
31 80
31 30
31 15
31 22
31 1
31 17
31 60
31 90
31 18
31 41
31 92
31 71
31 64
31 5
31 51
31 26
31 40
31 87
31 59
31 70
31 78
31 99
31 14
31 9
31 53
31 84
31 85
31 43
31 50
31 86
31 34
31 55
31 89
31 77
31 6
31 8
31 4
31 44
31 76
31 7
31 62
31 88
31 25
31 66
31 46
31 16
31 49
38 12
38 23
38 63
38 45
38 20
38 79
38 39
38 21
38 32
38 73
38 36
38 2
38 27
38 95
38 93
38 69
38 3
38 33
38 28
38 56
38 83
38 74
38 24
38 37
38 58
38 19
38 68
38 42
38 97
38 65
38 57
38 29
38 61
38 13
38 72
38 0
38 75
38 81
38 54
38 48
38 91
38 35
38 67
38 52
38 10
38 47
38 98
38 11
38 96
38 82
38 94
38 80
38 30
38 15
38 22
38 1
38 17
38 60
38 90
38 18
38 41
38 92
38 71
38 64
38 5
38 51
38 26
38 40
38 87
38 59
38 70
38 78
38 99
38 14
38 9
38 53
38 84
38 85
38 43
38 50
38 86
38 34
38 55
38 89
38 77
38 6
38 8
38 4
38 44
38 76
38 7
38 62
38 88
38 25
38 66
38 46
38 16
38 49
42 12
42 23
42 63
42 45
42 20
42 79
42 39
42 21
42 32
42 73
42 36
42 2
42 27
42 95
42 93
42 69
42 3
42 33
42 56
42 83
42 24
42 58
42 68
42 31
42 97
42 65
42 57
42 29
42 61
42 13
42 72
42 0
42 75
42 81
42 54
42 48
42 91
42 35
42 67
42 52
42 10
42 47
42 98
42 11
42 96
42 82
42 94
42 80
42 30
42 15
42 22
42 1
42 17
42 60
42 90
42 18
42 41
42 92
42 71
42 64
42 5
42 51
42 26
42 40
42 87
42 59
42 70
42 78
42 99
42 14
42 9
42 53
42 84
42 85
42 43
42 50
42 86
42 34
42 55
42 89
42 77
42 6
42 8
42 4
42 44
42 76
42 7
42 62
42 88
42 25
42 66
42 46
42 16
42 49
97 12
97 23
97 63
97 45
97 20
97 79
97 39
97 21
97 32
97 73
97 36
97 2
97 27
97 95
97 93
97 69
97 3
97 33
97 28
97 65
97 57
97 29
97 61
97 13
97 72
97 0
97 75
97 81
97 54
97 48
97 91
97 35
97 67
97 52
97 10
97 47
97 98
97 11
97 96
97 82
97 94
97 80
97 30
97 15
97 22
97 1
97 17
97 60
97 90
97 18
97 41
97 92
97 71
97 64
97 5
97 51
97 26
97 40
97 87
97 59
97 70
97 78
97 99
97 14
97 9
97 53
97 84
97 85
97 43
97 50
97 86
97 34
97 55
97 89
97 77
97 6
97 8
97 4
97 44
97 76
97 7
97 62
97 88
97 25
97 66
97 46
97 16
97 49
65 12
65 23
65 63
65 45
65 20
65 79
65 39
65 21
65 32
65 73
65 36
65 2
65 27
65 95
65 93
65 69
65 3
65 33
65 28
65 56
65 57
65 29
65 61
65 13
65 72
65 0
65 75
65 81
65 54
65 48
65 91
65 35
65 67
65 52
65 10
65 47
65 98
65 11
65 96
65 82
65 94
65 80
65 30
65 15
65 22
65 1
65 17
65 60
65 90
65 18
65 41
65 92
65 71
65 64
65 5
65 51
65 26
65 40
65 87
65 59
65 70
65 78
65 99
65 14
65 9
65 53
65 84
65 85
65 43
65 50
65 86
65 34
65 55
65 89
65 77
65 6
65 8
65 4
65 44
65 76
65 7
65 62
65 88
65 25
65 66
65 46
65 16
65 49
57 12
57 23
57 63
57 45
57 20
57 79
57 39
57 21
57 32
57 73
57 36
57 2
57 27
57 95
57 93
57 69
57 3
57 33
57 28
57 56
57 83
57 74
57 24
57 37
57 19
57 68
57 38
57 29
57 61
57 13
57 72
57 0
57 75
57 81
57 54
57 48
57 91
57 35
57 67
57 52
57 10
57 47
57 98
57 11
57 96
57 82
57 94
57 80
57 30
57 15
57 22
57 1
57 17
57 60
57 90
57 18
57 41
57 92
57 71
57 64
57 5
57 51
57 26
57 40
57 87
57 59
57 70
57 78
57 99
57 14
57 9
57 53
57 84
57 85
57 43
57 50
57 86
57 34
57 55
57 89
57 77
57 6
57 8
57 4
57 44
57 76
57 7
57 62
57 88
57 25
57 66
57 46
57 16
57 49
29 12
29 23
29 63
29 45
29 20
29 79
29 39
29 21
29 32
29 73
29 36
29 2
29 27
29 95
29 93
29 69
29 3
29 33
29 28
29 56
29 83
29 74
29 61
29 13
29 72
29 0
29 75
29 81
29 54
29 48
29 91
29 35
29 67
29 52
29 10
29 47
29 98
29 11
29 96
29 82
29 94
29 80
29 30
29 15
29 22
29 1
29 17
29 60
29 90
29 18
29 41
29 92
29 71
29 64
29 5
29 51
29 26
29 40
29 87
29 59
29 70
29 78
29 99
29 14
29 9
29 53
29 84
29 85
29 43
29 50
29 86
29 34
29 55
29 89
29 77
29 6
29 8
29 4
29 44
29 76
29 7
29 62
29 88
29 25
29 66
29 46
29 16
29 49
61 12
61 23
61 63
61 45
61 20
61 79
61 39
61 21
61 32
61 73
61 36
61 2
61 27
61 95
61 93
61 69
61 3
61 33
61 28
61 56
61 83
61 74
61 24
61 58
61 19
61 68
61 31
61 38
61 42
61 97
61 65
61 57
61 29
61 13
61 72
61 0
61 75
61 81
61 54
61 48
61 91
61 35
61 67
61 52
61 10
61 47
61 98
61 11
61 96
61 82
61 94
61 80
61 30
61 15
61 22
61 1
61 17
61 60
61 90
61 18
61 41
61 92
61 71
61 64
61 5
61 51
61 26
61 40
61 87
61 59
61 70
61 78
61 99
61 14
61 9
61 53
61 84
61 85
61 43
61 50
61 86
61 34
61 55
61 89
61 77
61 6
61 8
61 4
61 44
61 76
61 7
61 62
61 88
61 25
61 66
61 46
61 16
61 49
13 12
13 23
13 63
13 45
13 20
13 79
13 39
13 21
13 32
13 73
13 36
13 2
13 27
13 95
13 93
13 69
13 3
13 33
13 28
13 56
13 83
13 74
13 24
13 37
13 58
13 68
13 38
13 42
13 97
13 65
13 57
13 29
13 61
13 72
13 0
13 75
13 81
13 54
13 48
13 91
13 35
13 67
13 52
13 10
13 47
13 98
13 11
13 96
13 82
13 94
13 80
13 30
13 15
13 22
13 1
13 17
13 60
13 90
13 18
13 41
13 92
13 71
13 64
13 5
13 51
13 26
13 40
13 87
13 59
13 70
13 78
13 99
13 14
13 9
13 53
13 84
13 85
13 43
13 50
13 86
13 34
13 55
13 89
13 77
13 6
13 8
13 4
13 44
13 76
13 7
13 62
13 88
13 25
13 66
13 46
13 16
13 49
72 12
72 23
72 63
72 45
72 20
72 79
72 39
72 21
72 32
72 73
72 36
72 2
72 27
72 95
72 93
72 69
72 3
72 33
72 28
72 56
72 83
72 74
72 24
72 37
72 58
72 0
72 75
72 81
72 54
72 48
72 91
72 35
72 67
72 52
72 10
72 47
72 98
72 11
72 96
72 82
72 94
72 80
72 30
72 15
72 22
72 1
72 17
72 60
72 90
72 18
72 41
72 92
72 71
72 64
72 5
72 51
72 26
72 40
72 87
72 59
72 70
72 78
72 99
72 14
72 9
72 53
72 84
72 85
72 43
72 50
72 86
72 34
72 55
72 89
72 77
72 6
72 8
72 4
72 44
72 76
72 7
72 62
72 88
72 25
72 66
72 46
72 16
72 49
0 12
0 23
0 63
0 45
0 20
0 79
0 39
0 21
0 32
0 73
0 36
0 2
0 27
0 95
0 93
0 69
0 3
0 33
0 28
0 56
0 83
0 74
0 24
0 37
0 58
0 19
0 68
0 31
0 38
0 42
0 65
0 57
0 29
0 61
0 13
0 72
0 75
0 81
0 54
0 48
0 91
0 35
0 67
0 52
0 10
0 47
0 98
0 11
0 96
0 82
0 94
0 80
0 30
0 15
0 22
0 1
0 17
0 60
0 90
0 18
0 41
0 92
0 71
0 64
0 5
0 51
0 26
0 40
0 87
0 59
0 70
0 78
0 99
0 14
0 9
0 53
0 84
0 85
0 43
0 50
0 86
0 34
0 55
0 89
0 77
0 6
0 8
0 4
0 44
0 76
0 7
0 62
0 88
0 25
0 66
0 46
0 16
0 49
75 12
75 23
75 63
75 45
75 20
75 79
75 39
75 21
75 32
75 73
75 36
75 2
75 27
75 95
75 93
75 69
75 3
75 33
75 28
75 56
75 83
75 74
75 24
75 37
75 58
75 19
75 68
75 31
75 38
75 42
75 97
75 29
75 72
75 0
75 81
75 54
75 48
75 91
75 35
75 67
75 52
75 10
75 47
75 98
75 11
75 96
75 82
75 94
75 80
75 30
75 15
75 22
75 1
75 17
75 60
75 90
75 18
75 41
75 92
75 71
75 64
75 5
75 51
75 26
75 40
75 87
75 59
75 70
75 78
75 99
75 14
75 9
75 53
75 84
75 85
75 43
75 50
75 86
75 34
75 55
75 89
75 77
75 6
75 8
75 4
75 44
75 76
75 7
75 62
75 88
75 25
75 66
75 46
75 16
75 49
81 12
81 23
81 63
81 45
81 20
81 79
81 39
81 21
81 32
81 73
81 36
81 2
81 27
81 95
81 93
81 69
81 3
81 33
81 28
81 56
81 83
81 74
81 24
81 37
81 58
81 19
81 68
81 31
81 38
81 65
81 57
81 29
81 13
81 72
81 0
81 75
81 54
81 48
81 91
81 35
81 67
81 52
81 10
81 47
81 98
81 11
81 96
81 82
81 94
81 80
81 30
81 15
81 22
81 1
81 17
81 60
81 90
81 18
81 41
81 92
81 71
81 64
81 5
81 51
81 26
81 40
81 87
81 59
81 70
81 78
81 99
81 14
81 9
81 53
81 84
81 85
81 43
81 50
81 86
81 34
81 55
81 89
81 77
81 6
81 8
81 4
81 44
81 76
81 7
81 62
81 88
81 25
81 66
81 46
81 16
81 49
54 12
54 23
54 63
54 45
54 20
54 79
54 39
54 21
54 32
54 73
54 36
54 2
54 27
54 95
54 93
54 69
54 3
54 33
54 28
54 56
54 83
54 74
54 24
54 37
54 58
54 19
54 68
54 31
54 38
54 48
54 91
54 35
54 67
54 52
54 10
54 47
54 98
54 11
54 96
54 82
54 94
54 80
54 30
54 15
54 22
54 1
54 17
54 60
54 90
54 18
54 41
54 92
54 71
54 64
54 5
54 51
54 26
54 40
54 87
54 59
54 70
54 78
54 99
54 14
54 9
54 53
54 84
54 85
54 43
54 50
54 86
54 34
54 55
54 89
54 77
54 6
54 8
54 4
54 44
54 76
54 7
54 62
54 88
54 25
54 66
54 46
54 16
54 49
48 12
48 23
48 63
48 45
48 20
48 79
48 39
48 21
48 32
48 73
48 36
48 2
48 27
48 95
48 93
48 69
48 3
48 33
48 28
48 56
48 83
48 74
48 24
48 37
48 58
48 19
48 68
48 31
48 38
48 42
48 91
48 35
48 67
48 52
48 10
48 47
48 98
48 11
48 96
48 82
48 94
48 80
48 30
48 15
48 22
48 1
48 17
48 60
48 90
48 18
48 41
48 92
48 71
48 64
48 5
48 51
48 26
48 40
48 87
48 59
48 70
48 78
48 99
48 14
48 9
48 53
48 84
48 85
48 43
48 50
48 86
48 34
48 55
48 89
48 77
48 6
48 8
48 4
48 44
48 76
48 7
48 62
48 88
48 25
48 66
48 46
48 16
48 49
91 12
91 23
91 63
91 45
91 20
91 79
91 39
91 21
91 32
91 73
91 36
91 2
91 27
91 95
91 93
91 69
91 3
91 33
91 28
91 56
91 83
91 74
91 24
91 37
91 58
91 19
91 68
91 31
91 38
91 42
91 97
91 65
91 29
91 61
91 13
91 72
91 0
91 75
91 81
91 48
91 35
91 67
91 52
91 10
91 47
91 98
91 11
91 96
91 82
91 94
91 80
91 30
91 15
91 22
91 1
91 17
91 60
91 90
91 18
91 41
91 92
91 71
91 64
91 5
91 51
91 26
91 40
91 87
91 59
91 70
91 78
91 99
91 14
91 9
91 53
91 84
91 85
91 43
91 50
91 86
91 34
91 55
91 89
91 77
91 6
91 8
91 4
91 44
91 76
91 7
91 62
91 88
91 25
91 66
91 46
91 16
91 49
35 12
35 23
35 63
35 45
35 20
35 79
35 39
35 21
35 32
35 73
35 36
35 2
35 27
35 95
35 93
35 69
35 3
35 33
35 28
35 56
35 83
35 74
35 24
35 37
35 58
35 19
35 68
35 31
35 38
35 42
35 97
35 65
35 29
35 0
35 54
35 91
35 67
35 52
35 10
35 47
35 98
35 11
35 96
35 82
35 94
35 80
35 30
35 15
35 22
35 1
35 17
35 60
35 90
35 18
35 41
35 92
35 71
35 64
35 5
35 51
35 26
35 40
35 87
35 59
35 70
35 78
35 99
35 14
35 9
35 53
35 84
35 85
35 43
35 50
35 86
35 34
35 55
35 89
35 77
35 6
35 8
35 4
35 44
35 76
35 7
35 62
35 88
35 25
35 66
35 46
35 16
35 49
67 12
67 23
67 63
67 45
67 20
67 79
67 39
67 21
67 32
67 73
67 36
67 2
67 27
67 95
67 93
67 69
67 3
67 33
67 28
67 56
67 83
67 74
67 24
67 37
67 58
67 19
67 68
67 31
67 38
67 42
67 97
67 65
67 57
67 29
67 75
67 81
67 54
67 91
67 52
67 10
67 47
67 98
67 11
67 96
67 82
67 94
67 80
67 30
67 15
67 22
67 1
67 17
67 60
67 90
67 18
67 41
67 92
67 71
67 64
67 5
67 51
67 26
67 40
67 87
67 59
67 70
67 78
67 99
67 14
67 9
67 53
67 84
67 85
67 43
67 50
67 86
67 34
67 55
67 89
67 77
67 6
67 8
67 4
67 44
67 76
67 7
67 62
67 88
67 25
67 66
67 46
67 16
67 49
52 12
52 23
52 63
52 45
52 20
52 79
52 39
52 21
52 32
52 73
52 36
52 2
52 27
52 95
52 93
52 69
52 3
52 33
52 28
52 56
52 83
52 74
52 24
52 37
52 58
52 19
52 68
52 31
52 38
52 42
52 97
52 65
52 57
52 29
52 13
52 72
52 0
52 81
52 48
52 91
52 10
52 47
52 98
52 11
52 96
52 82
52 94
52 80
52 30
52 15
52 22
52 1
52 17
52 60
52 90
52 18
52 41
52 92
52 71
52 64
52 5
52 51
52 26
52 40
52 87
52 59
52 70
52 78
52 99
52 14
52 9
52 53
52 84
52 85
52 43
52 50
52 86
52 34
52 55
52 89
52 77
52 6
52 8
52 4
52 44
52 76
52 7
52 62
52 88
52 25
52 66
52 46
52 16
52 49
10 12
10 23
10 63
10 45
10 20
10 79
10 39
10 21
10 32
10 73
10 36
10 2
10 27
10 95
10 93
10 69
10 3
10 33
10 28
10 56
10 83
10 74
10 24
10 37
10 58
10 19
10 68
10 31
10 38
10 42
10 97
10 65
10 57
10 29
10 61
10 13
10 72
10 0
10 81
10 54
10 48
10 91
10 35
10 67
10 52
10 47
10 98
10 11
10 96
10 82
10 94
10 80
10 30
10 15
10 22
10 1
10 17
10 60
10 90
10 18
10 41
10 92
10 71
10 64
10 5
10 51
10 26
10 40
10 87
10 59
10 70
10 78
10 99
10 14
10 9
10 53
10 84
10 85
10 43
10 50
10 86
10 34
10 55
10 89
10 77
10 6
10 8
10 4
10 44
10 76
10 7
10 62
10 88
10 25
10 66
10 46
10 16
10 49
47 12
47 23
47 63
47 45
47 20
47 79
47 39
47 21
47 32
47 73
47 36
47 2
47 27
47 95
47 93
47 69
47 3
47 33
47 28
47 56
47 83
47 74
47 24
47 37
47 58
47 19
47 68
47 31
47 38
47 42
47 97
47 65
47 57
47 29
47 61
47 13
47 72
47 75
47 91
47 35
47 98
47 11
47 96
47 82
47 94
47 80
47 30
47 15
47 22
47 1
47 17
47 60
47 90
47 18
47 41
47 92
47 71
47 64
47 5
47 51
47 26
47 40
47 87
47 59
47 70
47 78
47 99
47 14
47 9
47 53
47 84
47 85
47 43
47 50
47 86
47 34
47 55
47 89
47 77
47 6
47 8
47 4
47 44
47 76
47 7
47 62
47 88
47 25
47 66
47 46
47 16
47 49
98 12
98 23
98 63
98 45
98 20
98 79
98 39
98 21
98 32
98 73
98 36
98 2
98 27
98 95
98 93
98 69
98 3
98 33
98 28
98 56
98 83
98 74
98 24
98 37
98 58
98 19
98 68
98 31
98 38
98 42
98 97
98 65
98 57
98 29
98 61
98 13
98 72
98 0
98 75
98 54
98 48
98 91
98 35
98 67
98 52
98 10
98 47
98 11
98 96
98 82
98 94
98 80
98 30
98 15
98 22
98 1
98 17
98 60
98 90
98 18
98 41
98 92
98 71
98 64
98 5
98 51
98 26
98 40
98 87
98 59
98 70
98 78
98 99
98 14
98 9
98 53
98 84
98 85
98 43
98 50
98 86
98 34
98 55
98 89
98 77
98 6
98 8
98 4
98 44
98 76
98 7
98 62
98 88
98 25
98 66
98 46
98 16
98 49
11 12
11 23
11 63
11 45
11 20
11 79
11 39
11 21
11 32
11 73
11 36
11 2
11 27
11 95
11 93
11 69
11 3
11 33
11 28
11 56
11 83
11 74
11 24
11 37
11 58
11 19
11 68
11 31
11 38
11 42
11 97
11 65
11 57
11 29
11 61
11 13
11 72
11 0
11 75
11 48
11 52
11 10
11 47
11 96
11 82
11 94
11 80
11 30
11 15
11 22
11 1
11 17
11 60
11 90
11 18
11 41
11 92
11 71
11 64
11 5
11 51
11 26
11 40
11 87
11 59
11 70
11 78
11 99
11 14
11 9
11 53
11 84
11 85
11 43
11 50
11 86
11 34
11 55
11 89
11 77
11 6
11 8
11 4
11 44
11 76
11 7
11 62
11 88
11 25
11 66
11 46
11 16
11 49
96 12
96 23
96 63
96 45
96 20
96 79
96 39
96 21
96 32
96 73
96 36
96 2
96 27
96 95
96 93
96 69
96 3
96 33
96 28
96 56
96 83
96 74
96 24
96 37
96 58
96 19
96 68
96 31
96 38
96 42
96 97
96 65
96 57
96 29
96 61
96 13
96 72
96 0
96 75
96 35
96 82
96 94
96 80
96 30
96 15
96 22
96 1
96 17
96 60
96 90
96 18
96 41
96 92
96 71
96 64
96 5
96 51
96 26
96 40
96 87
96 59
96 70
96 78
96 99
96 14
96 9
96 53
96 84
96 85
96 43
96 50
96 86
96 34
96 55
96 89
96 77
96 6
96 8
96 4
96 44
96 76
96 7
96 62
96 88
96 25
96 66
96 46
96 16
96 49
82 12
82 23
82 63
82 45
82 20
82 79
82 39
82 21
82 32
82 73
82 36
82 2
82 27
82 95
82 93
82 69
82 3
82 33
82 28
82 56
82 83
82 74
82 24
82 37
82 58
82 19
82 68
82 31
82 38
82 42
82 97
82 65
82 57
82 29
82 61
82 13
82 72
82 0
82 75
82 81
82 91
82 10
82 11
82 94
82 80
82 30
82 15
82 22
82 1
82 17
82 60
82 90
82 18
82 41
82 92
82 71
82 64
82 5
82 51
82 26
82 40
82 87
82 59
82 70
82 78
82 99
82 14
82 9
82 53
82 84
82 85
82 43
82 50
82 86
82 34
82 55
82 89
82 77
82 6
82 8
82 4
82 44
82 76
82 7
82 62
82 88
82 25
82 66
82 46
82 16
82 49
94 12
94 23
94 63
94 45
94 20
94 79
94 39
94 21
94 32
94 73
94 36
94 2
94 27
94 95
94 93
94 69
94 3
94 33
94 28
94 56
94 83
94 74
94 24
94 37
94 58
94 19
94 68
94 31
94 38
94 42
94 97
94 65
94 57
94 29
94 61
94 13
94 72
94 0
94 75
94 81
94 54
94 48
94 91
94 67
94 52
94 10
94 47
94 11
94 96
94 82
94 80
94 30
94 15
94 22
94 1
94 17
94 60
94 90
94 18
94 41
94 92
94 71
94 64
94 5
94 51
94 26
94 40
94 87
94 59
94 70
94 78
94 99
94 14
94 9
94 53
94 84
94 85
94 43
94 50
94 86
94 34
94 55
94 89
94 77
94 6
94 8
94 4
94 44
94 76
94 7
94 62
94 88
94 25
94 66
94 46
94 16
94 49
80 12
80 23
80 63
80 45
80 20
80 79
80 39
80 21
80 32
80 73
80 36
80 2
80 27
80 95
80 93
80 69
80 3
80 33
80 28
80 56
80 83
80 74
80 24
80 37
80 58
80 19
80 68
80 31
80 38
80 42
80 97
80 65
80 57
80 29
80 61
80 13
80 72
80 0
80 75
80 81
80 54
80 48
80 91
80 35
80 67
80 96
80 94
80 30
80 15
80 22
80 1
80 17
80 60
80 90
80 18
80 41
80 92
80 71
80 64
80 5
80 51
80 26
80 40
80 87
80 59
80 70
80 78
80 99
80 14
80 9
80 53
80 84
80 85
80 43
80 50
80 86
80 34
80 55
80 89
80 77
80 6
80 8
80 4
80 44
80 76
80 7
80 62
80 88
80 25
80 66
80 46
80 16
80 49
30 12
30 23
30 63
30 45
30 20
30 79
30 39
30 21
30 32
30 73
30 36
30 2
30 27
30 95
30 93
30 69
30 3
30 33
30 28
30 56
30 83
30 74
30 24
30 37
30 58
30 19
30 68
30 31
30 38
30 42
30 97
30 65
30 57
30 29
30 61
30 13
30 72
30 0
30 75
30 81
30 54
30 48
30 91
30 35
30 67
30 98
30 96
30 94
30 80
30 15
30 22
30 1
30 17
30 60
30 90
30 18
30 41
30 92
30 71
30 64
30 5
30 51
30 26
30 40
30 87
30 59
30 70
30 78
30 99
30 14
30 9
30 53
30 84
30 85
30 43
30 50
30 86
30 34
30 55
30 89
30 77
30 6
30 8
30 4
30 44
30 76
30 7
30 62
30 88
30 25
30 66
30 46
30 16
30 49
15 12
15 23
15 63
15 45
15 20
15 79
15 39
15 21
15 32
15 73
15 36
15 2
15 27
15 95
15 93
15 69
15 3
15 33
15 28
15 56
15 83
15 74
15 24
15 37
15 58
15 19
15 68
15 31
15 38
15 42
15 97
15 65
15 57
15 29
15 61
15 13
15 72
15 0
15 75
15 81
15 54
15 48
15 91
15 35
15 67
15 52
15 47
15 98
15 11
15 96
15 82
15 94
15 22
15 1
15 17
15 60
15 90
15 18
15 41
15 92
15 71
15 64
15 5
15 51
15 26
15 40
15 87
15 59
15 70
15 78
15 99
15 14
15 9
15 53
15 84
15 85
15 43
15 50
15 86
15 34
15 55
15 89
15 77
15 6
15 8
15 4
15 44
15 76
15 7
15 62
15 88
15 25
15 66
15 46
15 16
15 49
22 12
22 23
22 63
22 45
22 20
22 79
22 39
22 21
22 32
22 73
22 36
22 2
22 27
22 95
22 93
22 69
22 3
22 33
22 28
22 56
22 83
22 74
22 24
22 37
22 58
22 19
22 68
22 31
22 38
22 42
22 97
22 65
22 57
22 29
22 61
22 13
22 72
22 0
22 75
22 81
22 54
22 48
22 91
22 35
22 67
22 96
22 1
22 17
22 60
22 90
22 18
22 41
22 92
22 71
22 64
22 5
22 51
22 26
22 40
22 87
22 59
22 70
22 78
22 99
22 14
22 9
22 53
22 84
22 85
22 43
22 50
22 86
22 34
22 55
22 89
22 77
22 6
22 8
22 4
22 44
22 76
22 7
22 62
22 88
22 25
22 66
22 46
22 16
22 49
1 12
1 23
1 63
1 45
1 20
1 79
1 39
1 21
1 32
1 73
1 36
1 2
1 27
1 95
1 93
1 69
1 3
1 33
1 28
1 56
1 83
1 74
1 24
1 37
1 58
1 19
1 68
1 31
1 38
1 42
1 97
1 65
1 57
1 29
1 61
1 13
1 72
1 0
1 75
1 81
1 54
1 48
1 91
1 35
1 67
1 52
1 10
1 47
1 98
1 11
1 96
1 94
1 80
1 30
1 15
1 22
1 17
1 60
1 90
1 18
1 41
1 92
1 71
1 64
1 5
1 51
1 26
1 40
1 87
1 59
1 70
1 78
1 99
1 14
1 9
1 53
1 84
1 85
1 43
1 50
1 86
1 34
1 55
1 89
1 77
1 6
1 8
1 4
1 44
1 76
1 7
1 62
1 88
1 25
1 66
1 46
1 16
1 49
17 12
17 23
17 63
17 45
17 20
17 79
17 39
17 21
17 32
17 73
17 36
17 2
17 27
17 95
17 93
17 69
17 3
17 33
17 28
17 56
17 83
17 74
17 24
17 37
17 58
17 19
17 68
17 31
17 38
17 42
17 97
17 65
17 57
17 29
17 61
17 13
17 72
17 0
17 75
17 81
17 54
17 48
17 91
17 35
17 67
17 52
17 10
17 11
17 94
17 80
17 30
17 15
17 22
17 1
17 60
17 90
17 18
17 41
17 92
17 71
17 64
17 5
17 51
17 26
17 40
17 87
17 59
17 70
17 78
17 99
17 14
17 9
17 53
17 84
17 85
17 43
17 50
17 86
17 34
17 55
17 89
17 77
17 6
17 8
17 4
17 44
17 76
17 7
17 62
17 88
17 25
17 66
17 46
17 16
17 49
60 12
60 23
60 63
60 45
60 20
60 79
60 39
60 21
60 32
60 73
60 36
60 2
60 27
60 95
60 93
60 69
60 3
60 33
60 28
60 56
60 83
60 74
60 24
60 37
60 58
60 19
60 68
60 31
60 38
60 42
60 97
60 65
60 57
60 29
60 61
60 13
60 72
60 0
60 75
60 81
60 54
60 48
60 91
60 35
60 67
60 52
60 10
60 47
60 96
60 82
60 80
60 30
60 15
60 1
60 17
60 90
60 18
60 41
60 92
60 71
60 64
60 5
60 51
60 26
60 40
60 87
60 59
60 70
60 78
60 99
60 14
60 9
60 53
60 84
60 85
60 43
60 50
60 86
60 34
60 55
60 89
60 77
60 6
60 8
60 4
60 44
60 76
60 7
60 62
60 88
60 25
60 66
60 46
60 16
60 49
90 12
90 23
90 63
90 45
90 20
90 79
90 39
90 21
90 32
90 73
90 36
90 2
90 27
90 95
90 93
90 69
90 3
90 33
90 28
90 56
90 83
90 74
90 24
90 37
90 58
90 19
90 68
90 31
90 38
90 42
90 97
90 65
90 57
90 29
90 61
90 13
90 72
90 0
90 75
90 81
90 54
90 48
90 91
90 35
90 67
90 52
90 10
90 47
90 98
90 11
90 96
90 82
90 94
90 80
90 15
90 22
90 1
90 17
90 60
90 18
90 41
90 92
90 71
90 64
90 5
90 51
90 26
90 40
90 87
90 59
90 70
90 78
90 99
90 14
90 9
90 53
90 84
90 85
90 43
90 50
90 86
90 34
90 55
90 89
90 77
90 6
90 8
90 4
90 44
90 76
90 7
90 62
90 88
90 25
90 66
90 46
90 16
90 49
18 12
18 23
18 63
18 45
18 20
18 79
18 39
18 21
18 32
18 73
18 36
18 2
18 27
18 95
18 93
18 69
18 3
18 33
18 28
18 56
18 83
18 74
18 24
18 37
18 58
18 19
18 68
18 31
18 38
18 42
18 97
18 65
18 57
18 29
18 61
18 13
18 72
18 0
18 75
18 81
18 54
18 48
18 91
18 35
18 67
18 52
18 10
18 47
18 98
18 11
18 82
18 94
18 80
18 15
18 22
18 17
18 41
18 92
18 71
18 64
18 5
18 51
18 26
18 40
18 87
18 59
18 70
18 78
18 99
18 14
18 9
18 53
18 84
18 85
18 43
18 50
18 86
18 34
18 55
18 89
18 77
18 6
18 8
18 4
18 44
18 76
18 7
18 62
18 88
18 25
18 66
18 46
18 16
18 49
41 12
41 23
41 63
41 45
41 20
41 79
41 39
41 21
41 32
41 73
41 36
41 2
41 27
41 95
41 93
41 69
41 3
41 33
41 28
41 56
41 83
41 74
41 24
41 37
41 58
41 19
41 68
41 31
41 38
41 42
41 97
41 65
41 57
41 29
41 61
41 13
41 72
41 0
41 75
41 81
41 54
41 48
41 91
41 35
41 67
41 52
41 10
41 47
41 98
41 11
41 96
41 80
41 30
41 15
41 22
41 1
41 17
41 90
41 18
41 92
41 71
41 64
41 5
41 51
41 26
41 40
41 87
41 59
41 70
41 78
41 99
41 14
41 9
41 53
41 84
41 85
41 43
41 50
41 86
41 34
41 55
41 89
41 77
41 6
41 8
41 4
41 44
41 76
41 7
41 62
41 88
41 25
41 66
41 46
41 16
41 49
92 12
92 23
92 63
92 45
92 20
92 79
92 39
92 21
92 32
92 73
92 36
92 2
92 27
92 95
92 93
92 69
92 3
92 33
92 28
92 56
92 83
92 74
92 24
92 37
92 58
92 19
92 68
92 31
92 38
92 42
92 97
92 65
92 57
92 29
92 61
92 13
92 72
92 0
92 75
92 81
92 54
92 48
92 91
92 35
92 67
92 52
92 10
92 47
92 98
92 11
92 96
92 82
92 22
92 60
92 90
92 71
92 64
92 5
92 51
92 26
92 40
92 87
92 59
92 70
92 78
92 99
92 14
92 9
92 53
92 84
92 85
92 43
92 50
92 86
92 34
92 55
92 89
92 77
92 6
92 8
92 4
92 44
92 76
92 7
92 62
92 88
92 25
92 66
92 46
92 16
92 49
71 12
71 23
71 63
71 45
71 20
71 79
71 39
71 21
71 32
71 73
71 36
71 2
71 27
71 95
71 93
71 69
71 3
71 33
71 28
71 56
71 83
71 74
71 24
71 37
71 58
71 19
71 68
71 31
71 38
71 42
71 97
71 65
71 57
71 29
71 61
71 13
71 72
71 0
71 75
71 81
71 54
71 48
71 91
71 35
71 67
71 52
71 10
71 47
71 98
71 11
71 96
71 82
71 94
71 80
71 15
71 22
71 1
71 17
71 60
71 90
71 18
71 41
71 92
71 64
71 5
71 51
71 26
71 40
71 87
71 59
71 70
71 78
71 99
71 14
71 9
71 53
71 84
71 85
71 43
71 50
71 86
71 34
71 55
71 89
71 77
71 6
71 8
71 4
71 44
71 76
71 7
71 62
71 88
71 25
71 66
71 46
71 16
71 49
64 12
64 23
64 63
64 45
64 20
64 79
64 39
64 21
64 32
64 73
64 36
64 2
64 27
64 95
64 93
64 69
64 3
64 33
64 28
64 56
64 83
64 74
64 24
64 37
64 58
64 19
64 68
64 31
64 38
64 42
64 97
64 65
64 57
64 29
64 61
64 13
64 72
64 0
64 75
64 81
64 54
64 48
64 91
64 35
64 67
64 52
64 10
64 47
64 98
64 11
64 96
64 82
64 94
64 80
64 18
64 71
64 5
64 51
64 26
64 40
64 87
64 59
64 70
64 78
64 99
64 14
64 9
64 53
64 84
64 85
64 43
64 50
64 86
64 34
64 55
64 89
64 77
64 6
64 8
64 4
64 44
64 76
64 7
64 62
64 88
64 25
64 66
64 46
64 16
64 49
5 12
5 23
5 63
5 45
5 20
5 79
5 39
5 21
5 32
5 73
5 36
5 2
5 27
5 95
5 93
5 69
5 3
5 33
5 28
5 56
5 83
5 74
5 24
5 37
5 58
5 19
5 68
5 31
5 38
5 42
5 97
5 65
5 57
5 29
5 61
5 13
5 72
5 0
5 75
5 81
5 54
5 48
5 91
5 35
5 67
5 52
5 10
5 47
5 98
5 11
5 96
5 82
5 94
5 80
5 30
5 15
5 22
5 1
5 92
5 64
5 51
5 26
5 40
5 87
5 59
5 70
5 78
5 99
5 14
5 9
5 53
5 84
5 85
5 43
5 50
5 86
5 34
5 55
5 89
5 77
5 6
5 8
5 4
5 44
5 76
5 7
5 62
5 88
5 25
5 66
5 46
5 16
5 49
51 12
51 23
51 63
51 45
51 20
51 79
51 39
51 21
51 32
51 73
51 36
51 2
51 27
51 95
51 93
51 69
51 3
51 33
51 28
51 56
51 83
51 74
51 24
51 37
51 58
51 19
51 68
51 31
51 38
51 42
51 97
51 65
51 57
51 29
51 61
51 13
51 72
51 0
51 75
51 81
51 54
51 48
51 91
51 35
51 67
51 52
51 10
51 47
51 98
51 11
51 96
51 82
51 94
51 80
51 30
51 15
51 22
51 17
51 60
51 90
51 41
51 92
51 64
51 26
51 40
51 87
51 59
51 70
51 78
51 99
51 14
51 9
51 53
51 84
51 85
51 43
51 50
51 86
51 34
51 55
51 89
51 77
51 6
51 8
51 4
51 44
51 76
51 7
51 62
51 88
51 25
51 66
51 46
51 16
51 49
26 12
26 23
26 63
26 45
26 20
26 79
26 39
26 21
26 32
26 73
26 36
26 2
26 27
26 95
26 93
26 69
26 3
26 33
26 28
26 56
26 83
26 74
26 24
26 37
26 58
26 19
26 68
26 31
26 38
26 42
26 97
26 65
26 57
26 29
26 61
26 13
26 72
26 0
26 75
26 81
26 54
26 48
26 91
26 35
26 67
26 52
26 10
26 47
26 98
26 11
26 96
26 82
26 94
26 80
26 30
26 15
26 22
26 41
26 92
26 71
26 51
26 40
26 87
26 59
26 70
26 78
26 99
26 14
26 9
26 53
26 84
26 85
26 43
26 50
26 86
26 34
26 55
26 89
26 77
26 6
26 8
26 4
26 44
26 76
26 7
26 62
26 88
26 25
26 66
26 46
26 16
26 49
40 12
40 23
40 63
40 45
40 20
40 79
40 39
40 21
40 32
40 73
40 36
40 2
40 27
40 95
40 93
40 69
40 3
40 33
40 28
40 56
40 83
40 74
40 24
40 37
40 58
40 19
40 68
40 31
40 38
40 42
40 97
40 65
40 57
40 29
40 61
40 13
40 72
40 0
40 75
40 81
40 54
40 48
40 91
40 35
40 67
40 52
40 10
40 47
40 98
40 11
40 96
40 82
40 94
40 80
40 30
40 15
40 22
40 1
40 60
40 90
40 18
40 41
40 92
40 71
40 64
40 5
40 51
40 26
40 87
40 59
40 70
40 78
40 99
40 14
40 9
40 53
40 84
40 85
40 43
40 50
40 86
40 34
40 55
40 89
40 77
40 6
40 8
40 4
40 44
40 76
40 7
40 62
40 88
40 25
40 66
40 46
40 16
40 49
87 12
87 23
87 63
87 45
87 20
87 79
87 39
87 21
87 32
87 73
87 36
87 2
87 27
87 95
87 93
87 69
87 3
87 33
87 28
87 56
87 83
87 74
87 24
87 37
87 58
87 19
87 68
87 31
87 38
87 42
87 97
87 65
87 57
87 29
87 61
87 13
87 72
87 0
87 75
87 81
87 54
87 48
87 91
87 35
87 67
87 52
87 10
87 47
87 98
87 11
87 96
87 82
87 94
87 80
87 30
87 15
87 22
87 1
87 17
87 90
87 18
87 41
87 92
87 71
87 64
87 5
87 51
87 26
87 40
87 59
87 70
87 78
87 99
87 14
87 9
87 53
87 84
87 85
87 43
87 50
87 86
87 34
87 55
87 89
87 77
87 6
87 8
87 4
87 44
87 76
87 7
87 62
87 88
87 25
87 66
87 46
87 16
87 49
59 12
59 23
59 63
59 45
59 20
59 79
59 39
59 21
59 32
59 73
59 36
59 2
59 27
59 95
59 93
59 69
59 3
59 33
59 28
59 56
59 83
59 74
59 24
59 37
59 58
59 19
59 68
59 31
59 38
59 42
59 97
59 65
59 57
59 29
59 61
59 13
59 72
59 0
59 75
59 81
59 54
59 48
59 91
59 35
59 67
59 52
59 10
59 47
59 98
59 11
59 96
59 82
59 94
59 80
59 30
59 15
59 22
59 1
59 17
59 60
59 90
59 41
59 92
59 71
59 5
59 51
59 26
59 40
59 87
59 70
59 78
59 99
59 14
59 9
59 53
59 84
59 85
59 43
59 50
59 86
59 34
59 55
59 89
59 77
59 6
59 8
59 4
59 44
59 76
59 7
59 62
59 88
59 25
59 66
59 46
59 16
59 49
70 12
70 23
70 63
70 45
70 20
70 79
70 39
70 21
70 32
70 73
70 36
70 2
70 27
70 95
70 93
70 69
70 3
70 33
70 28
70 56
70 83
70 74
70 24
70 37
70 58
70 19
70 68
70 31
70 38
70 42
70 97
70 65
70 57
70 29
70 61
70 13
70 72
70 0
70 75
70 81
70 54
70 48
70 91
70 35
70 67
70 52
70 10
70 47
70 98
70 11
70 96
70 82
70 94
70 80
70 30
70 15
70 22
70 1
70 17
70 60
70 90
70 41
70 92
70 71
70 64
70 5
70 51
70 26
70 40
70 87
70 59
70 78
70 99
70 14
70 9
70 53
70 84
70 85
70 43
70 50
70 86
70 34
70 55
70 89
70 77
70 6
70 8
70 4
70 44
70 76
70 7
70 62
70 88
70 25
70 66
70 46
70 16
70 49
78 12
78 23
78 63
78 45
78 20
78 79
78 39
78 21
78 32
78 73
78 36
78 2
78 27
78 95
78 93
78 69
78 3
78 33
78 28
78 56
78 83
78 74
78 24
78 37
78 58
78 19
78 68
78 31
78 38
78 42
78 97
78 65
78 57
78 29
78 61
78 13
78 72
78 0
78 75
78 81
78 54
78 48
78 91
78 35
78 67
78 52
78 10
78 47
78 98
78 11
78 96
78 82
78 94
78 80
78 30
78 15
78 22
78 1
78 17
78 60
78 90
78 18
78 99
78 14
78 9
78 53
78 84
78 85
78 43
78 50
78 86
78 34
78 55
78 89
78 77
78 6
78 8
78 4
78 44
78 76
78 7
78 62
78 88
78 25
78 66
78 46
78 16
78 49
99 12
99 23
99 63
99 45
99 20
99 79
99 39
99 21
99 32
99 73
99 36
99 2
99 27
99 95
99 93
99 69
99 3
99 33
99 28
99 56
99 83
99 74
99 24
99 37
99 58
99 19
99 68
99 31
99 38
99 42
99 97
99 65
99 57
99 29
99 61
99 13
99 72
99 0
99 75
99 81
99 54
99 48
99 91
99 35
99 67
99 52
99 10
99 47
99 98
99 11
99 96
99 82
99 94
99 80
99 30
99 15
99 22
99 1
99 17
99 60
99 90
99 18
99 41
99 64
99 5
99 51
99 59
99 78
99 14
99 9
99 53
99 84
99 85
99 43
99 50
99 86
99 34
99 55
99 89
99 77
99 6
99 8
99 4
99 44
99 76
99 7
99 62
99 88
99 25
99 66
99 46
99 16
99 49
14 12
14 23
14 63
14 45
14 20
14 79
14 39
14 21
14 32
14 73
14 36
14 2
14 27
14 95
14 93
14 69
14 3
14 33
14 28
14 56
14 83
14 74
14 24
14 37
14 58
14 19
14 68
14 31
14 38
14 42
14 97
14 65
14 57
14 29
14 61
14 13
14 72
14 0
14 75
14 81
14 54
14 48
14 91
14 35
14 67
14 52
14 10
14 47
14 98
14 11
14 96
14 82
14 94
14 80
14 30
14 15
14 22
14 1
14 17
14 60
14 90
14 18
14 41
14 92
14 71
14 51
14 40
14 87
14 78
14 9
14 53
14 84
14 85
14 43
14 50
14 86
14 34
14 55
14 89
14 77
14 6
14 8
14 4
14 44
14 76
14 7
14 62
14 88
14 25
14 66
14 46
14 16
14 49
9 12
9 23
9 63
9 45
9 20
9 79
9 39
9 21
9 32
9 73
9 36
9 2
9 27
9 95
9 93
9 69
9 3
9 33
9 28
9 56
9 83
9 74
9 24
9 37
9 58
9 19
9 68
9 31
9 38
9 42
9 97
9 65
9 57
9 29
9 61
9 13
9 72
9 0
9 75
9 81
9 54
9 48
9 91
9 35
9 67
9 52
9 10
9 47
9 98
9 11
9 96
9 82
9 94
9 80
9 30
9 15
9 22
9 1
9 17
9 60
9 90
9 18
9 41
9 92
9 71
9 64
9 87
9 53
9 84
9 85
9 43
9 50
9 86
9 34
9 55
9 89
9 77
9 6
9 8
9 4
9 44
9 76
9 7
9 62
9 88
9 25
9 66
9 46
9 16
9 49
53 12
53 23
53 63
53 45
53 20
53 79
53 39
53 21
53 32
53 73
53 36
53 2
53 27
53 95
53 93
53 69
53 3
53 33
53 28
53 56
53 83
53 74
53 24
53 37
53 58
53 19
53 68
53 31
53 38
53 42
53 97
53 65
53 57
53 29
53 61
53 13
53 72
53 0
53 75
53 81
53 54
53 48
53 91
53 35
53 67
53 52
53 10
53 47
53 98
53 11
53 96
53 82
53 94
53 80
53 30
53 15
53 22
53 1
53 17
53 60
53 90
53 18
53 41
53 92
53 71
53 64
53 84
53 85
53 43
53 50
53 86
53 34
53 55
53 89
53 77
53 6
53 8
53 4
53 44
53 76
53 7
53 62
53 88
53 25
53 66
53 46
53 16
53 49
84 12
84 23
84 63
84 45
84 20
84 79
84 39
84 21
84 32
84 73
84 36
84 2
84 27
84 95
84 93
84 69
84 3
84 33
84 28
84 56
84 83
84 74
84 24
84 37
84 58
84 19
84 68
84 31
84 38
84 42
84 97
84 65
84 57
84 29
84 61
84 13
84 72
84 0
84 75
84 81
84 54
84 48
84 91
84 35
84 67
84 52
84 10
84 47
84 98
84 11
84 96
84 82
84 94
84 80
84 30
84 15
84 22
84 1
84 17
84 60
84 90
84 18
84 41
84 92
84 71
84 64
84 5
84 87
84 59
84 14
84 85
84 43
84 50
84 86
84 34
84 55
84 89
84 77
84 6
84 8
84 4
84 44
84 76
84 7
84 62
84 88
84 25
84 66
84 46
84 16
84 49
85 12
85 23
85 63
85 45
85 20
85 79
85 39
85 21
85 32
85 73
85 36
85 2
85 27
85 95
85 93
85 69
85 3
85 33
85 28
85 56
85 83
85 74
85 24
85 37
85 58
85 19
85 68
85 31
85 38
85 42
85 97
85 65
85 57
85 29
85 61
85 13
85 72
85 0
85 75
85 81
85 54
85 48
85 91
85 35
85 67
85 52
85 10
85 47
85 98
85 11
85 96
85 82
85 94
85 80
85 30
85 15
85 22
85 1
85 17
85 60
85 90
85 18
85 41
85 92
85 71
85 64
85 5
85 51
85 26
85 87
85 59
85 9
85 84
85 43
85 50
85 86
85 34
85 55
85 89
85 77
85 6
85 8
85 4
85 44
85 76
85 7
85 62
85 88
85 25
85 66
85 46
85 16
85 49
43 12
43 23
43 63
43 45
43 20
43 79
43 39
43 21
43 32
43 73
43 36
43 2
43 27
43 95
43 93
43 69
43 3
43 33
43 28
43 56
43 83
43 74
43 24
43 37
43 58
43 19
43 68
43 31
43 38
43 42
43 97
43 65
43 57
43 29
43 61
43 13
43 72
43 0
43 75
43 81
43 54
43 48
43 91
43 35
43 67
43 52
43 10
43 47
43 98
43 11
43 96
43 82
43 94
43 80
43 30
43 15
43 22
43 1
43 17
43 60
43 90
43 18
43 41
43 92
43 71
43 64
43 5
43 51
43 26
43 50
43 86
43 34
43 55
43 89
43 77
43 6
43 8
43 4
43 44
43 76
43 7
43 62
43 88
43 25
43 66
43 46
43 16
43 49
50 12
50 23
50 63
50 45
50 20
50 79
50 39
50 21
50 32
50 73
50 36
50 2
50 27
50 95
50 93
50 69
50 3
50 33
50 28
50 56
50 83
50 74
50 24
50 37
50 58
50 19
50 68
50 31
50 38
50 42
50 97
50 65
50 57
50 29
50 61
50 13
50 72
50 0
50 75
50 81
50 54
50 48
50 91
50 35
50 67
50 52
50 10
50 47
50 98
50 11
50 96
50 82
50 94
50 80
50 30
50 15
50 22
50 1
50 17
50 60
50 90
50 18
50 41
50 92
50 71
50 64
50 5
50 51
50 26
50 40
50 87
50 59
50 70
50 99
50 14
50 9
50 84
50 85
50 86
50 34
50 55
50 89
50 77
50 6
50 8
50 4
50 44
50 76
50 7
50 62
50 88
50 25
50 66
50 46
50 16
50 49
86 12
86 23
86 63
86 45
86 20
86 79
86 39
86 21
86 32
86 73
86 36
86 2
86 27
86 95
86 93
86 69
86 3
86 33
86 28
86 56
86 83
86 74
86 24
86 37
86 58
86 19
86 68
86 31
86 38
86 42
86 97
86 65
86 57
86 29
86 61
86 13
86 72
86 0
86 75
86 81
86 54
86 48
86 91
86 35
86 67
86 52
86 10
86 47
86 98
86 11
86 96
86 82
86 94
86 80
86 30
86 15
86 22
86 1
86 17
86 60
86 90
86 18
86 41
86 92
86 71
86 64
86 5
86 51
86 26
86 40
86 87
86 70
86 14
86 34
86 55
86 89
86 77
86 6
86 8
86 4
86 44
86 76
86 7
86 62
86 88
86 25
86 66
86 46
86 16
86 49
34 12
34 23
34 63
34 45
34 20
34 79
34 39
34 21
34 32
34 73
34 36
34 2
34 27
34 95
34 93
34 69
34 3
34 33
34 28
34 56
34 83
34 74
34 24
34 37
34 58
34 19
34 68
34 31
34 38
34 42
34 97
34 65
34 57
34 29
34 61
34 13
34 72
34 0
34 75
34 81
34 54
34 48
34 91
34 35
34 67
34 52
34 10
34 47
34 98
34 11
34 96
34 82
34 94
34 80
34 30
34 15
34 22
34 1
34 17
34 60
34 90
34 18
34 41
34 92
34 71
34 64
34 5
34 51
34 26
34 40
34 87
34 59
34 86
34 55
34 89
34 77
34 6
34 8
34 4
34 44
34 76
34 7
34 62
34 88
34 25
34 66
34 46
34 16
34 49
55 12
55 23
55 63
55 45
55 20
55 79
55 39
55 21
55 32
55 73
55 36
55 2
55 27
55 95
55 93
55 69
55 3
55 33
55 28
55 56
55 83
55 74
55 24
55 37
55 58
55 19
55 68
55 31
55 38
55 42
55 97
55 65
55 57
55 29
55 61
55 13
55 72
55 0
55 75
55 81
55 54
55 48
55 91
55 35
55 67
55 52
55 10
55 47
55 98
55 11
55 96
55 82
55 94
55 80
55 30
55 15
55 22
55 1
55 17
55 60
55 90
55 18
55 41
55 92
55 71
55 64
55 5
55 51
55 26
55 40
55 87
55 59
55 70
55 99
55 14
55 53
55 84
55 85
55 43
55 50
55 86
55 34
55 89
55 77
55 6
55 8
55 4
55 44
55 76
55 7
55 62
55 88
55 25
55 66
55 46
55 16
55 49
89 12
89 23
89 63
89 45
89 20
89 79
89 39
89 21
89 32
89 73
89 36
89 2
89 27
89 95
89 93
89 69
89 3
89 33
89 28
89 56
89 83
89 74
89 24
89 37
89 58
89 19
89 68
89 31
89 38
89 42
89 97
89 65
89 57
89 29
89 61
89 13
89 72
89 0
89 75
89 81
89 54
89 48
89 91
89 35
89 67
89 52
89 10
89 47
89 98
89 11
89 96
89 82
89 94
89 80
89 30
89 15
89 22
89 1
89 17
89 60
89 90
89 18
89 41
89 92
89 71
89 64
89 5
89 51
89 26
89 40
89 87
89 59
89 70
89 78
89 34
89 77
89 6
89 8
89 4
89 44
89 76
89 7
89 62
89 88
89 25
89 66
89 46
89 16
89 49
77 12
77 23
77 63
77 45
77 20
77 79
77 39
77 21
77 32
77 73
77 36
77 2
77 27
77 95
77 93
77 69
77 3
77 33
77 28
77 56
77 83
77 74
77 24
77 37
77 58
77 19
77 68
77 31
77 38
77 42
77 97
77 65
77 57
77 29
77 61
77 13
77 72
77 0
77 75
77 81
77 54
77 48
77 91
77 35
77 67
77 52
77 10
77 47
77 98
77 11
77 96
77 82
77 94
77 80
77 30
77 15
77 22
77 1
77 17
77 60
77 90
77 18
77 41
77 92
77 71
77 64
77 5
77 51
77 26
77 40
77 87
77 59
77 70
77 78
77 99
77 53
77 84
77 50
77 86
77 34
77 55
77 6
77 8
77 4
77 44
77 76
77 7
77 62
77 88
77 25
77 66
77 46
77 16
77 49
6 12
6 23
6 63
6 45
6 20
6 79
6 39
6 21
6 32
6 73
6 36
6 2
6 27
6 95
6 93
6 69
6 3
6 33
6 28
6 56
6 83
6 74
6 24
6 37
6 58
6 19
6 68
6 31
6 38
6 42
6 97
6 65
6 57
6 29
6 61
6 13
6 72
6 0
6 75
6 81
6 54
6 48
6 91
6 35
6 67
6 52
6 10
6 47
6 98
6 11
6 96
6 82
6 94
6 80
6 30
6 15
6 22
6 1
6 17
6 60
6 90
6 18
6 41
6 92
6 71
6 64
6 5
6 51
6 26
6 40
6 87
6 59
6 70
6 78
6 99
6 14
6 9
6 53
6 85
6 89
6 8
6 4
6 44
6 76
6 7
6 62
6 88
6 25
6 66
6 46
6 16
6 49
8 12
8 23
8 63
8 45
8 20
8 79
8 39
8 21
8 32
8 73
8 36
8 2
8 27
8 95
8 93
8 69
8 3
8 33
8 28
8 56
8 83
8 74
8 24
8 37
8 58
8 19
8 68
8 31
8 38
8 42
8 97
8 65
8 57
8 29
8 61
8 13
8 72
8 0
8 75
8 81
8 54
8 48
8 91
8 35
8 67
8 52
8 10
8 47
8 98
8 11
8 96
8 82
8 94
8 80
8 30
8 15
8 22
8 1
8 17
8 60
8 90
8 18
8 41
8 92
8 71
8 64
8 5
8 51
8 26
8 40
8 87
8 59
8 70
8 78
8 99
8 14
8 9
8 55
8 77
8 4
8 44
8 76
8 7
8 62
8 88
8 25
8 66
8 46
8 16
8 49
4 12
4 23
4 63
4 45
4 20
4 79
4 39
4 21
4 32
4 73
4 36
4 2
4 27
4 95
4 93
4 69
4 3
4 33
4 28
4 56
4 83
4 74
4 24
4 37
4 58
4 19
4 68
4 31
4 38
4 42
4 97
4 65
4 57
4 29
4 61
4 13
4 72
4 0
4 75
4 81
4 54
4 48
4 91
4 35
4 67
4 52
4 10
4 47
4 98
4 11
4 96
4 82
4 94
4 80
4 30
4 15
4 22
4 1
4 17
4 60
4 90
4 18
4 41
4 92
4 71
4 64
4 5
4 51
4 26
4 40
4 87
4 59
4 70
4 78
4 99
4 14
4 9
4 53
4 43
4 50
4 86
4 34
4 55
4 89
4 44
4 76
4 7
4 62
4 88
4 25
4 66
4 46
4 16
4 49
44 12
44 23
44 63
44 45
44 20
44 79
44 39
44 21
44 32
44 73
44 36
44 2
44 27
44 95
44 93
44 69
44 3
44 33
44 28
44 56
44 83
44 74
44 24
44 37
44 58
44 19
44 68
44 31
44 38
44 42
44 97
44 65
44 57
44 29
44 61
44 13
44 72
44 0
44 75
44 81
44 54
44 48
44 91
44 35
44 67
44 52
44 10
44 47
44 98
44 11
44 96
44 82
44 94
44 80
44 30
44 15
44 22
44 1
44 17
44 60
44 90
44 18
44 41
44 92
44 71
44 64
44 5
44 51
44 26
44 40
44 87
44 59
44 70
44 78
44 99
44 14
44 9
44 53
44 84
44 85
44 43
44 50
44 86
44 34
44 55
44 89
44 6
44 8
44 4
44 76
44 7
44 62
44 88
44 25
44 66
44 46
44 16
44 49
76 12
76 23
76 63
76 45
76 20
76 79
76 39
76 21
76 32
76 73
76 36
76 2
76 27
76 95
76 93
76 69
76 3
76 33
76 28
76 56
76 83
76 74
76 24
76 37
76 58
76 19
76 68
76 31
76 38
76 42
76 97
76 65
76 57
76 29
76 61
76 13
76 72
76 0
76 75
76 81
76 54
76 48
76 91
76 35
76 67
76 52
76 10
76 47
76 98
76 11
76 96
76 82
76 94
76 80
76 30
76 15
76 22
76 1
76 17
76 60
76 90
76 18
76 41
76 92
76 71
76 64
76 5
76 51
76 26
76 40
76 87
76 59
76 70
76 78
76 99
76 14
76 9
76 53
76 84
76 85
76 50
76 86
76 55
76 8
76 4
76 7
76 62
76 88
76 25
76 66
76 46
76 16
76 49
7 12
7 23
7 63
7 45
7 20
7 79
7 39
7 21
7 32
7 73
7 36
7 2
7 27
7 95
7 93
7 69
7 3
7 33
7 28
7 56
7 83
7 74
7 24
7 37
7 58
7 19
7 68
7 31
7 38
7 42
7 97
7 65
7 57
7 29
7 61
7 13
7 72
7 0
7 75
7 81
7 54
7 48
7 91
7 35
7 67
7 52
7 10
7 47
7 98
7 11
7 96
7 82
7 94
7 80
7 30
7 15
7 22
7 1
7 17
7 60
7 90
7 18
7 41
7 92
7 71
7 64
7 5
7 51
7 26
7 40
7 87
7 59
7 70
7 78
7 99
7 14
7 9
7 53
7 84
7 85
7 43
7 86
7 34
7 55
7 89
7 77
7 6
7 4
7 44
7 62
7 88
7 25
7 66
7 46
7 16
7 49
62 12
62 23
62 63
62 45
62 20
62 79
62 39
62 21
62 32
62 73
62 36
62 2
62 27
62 95
62 93
62 69
62 3
62 33
62 28
62 56
62 83
62 74
62 24
62 37
62 58
62 19
62 68
62 31
62 38
62 42
62 97
62 65
62 57
62 29
62 61
62 13
62 72
62 0
62 75
62 81
62 54
62 48
62 91
62 35
62 67
62 52
62 10
62 47
62 98
62 11
62 96
62 82
62 94
62 80
62 30
62 15
62 22
62 1
62 17
62 60
62 90
62 18
62 41
62 92
62 71
62 64
62 5
62 51
62 26
62 40
62 87
62 59
62 70
62 78
62 99
62 14
62 9
62 53
62 84
62 85
62 43
62 50
62 4
62 44
62 7
62 88
62 25
62 66
62 46
62 16
62 49
88 12
88 23
88 63
88 45
88 20
88 79
88 39
88 21
88 32
88 73
88 36
88 2
88 27
88 95
88 93
88 69
88 3
88 33
88 28
88 56
88 83
88 74
88 24
88 37
88 58
88 19
88 68
88 31
88 38
88 42
88 97
88 65
88 57
88 29
88 61
88 13
88 72
88 0
88 75
88 81
88 54
88 48
88 91
88 35
88 67
88 52
88 10
88 47
88 98
88 11
88 96
88 82
88 94
88 80
88 30
88 15
88 22
88 1
88 17
88 60
88 90
88 18
88 41
88 92
88 71
88 64
88 5
88 51
88 26
88 40
88 87
88 59
88 70
88 78
88 99
88 14
88 9
88 53
88 84
88 85
88 43
88 50
88 86
88 34
88 55
88 89
88 77
88 4
88 44
88 7
88 62
88 25
88 66
88 46
88 16
88 49
25 12
25 23
25 63
25 45
25 20
25 79
25 39
25 21
25 32
25 73
25 36
25 2
25 27
25 95
25 93
25 69
25 3
25 33
25 28
25 56
25 83
25 74
25 24
25 37
25 58
25 19
25 68
25 31
25 38
25 42
25 97
25 65
25 57
25 29
25 61
25 13
25 72
25 0
25 75
25 81
25 54
25 48
25 91
25 35
25 67
25 52
25 10
25 47
25 98
25 11
25 96
25 82
25 94
25 80
25 30
25 15
25 22
25 1
25 17
25 60
25 90
25 18
25 41
25 92
25 71
25 64
25 5
25 51
25 26
25 40
25 87
25 59
25 70
25 78
25 99
25 14
25 9
25 53
25 84
25 85
25 43
25 50
25 86
25 34
25 89
25 77
25 6
25 8
25 4
25 44
25 76
25 88
25 66
25 46
25 16
25 49
66 12
66 23
66 63
66 45
66 20
66 79
66 39
66 21
66 32
66 73
66 36
66 2
66 27
66 95
66 93
66 69
66 3
66 33
66 28
66 56
66 83
66 74
66 24
66 37
66 58
66 19
66 68
66 31
66 38
66 42
66 97
66 65
66 57
66 29
66 61
66 13
66 72
66 0
66 75
66 81
66 54
66 48
66 91
66 35
66 67
66 52
66 10
66 47
66 98
66 11
66 96
66 82
66 94
66 80
66 30
66 15
66 22
66 1
66 17
66 60
66 90
66 18
66 41
66 92
66 71
66 64
66 5
66 51
66 26
66 40
66 87
66 59
66 70
66 78
66 99
66 14
66 9
66 53
66 84
66 85
66 43
66 50
66 86
66 34
66 55
66 6
66 8
66 4
66 44
66 7
66 62
66 25
66 46
66 16
66 49
46 12
46 23
46 63
46 45
46 20
46 79
46 39
46 21
46 32
46 73
46 36
46 2
46 27
46 95
46 93
46 69
46 3
46 33
46 28
46 56
46 83
46 74
46 24
46 37
46 58
46 19
46 68
46 31
46 38
46 42
46 97
46 65
46 57
46 29
46 61
46 13
46 72
46 0
46 75
46 81
46 54
46 48
46 91
46 35
46 67
46 52
46 10
46 47
46 98
46 11
46 96
46 82
46 94
46 80
46 30
46 15
46 22
46 1
46 17
46 60
46 90
46 18
46 41
46 92
46 71
46 64
46 5
46 51
46 26
46 40
46 87
46 59
46 70
46 78
46 99
46 14
46 9
46 53
46 84
46 85
46 43
46 50
46 86
46 34
46 55
46 89
46 8
46 7
46 62
46 88
46 66
46 16
46 49
16 12
16 23
16 63
16 45
16 20
16 79
16 39
16 21
16 32
16 73
16 36
16 2
16 27
16 95
16 93
16 69
16 3
16 33
16 28
16 56
16 83
16 74
16 24
16 37
16 58
16 19
16 68
16 31
16 38
16 42
16 97
16 65
16 57
16 29
16 61
16 13
16 72
16 0
16 75
16 81
16 54
16 48
16 91
16 35
16 67
16 52
16 10
16 47
16 98
16 11
16 96
16 82
16 94
16 80
16 30
16 15
16 22
16 1
16 17
16 60
16 90
16 18
16 41
16 92
16 71
16 64
16 5
16 51
16 26
16 40
16 87
16 59
16 70
16 78
16 99
16 14
16 9
16 53
16 84
16 85
16 43
16 50
16 86
16 34
16 55
16 89
16 77
16 49
49 12
49 23
49 63
49 45
49 20
49 79
49 39
49 21
49 32
49 73
49 36
49 2
49 27
49 95
49 93
49 69
49 3
49 33
49 28
49 56
49 83
49 74
49 24
49 37
49 58
49 19
49 68
49 31
49 38
49 42
49 97
49 65
49 57
49 29
49 61
49 13
49 72
49 0
49 75
49 81
49 54
49 48
49 91
49 35
49 67
49 52
49 10
49 47
49 98
49 11
49 96
49 82
49 94
49 80
49 30
49 15
49 22
49 1
49 17
49 60
49 90
49 18
49 41
49 92
49 71
49 64
49 5
49 51
49 26
49 40
49 87
49 59
49 70
49 78
49 99
49 14
49 9
49 53
49 84
49 85
49 43
49 50
49 86
49 34
49 55
49 89
49 77
49 6
49 8
49 62
49 16
