1 11
15 42
41 6
46 23
54 80
59 25
70 22
7 45
48 45
67 48
92 67
52 92
97 92
93 97
26 93
30 26
35 26
11 35
19 35
44 19
17 1
53 11
82 1
62 82
89 82
73 89
23 73
87 73
98 73
38 98
2 38
40 38
3 40
80 40
21 80
83 54
84 80
5 84
42 5
58 5
12 58
56 58
33 56
68 56
94 56
9 94
25 94
36 59
39 59
28 39
55 39
27 55
43 55
50 43
65 43
79 43
88 65
95 65
51 95
91 95
75 91
37 75
85 37
10 85
22 85
76 85
0 70
31 22
57 31
72 31
60 72
99 72
64 99
96 64
34 96
14 34
32 14
74 14
24 74
77 74
20 77
90 77
4 90
61 90
78 90
66 78
86 24
6 60
49 41
81 41
47 49
16 47
69 51
71 50
8 28
13 36
63 33
18 52
29 52
