0 52
1 35
3 68
5 97
7 84
8 89
10 1
12 20
16 72
19 16
20 54
21 99
22 27
24 12
25 58
27 3
29 50
31 59
32 5
35 86
43 80
44 45
45 19
47 91
49 56
50 32
51 22
52 21
54 60
56 7
58 0
59 90
60 66
61 8
63 43
65 10
66 47
67 95
68 29
72 77
77 51
80 67
81 87
82 24
84 93
86 49
89 98
90 61
91 63
93 44
95 31
97 25
98 65
99 81
2 87
4 87
6 87
9 87
11 87
13 87
14 87
15 87
17 87
18 87
23 87
26 87
28 87
30 87
33 87
34 87
36 87
37 87
38 87
39 87
40 87
41 87
42 87
46 87
48 87
53 87
55 87
57 87
62 87
64 87
69 87
70 87
71 87
73 87
74 87
75 87
76 87
78 87
79 87
83 87
85 87
88 87
92 87
94 87
96 87
