100 54 2475
81 87
99 81
21 99
52 21
0 52
58 0
25 58
97 25
5 97
32 5
50 32
29 50
68 29
3 68
27 3
22 27
51 22
77 51
72 77
16 72
19 16
45 19
44 45
93 44
84 93
7 84
56 7
49 56
86 49
35 86
1 35
10 1
65 10
98 65
89 98
8 89
61 8
90 61
59 90
31 59
95 31
67 95
80 67
43 80
63 43
91 63
47 91
66 47
60 66
54 60
20 54
12 20
24 12
82 24
23 81
23 99
23 21
23 52
23 0
23 58
23 25
23 97
23 5
23 32
23 50
23 29
23 68
23 3
23 27
23 22
23 51
23 77
23 72
23 16
23 19
23 45
23 44
23 93
23 84
23 7
23 56
23 49
23 86
23 35
23 1
23 10
23 65
23 98
23 89
23 8
23 61
23 90
23 59
23 31
23 95
23 67
23 80
23 43
23 63
23 91
23 47
23 66
23 60
23 54
23 20
23 12
23 24
23 82
79 81
79 99
79 21
79 52
79 0
79 58
79 25
79 97
79 5
79 32
79 50
79 29
79 68
79 3
79 27
79 22
79 51
79 77
79 72
79 16
79 19
79 45
79 44
79 93
79 84
79 7
79 56
79 49
79 86
79 35
79 1
79 10
79 65
79 98
79 89
79 8
79 61
79 90
79 59
79 31
79 95
79 67
79 80
79 43
79 63
79 91
79 47
79 66
79 60
79 54
79 20
79 12
79 24
79 82
15 81
15 99
15 21
15 52
15 0
15 58
15 25
15 97
15 5
15 32
15 50
15 29
15 68
15 3
15 27
15 22
15 51
15 77
15 72
15 16
15 19
15 45
15 44
15 93
15 84
15 7
15 56
15 49
15 86
15 35
15 1
15 10
15 65
15 98
15 89
15 8
15 61
15 90
15 59
15 31
15 95
15 67
15 80
15 43
15 63
15 91
15 47
15 66
15 60
15 54
15 20
15 12
15 24
15 82
41 81
41 99
41 21
41 52
41 0
41 58
41 25
41 97
41 5
41 32
41 50
41 29
41 68
41 3
41 27
41 22
41 51
41 77
41 72
41 16
41 19
41 45
41 44
41 93
41 84
41 7
41 56
41 49
41 86
41 35
41 1
41 10
41 65
41 98
41 89
41 8
41 61
41 90
41 59
41 31
41 95
41 67
41 80
41 43
41 63
41 91
41 47
41 66
41 60
41 54
41 20
41 12
41 24
41 82
96 81
96 99
96 21
96 52
96 0
96 58
96 25
96 97
96 5
96 32
96 50
96 29
96 68
96 3
96 27
96 22
96 51
96 77
96 72
96 16
96 19
96 45
96 44
96 93
96 84
96 7
96 56
96 49
96 86
96 35
96 1
96 10
96 65
96 98
96 89
96 8
96 61
96 90
96 59
96 31
96 95
96 67
96 80
96 43
96 63
96 91
96 47
96 66
96 60
96 54
96 20
96 12
96 24
96 82
64 81
64 99
64 21
64 52
64 0
64 58
64 25
64 97
64 5
64 32
64 50
64 29
64 68
64 3
64 27
64 22
64 51
64 77
64 72
64 16
64 19
64 45
64 44
64 93
64 84
64 7
64 56
64 49
64 86
64 35
64 1
64 10
64 65
64 98
64 89
64 8
64 61
64 90
64 59
64 31
64 95
64 67
64 80
64 43
64 63
64 91
64 47
64 66
64 60
64 54
64 20
64 12
64 24
64 82
83 81
83 99
83 21
83 52
83 0
83 58
83 25
83 97
83 5
83 32
83 50
83 29
83 68
83 3
83 27
83 22
83 51
83 77
83 72
83 16
83 19
83 45
83 44
83 93
83 84
83 7
83 56
83 49
83 86
83 35
83 1
83 10
83 65
83 98
83 89
83 8
83 61
83 90
83 59
83 31
83 95
83 67
83 80
83 43
83 63
83 91
83 47
83 66
83 60
83 54
83 20
83 12
83 24
83 82
6 81
6 99
6 21
6 52
6 0
6 58
6 25
6 97
6 5
6 32
6 50
6 29
6 68
6 3
6 27
6 22
6 51
6 77
6 72
6 16
6 19
6 45
6 44
6 93
6 84
6 7
6 56
6 49
6 86
6 35
6 1
6 10
6 65
6 98
6 89
6 8
6 61
6 90
6 59
6 31
6 95
6 67
6 80
6 43
6 63
6 91
6 47
6 66
6 60
6 54
6 20
6 12
6 24
6 82
26 81
26 99
26 21
26 52
26 0
26 58
26 25
26 97
26 5
26 32
26 50
26 29
26 68
26 3
26 27
26 22
26 51
26 77
26 72
26 16
26 19
26 45
26 44
26 93
26 84
26 7
26 56
26 49
26 86
26 35
26 1
26 10
26 65
26 98
26 89
26 8
26 61
26 90
26 59
26 31
26 95
26 67
26 80
26 43
26 63
26 91
26 47
26 66
26 60
26 54
26 20
26 12
26 24
26 82
57 81
57 99
57 21
57 52
57 0
57 58
57 25
57 97
57 5
57 32
57 50
57 29
57 68
57 3
57 27
57 22
57 51
57 77
57 72
57 16
57 19
57 45
57 44
57 93
57 84
57 7
57 56
57 49
57 86
57 35
57 1
57 10
57 65
57 98
57 89
57 8
57 61
57 90
57 59
57 31
57 95
57 67
57 80
57 43
57 63
57 91
57 47
57 66
57 60
57 54
57 20
57 12
57 24
57 82
42 81
42 99
42 21
42 52
42 0
42 58
42 25
42 97
42 5
42 32
42 50
42 29
42 68
42 3
42 27
42 22
42 51
42 77
42 72
42 16
42 19
42 45
42 44
42 93
42 84
42 7
42 56
42 49
42 86
42 35
42 1
42 10
42 65
42 98
42 89
42 8
42 61
42 90
42 59
42 31
42 95
42 67
42 80
42 43
42 63
42 91
42 47
42 66
42 60
42 54
42 20
42 12
42 24
42 82
9 81
9 99
9 21
9 52
9 0
9 58
9 25
9 97
9 5
9 32
9 50
9 29
9 68
9 3
9 27
9 22
9 51
9 77
9 72
9 16
9 19
9 45
9 44
9 93
9 84
9 7
9 56
9 49
9 86
9 35
9 1
9 10
9 65
9 98
9 89
9 8
9 61
9 90
9 59
9 31
9 95
9 67
9 80
9 43
9 63
9 91
9 47
9 66
9 60
9 54
9 20
9 12
9 24
9 82
37 81
37 99
37 21
37 52
37 0
37 58
37 25
37 97
37 5
37 32
37 50
37 29
37 68
37 3
37 27
37 22
37 51
37 77
37 72
37 16
37 19
37 45
37 44
37 93
37 84
37 7
37 56
37 49
37 86
37 35
37 1
37 10
37 65
37 98
37 89
37 8
37 61
37 90
37 59
37 31
37 95
37 67
37 80
37 43
37 63
37 91
37 47
37 66
37 60
37 54
37 20
37 12
37 24
37 82
17 81
17 99
17 21
17 52
17 0
17 58
17 25
17 97
17 5
17 32
17 50
17 29
17 68
17 3
17 27
17 22
17 51
17 77
17 72
17 16
17 19
17 45
17 44
17 93
17 84
17 7
17 56
17 49
17 86
17 35
17 1
17 10
17 65
17 98
17 89
17 8
17 61
17 90
17 59
17 31
17 95
17 67
17 80
17 43
17 63
17 91
17 47
17 66
17 60
17 54
17 20
17 12
17 24
17 82
76 81
76 99
76 21
76 52
76 0
76 58
76 25
76 97
76 5
76 32
76 50
76 29
76 68
76 3
76 27
76 22
76 51
76 77
76 72
76 16
76 19
76 45
76 44
76 93
76 84
76 7
76 56
76 49
76 86
76 35
76 1
76 10
76 65
76 98
76 89
76 8
76 61
76 90
76 59
76 31
76 95
76 67
76 80
76 43
76 63
76 91
76 47
76 66
76 60
76 54
76 20
76 12
76 24
76 82
88 81
88 99
88 21
88 52
88 0
88 58
88 25
88 97
88 5
88 32
88 50
88 29
88 68
88 3
88 27
88 22
88 51
88 77
88 72
88 16
88 19
88 45
88 44
88 93
88 84
88 7
88 56
88 49
88 86
88 35
88 1
88 10
88 65
88 98
88 89
88 8
88 61
88 90
88 59
88 31
88 95
88 67
88 80
88 43
88 63
88 91
88 47
88 66
88 60
88 54
88 20
88 12
88 24
88 82
62 81
62 99
62 21
62 52
62 0
62 58
62 25
62 97
62 5
62 32
62 50
62 29
62 68
62 3
62 27
62 22
62 51
62 77
62 72
62 16
62 19
62 45
62 44
62 93
62 84
62 7
62 56
62 49
62 86
62 35
62 1
62 10
62 65
62 98
62 89
62 8
62 61
62 90
62 59
62 31
62 95
62 67
62 80
62 43
62 63
62 91
62 47
62 66
62 60
62 54
62 20
62 12
62 24
62 82
11 81
11 99
11 21
11 52
11 0
11 58
11 25
11 97
11 5
11 32
11 50
11 29
11 68
11 3
11 27
11 22
11 51
11 77
11 72
11 16
11 19
11 45
11 44
11 93
11 84
11 7
11 56
11 49
11 86
11 35
11 1
11 10
11 65
11 98
11 89
11 8
11 61
11 90
11 59
11 31
11 95
11 67
11 80
11 43
11 63
11 91
11 47
11 66
11 60
11 54
11 20
11 12
11 24
11 82
14 81
14 99
14 21
14 52
14 0
14 58
14 25
14 97
14 5
14 32
14 50
14 29
14 68
14 3
14 27
14 22
14 51
14 77
14 72
14 16
14 19
14 45
14 44
14 93
14 84
14 7
14 56
14 49
14 86
14 35
14 1
14 10
14 65
14 98
14 89
14 8
14 61
14 90
14 59
14 31
14 95
14 67
14 80
14 43
14 63
14 91
14 47
14 66
14 60
14 54
14 20
14 12
14 24
14 82
94 81
94 99
94 21
94 52
94 0
94 58
94 25
94 97
94 5
94 32
94 50
94 29
94 68
94 3
94 27
94 22
94 51
94 77
94 72
94 16
94 19
94 45
94 44
94 93
94 84
94 7
94 56
94 49
94 86
94 35
94 1
94 10
94 65
94 98
94 89
94 8
94 61
94 90
94 59
94 31
94 95
94 67
94 80
94 43
94 63
94 91
94 47
94 66
94 60
94 54
94 20
94 12
94 24
94 82
30 81
30 99
30 21
30 52
30 0
30 58
30 25
30 97
30 5
30 32
30 50
30 29
30 68
30 3
30 27
30 22
30 51
30 77
30 72
30 16
30 19
30 45
30 44
30 93
30 84
30 7
30 56
30 49
30 86
30 35
30 1
30 10
30 65
30 98
30 89
30 8
30 61
30 90
30 59
30 31
30 95
30 67
30 80
30 43
30 63
30 91
30 47
30 66
30 60
30 54
30 20
30 12
30 24
30 82
18 81
18 99
18 21
18 52
18 0
18 58
18 25
18 97
18 5
18 32
18 50
18 29
18 68
18 3
18 27
18 22
18 51
18 77
18 72
18 16
18 19
18 45
18 44
18 93
18 84
18 7
18 56
18 49
18 86
18 35
18 1
18 10
18 65
18 98
18 89
18 8
18 61
18 90
18 59
18 31
18 95
18 67
18 80
18 43
18 63
18 91
18 47
18 66
18 60
18 54
18 20
18 12
18 24
18 82
69 81
69 99
69 21
69 52
69 0
69 58
69 25
69 97
69 5
69 32
69 50
69 29
69 68
69 3
69 27
69 22
69 51
69 77
69 72
69 16
69 19
69 45
69 44
69 93
69 84
69 7
69 56
69 49
69 86
69 35
69 1
69 10
69 65
69 98
69 89
69 8
69 61
69 90
69 59
69 31
69 95
69 67
69 80
69 43
69 63
69 91
69 47
69 66
69 60
69 54
69 20
69 12
69 24
69 82
74 81
74 99
74 21
74 52
74 0
74 58
74 25
74 97
74 5
74 32
74 50
74 29
74 68
74 3
74 27
74 22
74 51
74 77
74 72
74 16
74 19
74 45
74 44
74 93
74 84
74 7
74 56
74 49
74 86
74 35
74 1
74 10
74 65
74 98
74 89
74 8
74 61
74 90
74 59
74 31
74 95
74 67
74 80
74 43
74 63
74 91
74 47
74 66
74 60
74 54
74 20
74 12
74 24
74 82
48 81
48 99
48 21
48 52
48 0
48 58
48 25
48 97
48 5
48 32
48 50
48 29
48 68
48 3
48 27
48 22
48 51
48 77
48 72
48 16
48 19
48 45
48 44
48 93
48 84
48 7
48 56
48 49
48 86
48 35
48 1
48 10
48 65
48 98
48 89
48 8
48 61
48 90
48 59
48 31
48 95
48 67
48 80
48 43
48 63
48 91
48 47
48 66
48 60
48 54
48 20
48 12
48 24
48 82
39 81
39 99
39 21
39 52
39 0
39 58
39 25
39 97
39 5
39 32
39 50
39 29
39 68
39 3
39 27
39 22
39 51
39 77
39 72
39 16
39 19
39 45
39 44
39 93
39 84
39 7
39 56
39 49
39 86
39 35
39 1
39 10
39 65
39 98
39 89
39 8
39 61
39 90
39 59
39 31
39 95
39 67
39 80
39 43
39 63
39 91
39 47
39 66
39 60
39 54
39 20
39 12
39 24
39 82
85 81
85 99
85 21
85 52
85 0
85 58
85 25
85 97
85 5
85 32
85 50
85 29
85 68
85 3
85 27
85 22
85 51
85 77
85 72
85 16
85 19
85 45
85 44
85 93
85 84
85 7
85 56
85 49
85 86
85 35
85 1
85 10
85 65
85 98
85 89
85 8
85 61
85 90
85 59
85 31
85 95
85 67
85 80
85 43
85 63
85 91
85 47
85 66
85 60
85 54
85 20
85 12
85 24
85 82
33 81
33 99
33 21
33 52
33 0
33 58
33 25
33 97
33 5
33 32
33 50
33 29
33 68
33 3
33 27
33 22
33 51
33 77
33 72
33 16
33 19
33 45
33 44
33 93
33 84
33 7
33 56
33 49
33 86
33 35
33 1
33 10
33 65
33 98
33 89
33 8
33 61
33 90
33 59
33 31
33 95
33 67
33 80
33 43
33 63
33 91
33 47
33 66
33 60
33 54
33 20
33 12
33 24
33 82
55 81
55 99
55 21
55 52
55 0
55 58
55 25
55 97
55 5
55 32
55 50
55 29
55 68
55 3
55 27
55 22
55 51
55 77
55 72
55 16
55 19
55 45
55 44
55 93
55 84
55 7
55 56
55 49
55 86
55 35
55 1
55 10
55 65
55 98
55 89
55 8
55 61
55 90
55 59
55 31
55 95
55 67
55 80
55 43
55 63
55 91
55 47
55 66
55 60
55 54
55 20
55 12
55 24
55 82
36 81
36 99
36 21
36 52
36 0
36 58
36 25
36 97
36 5
36 32
36 50
36 29
36 68
36 3
36 27
36 22
36 51
36 77
36 72
36 16
36 19
36 45
36 44
36 93
36 84
36 7
36 56
36 49
36 86
36 35
36 1
36 10
36 65
36 98
36 89
36 8
36 61
36 90
36 59
36 31
36 95
36 67
36 80
36 43
36 63
36 91
36 47
36 66
36 60
36 54
36 20
36 12
36 24
36 82
28 81
28 99
28 21
28 52
28 0
28 58
28 25
28 97
28 5
28 32
28 50
28 29
28 68
28 3
28 27
28 22
28 51
28 77
28 72
28 16
28 19
28 45
28 44
28 93
28 84
28 7
28 56
28 49
28 86
28 35
28 1
28 10
28 65
28 98
28 89
28 8
28 61
28 90
28 59
28 31
28 95
28 67
28 80
28 43
28 63
28 91
28 47
28 66
28 60
28 54
28 20
28 12
28 24
28 82
70 81
70 99
70 21
70 52
70 0
70 58
70 25
70 97
70 5
70 32
70 50
70 29
70 68
70 3
70 27
70 22
70 51
70 77
70 72
70 16
70 19
70 45
70 44
70 93
70 84
70 7
70 56
70 49
70 86
70 35
70 1
70 10
70 65
70 98
70 89
70 8
70 61
70 90
70 59
70 31
70 95
70 67
70 80
70 43
70 63
70 91
70 47
70 66
70 60
70 54
70 20
70 12
70 24
70 82
34 81
34 99
34 21
34 52
34 0
34 58
34 25
34 97
34 5
34 32
34 50
34 29
34 68
34 3
34 27
34 22
34 51
34 77
34 72
34 16
34 19
34 45
34 44
34 93
34 84
34 7
34 56
34 49
34 86
34 35
34 1
34 10
34 65
34 98
34 89
34 8
34 61
34 90
34 59
34 31
34 95
34 67
34 80
34 43
34 63
34 91
34 47
34 66
34 60
34 54
34 20
34 12
34 24
34 82
4 81
4 99
4 21
4 52
4 0
4 58
4 25
4 97
4 5
4 32
4 50
4 29
4 68
4 3
4 27
4 22
4 51
4 77
4 72
4 16
4 19
4 45
4 44
4 93
4 84
4 7
4 56
4 49
4 86
4 35
4 1
4 10
4 65
4 98
4 89
4 8
4 61
4 90
4 59
4 31
4 95
4 67
4 80
4 43
4 63
4 91
4 47
4 66
4 60
4 54
4 20
4 12
4 24
4 82
71 81
71 99
71 21
71 52
71 0
71 58
71 25
71 97
71 5
71 32
71 50
71 29
71 68
71 3
71 27
71 22
71 51
71 77
71 72
71 16
71 19
71 45
71 44
71 93
71 84
71 7
71 56
71 49
71 86
71 35
71 1
71 10
71 65
71 98
71 89
71 8
71 61
71 90
71 59
71 31
71 95
71 67
71 80
71 43
71 63
71 91
71 47
71 66
71 60
71 54
71 20
71 12
71 24
71 82
40 81
40 99
40 21
40 52
40 0
40 58
40 25
40 97
40 5
40 32
40 50
40 29
40 68
40 3
40 27
40 22
40 51
40 77
40 72
40 16
40 19
40 45
40 44
40 93
40 84
40 7
40 56
40 49
40 86
40 35
40 1
40 10
40 65
40 98
40 89
40 8
40 61
40 90
40 59
40 31
40 95
40 67
40 80
40 43
40 63
40 91
40 47
40 66
40 60
40 54
40 20
40 12
40 24
40 82
75 81
75 99
75 21
75 52
75 0
75 58
75 25
75 97
75 5
75 32
75 50
75 29
75 68
75 3
75 27
75 22
75 51
75 77
75 72
75 16
75 19
75 45
75 44
75 93
75 84
75 7
75 56
75 49
75 86
75 35
75 1
75 10
75 65
75 98
75 89
75 8
75 61
75 90
75 59
75 31
75 95
75 67
75 80
75 43
75 63
75 91
75 47
75 66
75 60
75 54
75 20
75 12
75 24
75 82
2 81
2 99
2 21
2 52
2 0
2 58
2 25
2 97
2 5
2 32
2 50
2 29
2 68
2 3
2 27
2 22
2 51
2 77
2 72
2 16
2 19
2 45
2 44
2 93
2 84
2 7
2 56
2 49
2 86
2 35
2 1
2 10
2 65
2 98
2 89
2 8
2 61
2 90
2 59
2 31
2 95
2 67
2 80
2 43
2 63
2 91
2 47
2 66
2 60
2 54
2 20
2 12
2 24
2 82
73 81
73 99
73 21
73 52
73 0
73 58
73 25
73 97
73 5
73 32
73 50
73 29
73 68
73 3
73 27
73 22
73 51
73 77
73 72
73 16
73 19
73 45
73 44
73 93
73 84
73 7
73 56
73 49
73 86
73 35
73 1
73 10
73 65
73 98
73 89
73 8
73 61
73 90
73 59
73 31
73 95
73 67
73 80
73 43
73 63
73 91
73 47
73 66
73 60
73 54
73 20
73 12
73 24
73 82
13 81
13 99
13 21
13 52
13 0
13 58
13 25
13 97
13 5
13 32
13 50
13 29
13 68
13 3
13 27
13 22
13 51
13 77
13 72
13 16
13 19
13 45
13 44
13 93
13 84
13 7
13 56
13 49
13 86
13 35
13 1
13 10
13 65
13 98
13 89
13 8
13 61
13 90
13 59
13 31
13 95
13 67
13 80
13 43
13 63
13 91
13 47
13 66
13 60
13 54
13 20
13 12
13 24
13 82
53 81
53 99
53 21
53 52
53 0
53 58
53 25
53 97
53 5
53 32
53 50
53 29
53 68
53 3
53 27
53 22
53 51
53 77
53 72
53 16
53 19
53 45
53 44
53 93
53 84
53 7
53 56
53 49
53 86
53 35
53 1
53 10
53 65
53 98
53 89
53 8
53 61
53 90
53 59
53 31
53 95
53 67
53 80
53 43
53 63
53 91
53 47
53 66
53 60
53 54
53 20
53 12
53 24
53 82
46 81
46 99
46 21
46 52
46 0
46 58
46 25
46 97
46 5
46 32
46 50
46 29
46 68
46 3
46 27
46 22
46 51
46 77
46 72
46 16
46 19
46 45
46 44
46 93
46 84
46 7
46 56
46 49
46 86
46 35
46 1
46 10
46 65
46 98
46 89
46 8
46 61
46 90
46 59
46 31
46 95
46 67
46 80
46 43
46 63
46 91
46 47
46 66
46 60
46 54
46 20
46 12
46 24
46 82
78 81
78 99
78 21
78 52
78 0
78 58
78 25
78 97
78 5
78 32
78 50
78 29
78 68
78 3
78 27
78 22
78 51
78 77
78 72
78 16
78 19
78 45
78 44
78 93
78 84
78 7
78 56
78 49
78 86
78 35
78 1
78 10
78 65
78 98
78 89
78 8
78 61
78 90
78 59
78 31
78 95
78 67
78 80
78 43
78 63
78 91
78 47
78 66
78 60
78 54
78 20
78 12
78 24
78 82
38 81
38 99
38 21
38 52
38 0
38 58
38 25
38 97
38 5
38 32
38 50
38 29
38 68
38 3
38 27
38 22
38 51
38 77
38 72
38 16
38 19
38 45
38 44
38 93
38 84
38 7
38 56
38 49
38 86
38 35
38 1
38 10
38 65
38 98
38 89
38 8
38 61
38 90
38 59
38 31
38 95
38 67
38 80
38 43
38 63
38 91
38 47
38 66
38 60
38 54
38 20
38 12
38 24
38 82
92 81
92 99
92 21
92 52
92 0
92 58
92 25
92 97
92 5
92 32
92 50
92 29
92 68
92 3
92 27
92 22
92 51
92 77
92 72
92 16
92 19
92 45
92 44
92 93
92 84
92 7
92 56
92 49
92 86
92 35
92 1
92 10
92 65
92 98
92 89
92 8
92 61
92 90
92 59
92 31
92 95
92 67
92 80
92 43
92 63
92 91
92 47
92 66
92 60
92 54
92 20
92 12
92 24
92 82
87 23
87 79
87 15
87 41
87 96
87 64
87 83
87 6
87 26
87 57
87 42
87 9
87 37
87 17
87 76
87 88
87 62
87 11
87 14
87 94
87 30
87 18
87 69
87 74
87 48
87 39
87 85
87 33
87 55
87 36
87 28
87 70
87 34
87 4
87 71
87 40
87 75
87 2
87 73
87 13
87 53
87 46
87 78
87 38
87 92
