118 0
120 0
135 0
211 0
296 0
311 0
337 0
362 0
412 0
431 0
472 0
481 0
92 481
21 92
279 92
201 21
221 472
447 472
343 447
488 447
46 488
113 431
114 431
162 431
474 431
14 474
30 474
186 474
317 474
411 474
514 474
175 411
473 175
73 186
131 186
301 186
525 186
176 525
479 525
284 301
419 301
480 301
55 480
313 73
339 73
1 339
183 339
13 183
68 183
69 183
299 183
497 183
532 69
41 532
165 68
465 68
149 465
513 13
43 30
244 43
273 43
82 273
359 273
143 14
157 14
272 14
395 14
471 14
134 471
225 471
390 471
404 471
500 471
391 500
397 391
441 395
94 441
77 272
95 272
189 272
282 272
354 272
47 354
235 354
516 282
97 516
127 97
203 127
493 127
372 203
406 189
48 95
137 95
420 95
329 420
375 420
261 137
448 137
540 137
169 157
295 157
245 169
444 245
451 245
476 245
33 143
178 143
78 178
216 178
25 216
212 216
303 25
16 33
90 33
182 162
536 162
153 536
36 114
125 114
150 114
438 150
26 438
233 438
338 438
3 125
281 125
310 125
139 310
2 36
62 36
264 36
148 264
242 2
88 362
111 362
136 362
172 362
486 362
86 486
385 486
198 86
218 86
32 198
71 198
108 198
228 198
470 228
252 470
408 32
355 172
507 172
248 507
452 355
321 136
219 321
292 321
396 321
274 396
277 396
286 396
468 396
491 396
437 491
523 437
72 219
144 219
270 219
537 270
83 72
98 111
190 111
388 111
539 111
133 539
220 388
515 190
199 88
44 199
308 199
241 337
328 337
477 337
319 477
454 241
387 311
171 296
402 296
466 296
511 296
42 511
352 511
427 511
435 511
269 435
367 435
384 367
249 269
8 427
213 427
285 427
322 427
389 427
426 427
60 426
79 426
124 389
405 124
475 124
4 475
56 475
383 475
357 405
7 322
278 7
28 285
424 285
530 285
180 28
229 28
331 28
304 229
526 229
280 526
161 280
37 180
510 180
63 213
246 213
456 213
478 213
517 213
290 246
439 246
257 63
232 257
347 42
461 42
101 461
449 101
53 347
373 347
129 53
128 466
325 466
371 466
484 466
428 484
188 428
193 428
403 428
236 371
324 371
353 371
443 371
467 371
6 443
258 443
366 258
158 353
163 353
330 353
442 324
492 324
238 325
382 325
436 325
459 325
445 459
74 238
335 128
529 128
231 402
432 211
460 211
141 432
58 135
316 135
361 135
267 361
215 316
288 316
348 215
369 215
340 369
297 118
345 118
524 118
96 345
168 345
223 345
377 345
59 168
263 168
521 263
93 59
142 93
251 96
423 96
533 423
99 533
538 99
61 297
110 297
187 297
208 297
490 297
35 490
40 490
49 490
154 490
495 490
209 495
351 495
254 351
75 154
152 154
407 154
314 407
262 152
483 49
194 483
105 40
247 105
450 105
230 35
240 35
508 35
45 508
342 508
358 508
360 508
398 508
349 398
356 398
106 356
39 106
453 106
130 39
457 39
464 130
368 349
11 368
307 368
336 11
378 11
522 11
115 360
179 360
81 179
309 179
132 81
196 81
255 81
300 81
31 300
54 300
85 255
87 255
487 255
34 87
123 115
167 115
379 115
38 379
51 167
146 167
66 146
399 66
67 399
327 51
509 51
156 123
425 156
440 156
217 425
380 217
260 358
306 358
312 358
57 312
27 306
204 260
214 260
414 260
181 214
15 204
205 342
52 45
446 45
164 230
243 230
65 208
102 208
185 208
207 208
422 208
455 208
463 208
226 463
239 463
293 463
210 455
287 455
482 287
9 422
70 422
117 422
138 422
145 422
256 422
76 256
374 256
469 256
520 256
275 469
346 469
499 469
191 499
323 499
19 346
283 19
350 19
381 350
122 283
259 283
364 122
195 275
253 275
409 275
294 253
502 253
5 195
20 195
107 195
433 195
363 107
22 374
89 374
276 374
519 276
222 519
237 519
250 519
413 519
462 519
103 413
234 103
393 103
334 237
394 237
341 334
376 22
535 22
151 76
531 76
29 531
401 151
200 138
112 200
177 117
365 117
415 117
528 117
166 365
386 365
506 386
119 166
126 166
159 166
400 166
504 166
512 166
305 159
485 159
527 159
155 527
418 527
494 527
518 527
121 126
417 119
64 70
116 70
392 70
430 392
174 9
224 9
416 9
429 9
206 224
332 224
23 332
344 332
202 185
24 102
140 102
192 102
289 102
10 140
84 24
104 65
109 65
18 109
266 109
12 187
100 187
197 187
315 187
370 187
410 187
173 410
421 410
50 315
298 315
80 197
265 197
291 197
434 197
496 197
271 496
318 271
320 291
458 291
534 291
333 534
501 534
160 501
147 333
170 147
268 147
505 147
91 458
184 265
503 265
302 503
17 302
326 302
227 184
489 80
498 12
