56 28
80 211
115 173
136 307
151 244
156 118
159 86
209 31
256 79
326 162
372 47
419 205
487 318
492 229
494 330
2 0
11 0
30 0
134 0
170 0
210 0
244 0
279 0
321 0
409 0
498 0
477 498
491 477
466 409
71 466
7 279
69 279
105 279
177 279
179 279
232 279
270 279
357 279
295 357
371 357
373 357
469 357
386 469
42 373
420 373
458 42
43 371
309 371
138 270
40 232
127 232
163 232
202 232
408 232
434 232
302 434
26 202
87 202
120 202
166 202
356 202
106 120
320 120
198 320
17 163
122 17
96 127
92 40
214 40
215 40
442 40
76 442
327 215
361 214
73 92
140 92
430 140
481 140
395 73
102 179
121 179
246 177
238 246
349 238
397 238
93 105
95 105
263 105
293 105
301 105
323 105
180 323
116 301
352 293
450 95
65 244
97 244
268 244
240 97
427 97
60 427
253 427
428 427
269 253
315 253
366 253
391 366
267 315
111 60
260 60
221 260
421 260
187 421
347 421
383 421
426 187
489 187
379 426
174 111
119 240
390 240
467 240
468 240
382 468
385 468
399 468
194 382
124 467
165 467
370 467
410 467
417 467
454 467
331 454
275 370
446 370
218 446
34 124
89 119
292 65
224 292
316 292
341 292
200 341
453 341
184 453
222 453
339 222
16 339
433 184
254 316
59 254
299 224
157 299
298 157
423 157
129 210
314 210
384 210
490 210
306 490
131 384
283 384
98 283
101 283
149 283
242 283
276 283
449 283
459 449
32 459
13 276
495 276
29 314
51 314
99 314
289 314
212 289
15 129
37 129
229 129
297 129
478 129
27 478
54 297
81 297
185 297
245 297
473 297
150 473
61 245
167 245
247 245
443 245
100 247
186 247
239 247
294 239
50 186
387 50
435 50
161 100
368 100
94 368
108 185
112 185
114 185
329 114
63 112
318 112
351 112
47 318
155 318
479 487
35 47
67 47
64 63
133 229
162 229
190 229
350 229
455 229
460 229
130 350
290 190
432 290
448 290
86 448
220 326
322 162
424 162
437 162
128 424
441 424
285 128
231 322
378 133
139 170
172 170
192 170
204 192
394 204
250 172
402 172
14 250
463 250
485 139
110 485
126 485
146 485
201 485
464 485
5 134
49 134
113 134
152 134
173 134
211 134
392 134
470 134
6 470
197 470
252 470
118 252
193 252
207 252
303 252
45 303
171 303
223 303
261 303
164 223
274 171
389 207
31 389
456 389
340 31
178 193
208 193
439 193
233 208
262 208
143 262
411 262
44 143
393 143
305 178
480 178
18 305
57 305
288 305
438 305
452 305
175 438
52 156
123 118
255 118
300 118
195 300
182 195
413 195
324 255
400 255
135 400
91 197
328 197
377 197
10 377
360 377
38 91
88 6
158 6
264 392
358 392
236 358
296 358
12 211
53 211
79 211
137 211
141 211
342 80
488 211
58 488
287 488
257 137
396 137
451 137
22 451
196 451
407 451
117 196
55 396
103 396
24 103
291 24
160 256
216 79
312 79
403 256
82 312
188 312
338 53
219 12
457 219
401 457
25 173
72 173
78 173
183 173
307 173
369 173
36 369
251 369
304 369
462 369
145 304
345 304
374 251
380 251
33 36
235 36
325 36
388 33
28 307
74 307
282 136
308 307
367 136
422 136
486 136
148 486
153 486
191 486
226 486
90 226
142 422
104 142
483 104
21 367
363 308
227 363
277 282
348 56
475 56
317 475
205 25
310 25
19 205
39 205
48 205
499 205
68 499
147 499
313 499
445 313
23 68
278 68
471 68
41 471
353 471
364 353
259 278
273 259
280 259
144 280
66 273
228 48
258 48
265 48
336 48
406 48
375 265
497 265
20 497
85 258
203 258
286 258
404 258
365 203
415 365
213 85
335 85
412 335
4 228
8 228
75 228
168 228
405 228
181 405
234 405
332 405
482 405
425 482
440 482
436 332
237 168
243 168
362 168
83 362
429 237
461 4
346 39
431 39
344 431
333 113
444 113
1 444
176 444
266 444
62 266
225 266
472 62
271 1
359 1
249 359
496 333
381 496
493 496
70 30
84 30
107 30
189 30
230 30
319 30
334 30
474 30
476 30
132 334
311 132
465 132
272 319
330 230
376 230
398 230
418 230
3 418
248 418
284 418
416 418
154 416
337 154
199 398
9 376
217 376
109 217
206 330
484 330
46 484
125 484
343 484
169 206
241 189
354 107
355 70
414 355
447 11
77 447
281 2
