10 104
70 159
119 314
131 452
171 358
231 202
259 389
263 381
267 243
306 192
389 34
426 96
430 412
456 56
496 7
158 0
297 158
155 297
316 297
154 155
213 155
63 213
13 63
429 63
167 13
22 167
136 167
413 136
55 413
111 55
32 111
72 32
124 32
157 72
448 72
451 157
152 451
310 152
442 152
165 310
206 165
284 165
153 284
325 284
427 153
223 427
485 223
296 485
346 485
49 346
109 346
309 109
220 49
378 220
232 378
491 378
305 232
264 305
57 264
270 57
400 270
337 400
368 337
261 368
128 261
334 261
54 334
303 54
302 303
307 303
149 307
23 149
388 149
437 388
440 388
178 440
347 440
335 347
151 335
262 335
193 151
285 193
214 285
371 285
339 371
50 339
88 50
219 88
326 88
482 326
202 482
81 231
228 231
39 228
41 39
336 41
47 336
234 336
321 234
290 321
438 321
177 290
356 290
434 356
247 434
9 247
268 247
121 268
168 268
159 121
487 121
224 70
455 70
280 455
372 280
461 280
421 461
11 421
411 421
383 11
468 11
423 468
242 423
369 423
180 242
495 242
252 180
137 252
313 137
445 313
382 445
174 382
366 382
134 174
254 134
453 134
147 254
209 147
20 209
277 209
148 277
304 20
117 304
61 117
78 117
432 61
198 432
352 432
170 352
282 170
484 282
68 484
390 68
459 68
349 459
182 349
190 182
394 182
377 190
486 190
418 377
497 418
498 418
385 498
343 385
470 385
266 343
6 266
106 6
184 6
114 106
449 106
452 449
163 131
380 131
476 380
29 163
76 29
393 29
295 393
359 393
122 295
160 122
435 122
240 160
315 160
387 240
300 387
458 387
308 300
96 308
416 308
181 426
320 181
37 320
187 37
227 187
188 227
40 188
172 40
93 172
342 93
460 93
293 342
21 293
480 293
481 480
312 481
471 312
179 471
402 471
33 179
69 33
331 69
58 331
197 331
454 58
457 454
173 457
146 173
24 146
386 146
425 386
107 425
399 425
472 399
364 472
82 364
94 82
391 82
374 391
269 374
18 269
447 18
141 447
283 141
328 141
265 328
275 328
323 275
90 265
130 90
186 130
403 130
113 186
210 113
226 210
217 226
103 217
433 217
185 433
176 185
183 185
48 176
439 176
353 48
340 353
84 340
360 340
392 360
237 392
397 237
370 397
196 370
233 370
99 233
431 99
412 431
201 412
317 430
256 317
83 256
260 256
156 260
274 156
419 274
139 419
363 419
4 363
443 4
166 443
71 166
409 166
97 409
245 409
133 245
298 245
35 298
144 298
27 35
230 35
330 27
489 330
189 489
199 489
101 189
473 189
46 473
127 46
361 46
3 361
67 127
246 67
446 67
253 246
211 253
444 253
422 444
30 422
200 30
465 30
43 465
140 43
218 43
73 140
98 73
373 73
221 98
59 221
38 59
19 38
28 38
365 28
492 365
401 492
464 492
398 464
169 398
251 169
138 251
477 251
483 477
436 483
493 436
116 493
350 493
126 116
345 126
26 345
52 26
235 52
56 235
324 235
395 456
86 395
381 86
212 263
414 381
238 414
322 212
494 212
257 494
311 494
358 311
17 171
104 171
80 17
255 80
291 255
161 291
292 291
14 161
110 14
294 14
314 294
319 314
463 119
333 463
490 463
79 333
44 79
273 79
241 273
135 241
216 135
462 135
249 462
272 216
105 272
384 272
396 384
53 396
441 396
466 53
45 466
87 45
289 87
376 87
424 376
142 424
164 142
354 142
344 354
95 344
15 95
281 95
348 15
2 348
92 348
77 92
450 77
192 2
341 306
65 341
207 341
31 65
150 65
175 150
338 150
332 338
225 332
66 225
499 66
428 499
118 428
195 118
258 195
467 195
51 467
125 467
222 125
7 51
60 7
318 496
205 318
367 318
8 367
362 205
488 362
355 488
357 488
288 357
243 288
194 267
351 267
327 194
379 194
469 379
236 469
299 469
108 299
271 299
89 108
244 108
12 244
417 244
5 417
123 12
132 123
34 132
74 132
25 389
203 25
248 25
239 203
474 239
278 474
16 278
85 278
215 16
286 215
301 215
279 301
407 301
143 407
475 143
204 475
479 475
420 204
129 420
375 129
191 375
405 375
406 405
145 406
1 145
42 1
415 42
102 415
408 415
115 191
64 279
478 175
208 164
276 110
75 257
36 19
410 139
120 83
404 196
91 404
329 114
100 329
229 198
287 229
62 287
112 383
162 177
250 214
