6 48
45 63
58 22
82 310
87 446
107 338
116 200
181 396
291 64
343 360
348 391
372 66
398 208
406 172
410 367
429 202
449 399
64 0
436 0
194 436
295 436
185 295
368 295
231 185
150 231
244 231
380 231
111 380
49 111
72 111
163 111
246 163
297 246
9 297
17 297
68 297
395 17
301 395
345 395
366 395
152 366
431 152
307 431
407 431
147 407
359 407
130 359
381 359
393 359
234 393
373 393
251 373
276 373
94 276
39 94
125 94
353 94
375 353
101 375
134 375
139 134
19 139
340 139
119 340
267 340
304 267
114 304
242 304
279 304
300 242
225 300
240 300
440 300
15 440
216 15
361 216
365 216
96 365
397 365
90 397
282 397
157 282
319 282
144 319
325 319
98 325
441 325
332 441
433 441
178 433
220 178
341 178
357 341
439 341
142 439
446 439
73 446
113 87
438 87
378 438
421 438
21 421
308 21
309 21
256 309
263 309
146 263
422 263
63 146
23 45
326 45
83 326
324 326
118 324
428 324
387 428
200 387
369 387
321 369
35 321
53 35
360 35
65 360
66 343
401 343
120 401
4 120
302 120
434 120
265 434
173 265
122 173
156 173
219 173
207 156
275 156
208 275
245 275
54 398
257 398
260 398
38 260
80 38
176 38
425 176
161 425
402 425
169 402
197 402
171 197
379 197
140 379
404 379
351 404
277 351
305 351
262 305
299 305
243 299
278 299
59 278
166 278
280 278
195 280
396 195
155 396
198 181
241 396
48 198
141 48
322 6
355 6
138 355
196 138
399 138
435 138
31 435
71 31
388 31
218 388
3 218
339 218
132 339
201 339
27 201
206 27
11 206
363 206
99 363
70 99
112 99
189 99
124 189
110 124
160 110
212 110
16 212
274 16
40 274
22 40
79 58
129 22
177 58
57 177
333 177
131 333
283 333
92 283
328 92
69 328
419 328
289 419
55 289
356 289
405 289
172 356
367 406
403 172
413 406
285 410
400 367
411 367
269 400
211 269
415 269
447 269
18 415
149 18
213 18
293 18
121 293
358 293
179 358
347 358
261 347
420 347
430 420
292 430
445 430
43 445
165 445
117 165
272 165
52 272
154 52
214 52
7 214
183 214
233 214
5 233
354 233
1 354
180 1
187 1
384 1
50 187
106 187
75 106
346 106
103 75
123 75
222 75
248 222
88 248
217 248
414 248
288 414
312 414
12 312
416 312
437 416
192 437
229 437
109 229
317 229
315 317
249 315
350 315
290 350
310 350
84 82
253 82
303 82
186 303
254 303
30 254
91 254
298 30
327 298
423 298
14 423
153 423
232 153
418 153
10 418
409 418
60 409
255 409
364 409
175 364
448 175
184 448
81 184
182 184
259 182
335 259
424 259
331 335
377 335
258 377
323 377
104 323
44 104
135 104
296 104
127 296
202 296
252 296
95 252
247 202
314 429
376 429
62 314
67 314
221 314
273 221
318 221
151 318
226 151
426 151
20 426
370 426
37 20
47 20
281 20
158 37
442 37
74 442
32 74
230 74
334 74
391 334
199 391
427 391
100 427
167 427
25 167
204 167
294 167
41 294
77 41
264 25
8 264
239 264
390 239
137 390
162 390
215 390
108 215
382 215
394 215
344 394
236 108
143 236
313 236
29 313
97 313
26 97
85 97
205 97
24 205
191 205
408 205
13 408
349 408
444 349
238 444
227 29
115 143
28 8
46 199
2 158
76 273
51 76
102 51
237 258
210 81
286 81
270 286
86 255
338 86
268 60
56 14
105 186
164 105
168 192
389 168
126 12
159 12
228 159
417 180
250 5
371 5
342 154
223 117
311 179
33 213
128 211
36 285
443 55
362 131
383 131
412 383
336 160
386 160
330 336
190 330
374 112
174 11
287 132
385 449
145 385
432 155
78 432
337 243
329 171
133 207
93 133
224 65
148 116
316 23
352 316
61 256
193 61
209 193
306 193
392 306
34 308
320 113
136 320
188 220
170 332
42 240
203 225
266 203
271 203
89 119
235 49
284 244
