1 270
2 677
5 570
6 977
8 11
9 902
11 372
12 60
14 722
15 47
16 769
17 887
18 338
20 917
21 265
22 604
23 738
24 35
25 33
26 771
27 767
28 345
30 842
31 933
32 664
33 100
34 599
35 866
36 786
38 57
39 891
40 818
41 363
43 870
44 841
45 637
47 979
48 189
51 142
53 248
57 915
58 704
60 784
64 630
66 190
69 670
74 834
75 594
77 125
78 380
84 847
85 687
87 682
88 945
89 803
90 860
92 123
96 388
97 990
98 606
100 458
101 783
103 112
104 699
105 454
106 201
107 956
108 78
110 45
111 464
112 124
113 520
118 576
119 829
123 826
124 222
125 683
126 31
127 611
128 40
129 929
130 216
131 537
133 666
135 563
136 25
138 14
139 274
140 240
141 651
142 406
143 362
144 816
145 318
147 555
151 501
152 824
153 839
154 195
156 673
158 591
159 724
160 409
164 235
165 431
166 197
167 193
168 229
169 233
170 259
171 147
173 548
174 325
175 126
176 305
177 986
178 515
180 204
181 479
182 264
184 430
185 864
186 739
189 415
190 438
191 609
192 884
193 897
195 785
197 759
198 463
199 509
200 967
201 997
202 476
203 27
204 439
207 641
208 170
209 332
210 966
211 550
213 482
215 506
216 911
217 649
218 690
219 472
222 992
223 128
224 534
225 140
226 480
227 844
228 237
229 663
230 32
231 433
232 456
233 908
234 817
235 455
236 762
237 426
238 524
239 513
240 878
242 587
243 321
244 251
245 489
246 171
247 600
248 103
249 151
250 177
251 445
252 931
253 796
254 367
255 751
256 174
258 531
259 490
261 616
263 302
264 401
265 912
266 667
267 895
268 145
270 333
272 564
274 681
275 231
277 569
279 21
280 820
281 118
282 643
287 106
289 64
290 443
292 948
293 832
294 96
295 886
302 244
303 41
304 562
305 725
306 644
307 234
308 90
311 903
312 250
316 143
317 30
318 355
320 492
321 350
323 593
324 962
325 692
328 508
332 565
333 934
334 219
336 727
338 873
341 744
343 352
344 804
345 856
346 924
347 558
349 88
350 768
351 139
352 671
354 987
355 199
358 211
359 529
361 988
362 420
363 402
365 477
367 421
370 623
371 15
372 849
373 812
377 272
378 532
379 336
380 954
381 684
382 141
383 909
384 686
386 36
387 608
388 377
389 689
390 584
392 316
395 850
396 347
397 665
398 419
400 308
401 247
402 778
403 268
404 38
406 507
407 228
409 731
411 589
415 504
416 0
419 218
420 638
421 133
422 98
423 75
425 789
426 514
428 6
429 947
430 236
431 23
433 735
434 160
436 951
438 535
439 217
440 138
442 586
443 904
444 202
445 698
448 105
449 717
450 493
451 266
452 640
454 734
455 378
456 275
458 349
459 517
460 613
462 547
463 740
464 343
465 397
466 672
467 153
468 158
471 503
472 429
473 101
474 636
476 422
477 351
478 154
479 583
480 865
481 215
482 425
483 249
484 213
485 384
486 127
487 712
488 906
489 307
490 306
492 181
493 660
496 793
498 111
501 198
502 44
503 852
504 556
506 450
507 1
508 714
509 191
511 974
513 110
514 894
515 185
516 69
517 2
519 152
520 536
522 452
524 481
525 173
527 983
529 991
531 239
532 444
533 540
534 279
535 697
536 737
537 48
538 973
539 598
540 89
541 614
542 320
546 830
547 999
548 365
550 434
552 389
553 294
554 282
555 210
556 51
558 747
561 538
562 232
563 581
564 448
565 943
566 192
567 885
568 941
569 811
570 574
571 814
572 312
574 359
576 989
577 713
578 18
579 280
581 466
582 522
583 519
584 317
586 741
587 465
589 944
591 922
593 478
594 719
595 571
596 263
597 203
598 862
599 801
600 567
602 541
603 703
604 923
605 92
606 888
607 688
608 295
609 971
610 815
611 156
612 797
613 387
614 225
616 935
618 371
621 761
623 398
627 8
629 242
630 896
631 705
632 483
634 950
635 254
636 533
637 674
638 186
639 119
640 893
641 227
642 745
643 26
644 961
646 749
648 396
649 261
651 552
653 874
656 43
657 756
658 810
659 833
660 459
661 277
663 553
664 845
665 281
666 799
667 610
670 108
671 936
672 634
673 423
674 898
676 487
677 676
678 859
681 381
682 17
683 926
684 129
686 942
687 245
688 416
689 607
690 736
692 471
694 718
697 395
698 546
699 892
703 659
704 639
705 400
710 657
711 175
712 243
713 87
714 85
716 208
717 468
718 827
719 354
721 998
722 568
724 467
725 716
726 223
727 77
731 167
733 252
734 597
735 498
736 937
737 34
738 953
739 292
740 539
741 760
743 642
744 758
745 255
747 24
748 84
749 287
750 770
751 905
752 972
754 484
756 135
757 621
758 20
759 791
760 726
761 958
762 74
766 104
767 436
768 361
769 648
770 752
771 876
775 440
776 955
778 358
781 53
783 582
784 921
785 485
786 525
789 392
790 164
791 775
793 819
796 635
797 743
798 805
799 900
801 572
803 39
804 258
805 861
807 808
808 496
810 473
811 577
812 721
814 781
815 346
816 838
817 136
818 656
819 144
820 848
821 653
824 661
826 658
827 985
829 776
830 238
832 323
833 28
834 488
838 627
839 267
841 230
842 711
844 821
845 334
847 602
848 166
849 462
850 293
852 511
856 486
857 411
859 311
860 646
861 868
862 382
864 694
865 159
866 289
868 344
869 932
870 807
873 303
874 757
876 877
877 474
878 16
882 58
883 224
884 184
885 869
886 857
887 561
888 22
889 883
891 605
892 964
893 290
894 404
895 566
896 9
897 168
898 328
900 209
902 403
903 130
904 442
905 579
906 542
907 925
908 5
909 603
911 341
912 428
915 889
917 253
919 169
921 960
922 226
923 324
924 952
925 750
926 97
927 176
929 790
931 180
932 919
933 113
934 66
935 980
936 595
937 748
940 733
941 710
942 612
943 516
944 554
945 107
947 766
948 246
950 631
951 390
952 578
953 379
954 304
955 200
956 373
957 678
958 798
960 527
961 502
962 449
964 957
966 182
967 12
971 596
972 978
973 632
974 618
977 131
978 370
979 386
980 256
983 927
985 629
986 754
987 882
988 165
989 940
990 407
991 907
992 451
997 460
998 383
999 178
3 0
4 0
7 0
10 0
13 0
19 0
29 0
37 0
42 0
46 0
49 0
50 0
52 0
54 0
55 0
56 0
59 0
61 0
62 0
63 0
65 0
67 0
68 0
70 0
71 0
72 0
73 0
76 0
79 0
80 0
81 0
82 0
83 0
86 0
91 0
93 0
94 0
95 0
99 0
102 0
109 0
114 0
115 0
116 0
117 0
120 0
121 0
122 0
132 0
134 0
137 0
146 0
148 0
149 0
150 0
155 0
157 0
161 0
162 0
163 0
172 0
179 0
183 0
187 0
188 0
194 0
196 0
205 0
206 0
212 0
214 0
220 0
221 0
241 0
257 0
260 0
262 0
269 0
271 0
273 0
276 0
278 0
283 0
284 0
285 0
286 0
288 0
291 0
296 0
297 0
298 0
299 0
300 0
301 0
309 0
310 0
313 0
314 0
315 0
319 0
322 0
326 0
327 0
329 0
330 0
331 0
335 0
337 0
339 0
340 0
342 0
348 0
353 0
356 0
357 0
360 0
364 0
366 0
368 0
369 0
374 0
375 0
376 0
385 0
391 0
393 0
394 0
399 0
405 0
408 0
410 0
412 0
413 0
414 0
417 0
418 0
424 0
427 0
432 0
435 0
437 0
441 0
446 0
447 0
453 0
457 0
461 0
469 0
470 0
475 0
491 0
494 0
495 0
497 0
499 0
500 0
505 0
510 0
512 0
518 0
521 0
523 0
526 0
528 0
530 0
543 0
544 0
545 0
549 0
551 0
557 0
559 0
560 0
573 0
575 0
580 0
585 0
588 0
590 0
592 0
601 0
615 0
617 0
619 0
620 0
622 0
624 0
625 0
626 0
628 0
633 0
645 0
647 0
650 0
652 0
654 0
655 0
662 0
668 0
669 0
675 0
679 0
680 0
685 0
691 0
693 0
695 0
696 0
700 0
701 0
702 0
706 0
707 0
708 0
709 0
715 0
720 0
723 0
728 0
729 0
730 0
732 0
742 0
746 0
753 0
755 0
763 0
764 0
765 0
772 0
773 0
774 0
777 0
779 0
780 0
782 0
787 0
788 0
792 0
794 0
795 0
800 0
802 0
806 0
809 0
813 0
822 0
823 0
825 0
828 0
831 0
835 0
836 0
837 0
840 0
843 0
846 0
851 0
853 0
854 0
855 0
858 0
863 0
867 0
871 0
872 0
875 0
879 0
880 0
881 0
890 0
899 0
901 0
910 0
913 0
914 0
916 0
918 0
920 0
928 0
930 0
938 0
939 0
946 0
949 0
959 0
963 0
965 0
968 0
969 0
970 0
975 0
976 0
981 0
982 0
984 0
993 0
994 0
995 0
996 0
