1 434
24 434
85 434
165 434
255 434
314 434
354 434
429 434
503 434
512 434
516 434
56 516
216 516
104 216
265 216
300 216
508 300
321 265
403 265
281 403
416 403
268 416
536 416
144 268
264 281
394 281
513 281
176 394
86 56
482 86
344 512
371 512
55 371
174 371
345 371
455 371
461 371
283 455
288 455
332 455
198 283
442 198
79 345
96 345
146 345
207 345
208 345
2 208
105 208
181 208
443 208
484 208
464 181
58 105
184 207
301 207
342 344
13 503
80 503
117 503
166 503
272 503
440 503
441 503
465 503
333 465
404 333
192 441
287 192
303 192
107 303
143 303
202 272
110 202
108 110
432 110
15 108
130 108
186 130
65 15
25 166
39 166
52 166
298 166
447 166
326 447
140 298
218 298
498 298
499 298
31 498
246 498
523 498
177 523
83 177
228 177
16 246
420 31
428 218
189 140
324 140
470 140
81 324
99 324
257 324
412 324
466 324
533 324
12 257
437 12
502 99
149 81
172 81
229 81
292 81
389 81
517 292
225 229
256 229
284 229
348 229
534 229
9 225
418 9
197 418
316 197
408 197
141 408
384 141
61 316
452 172
530 172
93 530
154 530
152 189
245 189
396 189
497 189
151 52
194 52
398 52
413 52
236 413
353 236
380 236
221 380
504 380
7 353
135 353
327 353
393 353
20 327
397 398
156 117
244 117
449 117
459 117
34 459
230 459
451 459
481 459
273 481
290 481
211 290
222 273
103 449
5 156
368 156
423 156
119 80
190 13
335 13
293 335
360 293
139 360
328 360
250 328
438 250
468 190
261 468
500 261
57 429
63 429
317 429
511 429
537 429
43 511
145 511
259 511
338 511
492 338
199 259
114 199
73 145
431 73
486 43
362 486
8 317
134 317
386 317
463 317
132 463
415 463
462 415
263 386
210 263
91 210
127 134
40 127
49 127
185 127
340 127
477 8
95 63
262 63
267 354
460 354
28 460
62 460
138 460
204 460
269 460
346 460
409 460
33 409
426 409
247 33
125 346
322 125
4 269
51 269
349 269
227 349
178 227
501 51
515 51
68 515
179 515
275 515
131 275
36 131
309 131
445 4
30 204
201 204
319 201
525 201
351 525
219 319
330 30
401 30
532 401
82 532
115 532
369 532
458 532
518 458
66 369
102 369
421 369
97 421
406 66
17 82
472 17
121 330
294 330
129 294
0 129
475 129
279 138
296 138
367 138
183 367
510 183
120 510
336 510
509 279
92 509
495 509
53 62
200 62
241 62
258 62
507 62
237 507
69 258
101 258
187 258
94 187
478 200
526 200
214 28
26 267
169 267
254 267
419 267
243 254
302 254
41 302
193 302
78 41
64 169
67 169
414 169
433 169
520 169
539 169
122 520
113 433
422 433
485 433
48 414
388 67
410 67
14 26
35 26
253 26
21 253
60 253
164 253
450 253
155 450
365 450
480 450
77 480
411 480
456 480
363 411
148 365
45 155
142 155
315 155
471 155
106 45
370 45
439 45
366 439
87 370
305 370
18 305
506 305
213 18
46 213
10 164
27 164
44 164
295 164
435 164
505 435
334 60
357 60
385 60
400 60
289 385
387 289
304 357
266 304
378 21
153 35
252 35
274 35
276 35
277 35
42 277
98 277
251 277
490 277
491 277
72 491
88 491
239 88
352 239
424 352
3 490
112 490
374 112
469 374
286 469
347 469
162 3
180 98
476 98
163 180
238 180
361 180
235 361
383 235
233 238
240 233
331 233
430 233
377 430
359 240
123 359
74 163
220 163
524 163
291 524
483 220
308 276
457 276
496 457
124 496
22 308
372 153
38 14
212 14
278 14
206 278
118 206
158 206
337 158
427 38
341 314
37 255
173 255
217 255
343 255
444 255
6 444
320 444
195 6
271 195
407 271
136 173
390 173
425 173
150 425
474 425
75 390
157 390
379 390
529 390
137 529
307 529
358 529
84 358
168 84
535 137
205 379
23 157
528 75
100 37
71 100
126 100
175 165
249 165
310 165
373 165
215 373
223 373
19 85
473 85
70 24
171 24
270 24
182 270
356 270
514 270
167 514
260 514
531 514
191 531
306 260
339 306
405 356
527 356
311 527
90 182
285 90
47 171
147 171
382 171
417 171
226 417
395 417
489 417
467 489
329 467
493 467
29 395
232 29
448 29
76 226
248 226
312 226
350 312
203 147
299 47
391 299
454 70
128 1
280 1
318 1
436 1
209 436
224 436
242 224
540 224
32 242
234 242
313 242
402 242
392 402
116 313
364 313
479 313
196 116
11 196
89 234
487 234
159 89
521 89
522 89
323 521
160 32
188 209
375 209
519 209
111 318
376 318
538 318
399 538
446 399
488 376
161 488
231 488
109 231
297 109
59 161
494 161
170 494
325 111
133 325
355 325
381 133
50 280
453 280
54 453
282 54
