2 0
3 0
7 0
9 0
10 0
11 0
12 0
14 0
16 0
17 0
18 0
20 0
23 0
25 0
27 0
29 0
32 0
34 0
35 0
36 0
37 0
38 0
39 0
43 0
45 0
46 0
47 0
48 0
49 0
50 0
51 0
52 0
54 0
55 0
56 0
59 0
60 0
61 0
64 0
68 0
70 0
71 0
76 0
77 0
78 0
80 0
82 0
83 0
84 0
85 0
87 0
89 0
92 0
96 0
97 0
101 0
107 0
109 0
110 0
113 0
114 0
115 0
117 0
120 0
121 0
122 0
127 0
128 0
129 0
130 0
131 0
132 0
133 0
138 0
139 0
140 0
141 0
143 0
144 0
146 0
150 0
153 0
154 0
155 0
156 0
158 0
159 0
160 0
161 0
162 0
165 0
167 0
168 0
169 0
170 0
171 0
172 0
176 0
177 0
178 0
179 0
180 0
181 0
182 0
185 0
187 0
190 0
192 0
193 0
194 0
197 0
198 0
199 0
201 0
203 0
205 0
206 0
208 0
209 0
210 0
212 0
215 0
216 0
217 0
218 0
220 0
221 0
222 0
223 0
225 0
226 0
227 0
228 0
229 0
231 0
233 0
234 0
235 0
236 0
238 0
240 0
243 0
246 0
248 0
251 0
252 0
256 0
257 0
258 0
259 0
261 0
262 0
263 0
264 0
265 0
266 0
269 0
270 0
276 0
277 0
278 0
280 0
284 0
286 0
287 0
289 0
290 0
291 0
292 0
294 0
295 0
296 0
300 0
301 0
303 0
304 0
305 0
306 0
308 0
311 0
312 0
316 0
317 0
318 0
319 0
320 0
321 0
323 0
324 0
326 0
327 0
330 0
333 0
334 0
335 0
336 0
337 0
338 0
339 0
341 0
343 0
344 0
348 0
349 0
351 0
352 0
353 0
355 0
356 0
357 0
362 0
363 0
365 0
366 0
367 0
368 0
373 0
376 0
377 0
378 0
379 0
382 0
384 0
386 0
389 0
392 0
394 0
395 0
397 0
398 0
399 0
401 0
402 0
404 0
405 0
406 0
408 0
409 0
410 0
412 0
417 0
420 0
421 0
422 0
423 0
424 0
426 0
427 0
428 0
431 0
432 0
433 0
435 0
437 0
439 0
443 0
445 0
447 0
448 0
450 0
451 0
453 0
454 0
455 0
456 0
460 0
463 0
464 0
465 0
466 0
467 0
469 0
472 0
473 0
475 0
476 0
478 0
480 0
482 0
483 0
484 0
486 0
489 0
490 0
493 0
494 0
496 0
497 0
498 0
499 0
501 0
503 0
505 0
506 0
507 0
509 0
519 0
520 0
521 0
525 0
526 0
529 0
533 0
534 0
538 0
541 0
542 0
544 0
549 0
551 0
554 0
558 0
561 0
564 0
565 0
567 0
568 0
574 0
577 0
578 0
582 0
583 0
586 0
587 0
588 0
590 0
595 0
596 0
597 0
598 0
601 0
602 0
604 0
605 0
606 0
608 0
609 0
612 0
613 0
614 0
615 0
616 0
617 0
619 0
620 0
621 0
622 0
624 0
625 0
627 0
629 0
630 0
632 0
633 0
636 0
638 0
639 0
642 0
643 0
645 0
646 0
647 0
649 0
652 0
653 0
655 0
656 0
658 0
660 0
661 0
663 0
665 0
666 0
668 0
669 0
670 0
671 0
672 0
674 0
675 0
676 0
677 0
678 0
680 0
681 0
683 0
684 0
685 0
687 0
688 0
690 0
693 0
698 0
699 0
702 0
704 0
707 0
708 0
710 0
711 0
713 0
714 0
715 0
716 0
719 0
721 0
723 0
726 0
727 0
730 0
731 0
732 0
734 0
735 0
736 0
738 0
742 0
745 0
746 0
748 0
750 0
751 0
752 0
753 0
755 0
756 0
758 0
759 0
760 0
764 0
765 0
766 0
768 0
770 0
774 0
775 0
776 0
778 0
779 0
780 0
781 0
782 0
783 0
784 0
789 0
791 0
793 0
795 0
796 0
797 0
798 0
799 0
802 0
804 0
807 0
808 0
810 0
813 0
814 0
815 0
816 0
817 0
818 0
819 0
820 0
821 0
822 0
825 0
826 0
828 0
829 0
831 0
832 0
833 0
835 0
837 0
839 0
1 839
5 839
8 839
15 839
19 839
21 839
24 839
30 839
31 839
40 839
41 839
42 839
44 839
53 839
66 839
67 839
72 839
73 839
74 839
79 839
86 839
90 839
93 839
94 839
95 839
98 839
100 839
104 839
105 839
108 839
116 839
134 839
137 839
142 839
145 839
147 839
148 839
151 839
152 839
157 839
164 839
166 839
173 839
174 839
183 839
186 839
188 839
189 839
195 839
196 839
200 839
202 839
207 839
213 839
224 839
232 839
237 839
239 839
241 839
242 839
244 839
247 839
250 839
253 839
254 839
255 839
272 839
273 839
274 839
281 839
282 839
283 839
288 839
298 839
302 839
307 839
310 839
313 839
315 839
325 839
329 839
332 839
340 839
342 839
345 839
346 839
347 839
350 839
359 839
360 839
364 839
369 839
370 839
374 839
381 839
385 839
390 839
391 839
396 839
400 839
403 839
411 839
415 839
419 839
425 839
429 839
434 839
438 839
442 839
449 839
452 839
457 839
459 839
461 839
470 839
471 839
474 839
485 839
487 839
491 839
495 839
502 839
508 839
512 839
515 839
517 839
524 839
530 839
535 839
536 839
537 839
539 839
540 839
543 839
546 839
547 839
548 839
550 839
557 839
559 839
562 839
563 839
569 839
570 839
572 839
573 839
576 839
579 839
580 839
584 839
589 839
591 839
594 839
600 839
610 839
611 839
623 839
628 839
634 839
637 839
640 839
648 839
650 839
662 839
679 839
691 839
692 839
695 839
696 839
700 839
701 839
705 839
706 839
720 839
722 839
724 839
725 839
728 839
729 839
733 839
739 839
744 839
747 839
749 839
754 839
757 839
761 839
762 839
763 839
767 839
769 839
772 839
777 839
786 839
787 839
788 839
794 839
801 839
805 839
806 839
809 839
812 839
830 839
834 839
836 839
4 836
6 836
13 836
22 836
28 836
57 836
58 836
62 836
65 836
81 836
88 836
91 836
99 836
103 836
106 836
111 836
112 836
118 836
119 836
123 836
124 836
125 836
126 836
149 836
163 836
191 836
211 836
214 836
219 836
245 836
267 836
279 836
285 836
293 836
297 836
314 836
328 836
331 836
354 836
361 836
371 836
380 836
383 836
387 836
388 836
393 836
413 836
414 836
416 836
436 836
441 836
444 836
458 836
477 836
479 836
488 836
504 836
511 836
513 836
514 836
518 836
522 836
528 836
532 836
545 836
552 836
555 836
556 836
566 836
571 836
581 836
592 836
593 836
599 836
603 836
618 836
626 836
644 836
651 836
657 836
664 836
682 836
689 836
694 836
697 836
703 836
709 836
718 836
737 836
741 836
773 836
785 836
790 836
800 836
811 836
823 836
824 836
827 836
840 836
26 840
69 840
75 840
175 840
184 840
260 840
271 840
275 840
309 840
358 840
372 840
418 840
430 840
440 840
446 840
481 840
492 840
510 840
516 840
523 840
527 840
531 840
560 840
635 840
641 840
659 840
686 840
712 840
717 840
740 840
743 840
803 840
102 803
204 803
299 803
375 803
407 803
462 803
468 803
553 803
575 803
585 803
607 803
631 803
673 803
771 803
792 803
838 803
135 838
136 838
230 838
268 838
654 838
33 654
63 654
249 654
322 249
500 249
667 249
