74 152
304 152
228 304
270 304
383 270
251 228
376 251
165 376
421 376
463 165
473 463
91 473
105 473
290 105
214 290
240 290
422 240
493 422
0 493
372 493
108 372
367 372
436 367
11 436
478 436
336 478
382 336
319 382
340 319
501 319
288 340
523 340
483 288
532 483
169 532
92 169
414 169
63 92
300 92
292 300
201 292
358 292
58 201
361 201
331 361
34 331
179 331
430 179
250 430
183 250
461 250
394 183
247 394
368 394
182 368
155 247
248 155
314 155
98 248
31 98
262 31
527 31
455 262
97 455
161 97
130 161
140 161
178 130
341 178
67 341
170 341
226 67
230 67
418 230
351 418
391 418
189 351
295 189
458 189
316 295
205 316
303 316
59 303
218 303
221 218
254 221
38 254
407 38
475 38
26 407
76 26
264 26
510 264
377 510
82 377
426 82
471 426
474 426
107 474
17 107
278 107
109 17
428 17
479 428
85 479
268 479
381 85
175 381
233 175
111 233
145 233
194 145
281 145
50 281
44 50
538 50
65 538
512 538
451 512
117 451
10 117
138 10
386 10
54 138
164 54
396 164
452 164
237 452
332 237
506 237
296 332
439 332
444 296
153 444
489 444
39 489
15 39
127 39
73 127
400 73
160 400
71 160
329 71
104 329
441 104
505 104
106 505
245 106
261 106
154 245
379 154
217 379
306 379
8 217
499 8
513 8
55 513
181 55
315 55
445 315
457 445
427 181
333 427
43 333
449 333
137 449
491 137
199 491
79 43
279 79
253 279
487 253
524 487
27 524
93 27
186 27
500 93
193 500
462 500
320 462
297 320
364 320
49 297
405 49
291 405
219 291
389 219
529 219
86 529
36 86
115 86
72 36
477 72
156 477
56 156
241 156
289 241
118 289
12 118
518 118
231 518
131 12
213 131
481 131
378 213
212 378
517 378
18 212
232 18
69 232
208 232
359 208
310 359
519 310
537 519
486 537
515 537
516 486
356 516
472 516
103 472
6 103
141 6
307 6
438 141
40 438
328 438
255 40
398 255
370 398
126 370
29 126
3 29
435 3
150 435
224 435
42 150
180 42
468 42
116 468
437 116
147 437
191 437
498 147
429 498
350 429
132 350
151 350
207 132
349 207
16 349
366 349
139 366
322 139
95 16
263 95
399 263
45 399
275 399
271 275
47 45
521 47
157 521
166 521
52 166
146 157
89 146
61 89
239 89
187 61
301 187
46 301
423 301
113 423
68 113
252 68
119 252
62 119
184 62
434 62
273 184
277 184
447 277
507 277
464 507
215 464
539 464
120 539
448 120
195 448
335 195
392 195
317 392
373 335
535 373
129 535
348 535
185 129
13 185
88 13
497 88
225 497
354 497
90 354
210 90
528 210
176 528
484 176
9 484
503 484
64 503
2 64
393 2
390 393
287 390
480 390
305 287
259 305
33 259
96 33
384 96
242 384
347 384
363 347
57 363
159 363
70 57
443 57
123 443
298 443
21 123
294 21
490 21
100 490
508 100
522 100
32 508
80 508
339 80
442 339
41 442
466 41
171 466
424 466
420 424
148 171
167 148
173 167
353 167
344 173
246 344
211 246
388 211
401 211
20 388
25 388
321 25
162 20
112 162
257 112
124 257
99 124
482 124
204 99
202 204
309 202
406 202
114 406
234 406
311 234
236 311
267 311
28 267
260 28
411 260
425 260
375 425
397 425
265 397
413 375
144 413
525 413
282 525
509 525
269 509
1 282
343 1
415 343
395 415
504 415
274 395
520 395
432 274
476 432
229 476
142 229
60 142
492 142
83 492
285 83
387 285
417 387
495 387
360 495
496 495
87 496
283 87
460 87
94 460
327 94
334 327
318 283
355 318
280 355
35 280
110 280
266 110
380 266
362 380
502 380
533 502
174 533
276 533
77 276
352 77
511 77
419 511
469 419
293 469
324 469
177 293
308 293
385 308
342 385
416 342
238 416
408 416
494 238
286 494
337 494
346 337
446 286
244 446
534 244
78 534
325 534
22 78
7 22
220 22
330 7
172 330
5 172
203 5
284 5
158 203
48 158
402 158
531 402
168 48
192 168
530 192
24 530
81 530
53 81
409 81
223 53
66 223
465 223
188 66
256 66
249 188
514 188
23 514
323 23
369 323
526 369
312 526
357 526
326 312
209 326
121 209
485 209
198 121
37 198
345 37
313 345
14 313
122 14
197 122
365 197
133 365
299 365
30 299
454 299
467 454
163 467
200 30
470 200
190 470
222 470
128 222
374 128
101 374
216 374
431 216
134 431
456 431
135 456
453 456
75 135
235 75
433 235
51 433
136 51
488 51
440 488
19 440
536 19
84 536
272 84
412 272
459 272
149 412
338 412
102 101
206 177
227 206
302 35
143 46
258 143
4 180
450 389
196 441
371 194
403 471
410 76
125 59
404 11
243 404
