0 497
1 497
2 497
5 497
6 497
9 497
10 497
11 497
12 497
16 497
18 497
19 497
22 497
23 497
25 497
26 497
28 497
31 497
32 497
33 497
35 497
36 497
37 497
39 497
40 497
41 497
42 497
44 497
45 497
48 497
49 497
50 497
51 497
53 497
54 497
56 497
57 497
59 497
60 497
61 497
63 497
65 497
66 497
68 497
69 497
70 497
72 497
73 497
74 497
75 497
76 497
78 497
80 497
81 497
82 497
83 497
84 497
85 497
86 497
88 497
92 497
93 497
94 497
95 497
96 497
97 497
99 497
101 497
102 497
103 497
105 497
106 497
107 497
108 497
109 497
110 497
111 497
113 497
116 497
117 497
118 497
119 497
121 497
123 497
127 497
128 497
129 497
130 497
131 497
132 497
133 497
134 497
136 497
138 497
139 497
140 497
141 497
144 497
146 497
147 497
148 497
149 497
150 497
151 497
153 497
154 497
155 497
157 497
158 497
159 497
160 497
161 497
162 497
163 497
164 497
166 497
167 497
168 497
169 497
170 497
172 497
173 497
174 497
176 497
177 497
178 497
179 497
180 497
181 497
183 497
185 497
186 497
187 497
190 497
191 497
192 497
194 497
195 497
197 497
199 497
200 497
201 497
203 497
204 497
207 497
208 497
209 497
211 497
212 497
213 497
214 497
216 497
217 497
218 497
219 497
220 497
222 497
224 497
225 497
226 497
227 497
228 497
229 497
230 497
231 497
232 497
234 497
235 497
236 497
237 497
239 497
242 497
243 497
245 497
246 497
247 497
253 497
254 497
256 497
257 497
258 497
260 497
262 497
264 497
265 497
266 497
268 497
269 497
270 497
271 497
273 497
274 497
275 497
277 497
278 497
279 497
283 497
284 497
285 497
288 497
289 497
290 497
291 497
292 497
293 497
294 497
295 497
297 497
298 497
299 497
300 497
301 497
302 497
304 497
305 497
308 497
309 497
310 497
311 497
312 497
313 497
314 497
316 497
317 497
318 497
320 497
321 497
322 497
323 497
324 497
326 497
328 497
329 497
331 497
332 497
333 497
336 497
337 497
338 497
339 497
340 497
341 497
342 497
343 497
346 497
347 497
348 497
349 497
350 497
352 497
353 497
354 497
355 497
358 497
359 497
360 497
362 497
363 497
364 497
365 497
366 497
367 497
368 497
372 497
373 497
374 497
375 497
376 497
378 497
379 497
380 497
382 497
383 497
385 497
386 497
387 497
388 497
389 497
390 497
392 497
394 497
395 497
397 497
399 497
400 497
401 497
402 497
403 497
404 497
405 497
406 497
408 497
409 497
410 497
411 497
412 497
413 497
414 497
415 497
416 497
417 497
418 497
419 497
420 497
421 497
422 497
423 497
424 497
426 497
427 497
429 497
430 497
435 497
437 497
438 497
439 497
441 497
442 497
443 497
444 497
446 497
447 497
448 497
451 497
452 497
453 497
454 497
455 497
457 497
459 497
461 497
462 497
464 497
465 497
467 497
470 497
471 497
472 497
473 497
474 497
475 497
476 497
477 497
478 497
480 497
481 497
482 497
483 497
484 497
485 497
486 497
487 497
488 497
493 497
494 497
495 497
496 497
498 497
499 497
500 497
502 497
504 497
505 497
506 497
507 497
510 497
511 497
513 497
516 497
517 497
518 497
519 497
520 497
521 497
522 497
525 497
526 497
527 497
528 497
529 497
530 497
531 497
532 497
533 497
534 497
535 497
537 497
538 497
539 497
540 497
541 497
542 497
544 497
545 497
548 497
550 497
551 497
552 497
553 497
557 497
559 497
560 497
561 497
562 497
563 497
564 497
567 497
568 497
570 497
572 497
575 497
576 497
578 497
580 497
581 497
582 497
583 497
586 497
587 497
588 497
591 497
593 497
596 497
598 497
600 497
601 497
602 497
603 497
604 497
606 497
607 497
608 497
610 497
612 497
614 497
615 497
617 497
618 497
619 497
620 497
621 497
622 497
623 497
624 497
625 497
627 497
629 497
630 497
632 497
633 497
634 497
635 497
636 497
637 497
640 497
641 497
642 497
643 497
644 497
646 497
647 497
648 497
649 497
651 497
653 497
654 497
655 497
656 497
659 497
661 497
662 497
663 497
664 497
665 497
668 497
669 497
670 497
671 497
673 497
674 497
676 497
677 497
678 497
679 497
680 497
682 497
684 497
685 497
686 497
687 497
689 497
690 497
692 497
694 497
695 497
697 497
698 497
700 497
702 497
703 497
704 497
705 497
706 497
707 497
710 497
711 497
713 497
714 497
715 497
716 497
717 497
719 497
721 497
722 497
723 497
725 497
726 497
727 497
728 497
729 497
730 497
732 497
733 497
734 497
735 497
736 497
737 497
738 497
739 497
740 497
741 497
742 497
743 497
744 497
745 497
746 497
747 497
748 497
749 497
751 497
752 497
753 497
754 497
755 497
756 497
757 497
759 497
763 497
764 497
765 497
766 497
769 497
770 497
772 497
773 497
774 497
776 497
777 497
778 497
780 497
782 497
785 497
786 497
787 497
789 497
791 497
792 497
794 497
796 497
797 497
798 497
801 497
802 497
803 497
805 497
806 497
807 497
808 497
809 497
810 497
813 497
815 497
818 497
819 497
822 497
823 497
824 497
826 497
827 497
830 497
832 497
833 497
835 497
836 497
837 497
839 497
841 497
842 497
843 497
844 497
845 497
846 497
847 497
848 497
849 497
850 497
851 497
852 497
855 497
857 497
858 497
859 497
860 497
861 497
862 497
863 497
864 497
868 497
870 497
871 497
872 497
873 497
876 497
877 497
878 497
880 497
881 497
882 497
885 497
886 497
887 497
888 497
889 497
890 497
891 497
894 497
896 497
897 497
898 497
899 497
901 497
902 497
903 497
906 497
907 497
908 497
909 497
910 497
911 497
912 497
915 497
916 497
918 497
920 497
921 497
923 497
925 497
927 497
930 497
932 497
933 497
935 497
936 497
937 497
938 497
939 497
940 497
941 497
944 497
945 497
946 497
947 497
951 497
952 497
955 497
958 497
959 497
960 497
961 497
962 497
963 497
964 497
965 497
966 497
968 497
970 497
971 497
973 497
974 497
975 497
977 497
979 497
980 497
981 497
982 497
983 497
986 497
987 497
989 497
990 497
992 497
994 497
996 497
998 497
999 497
47 999
276 990
327 990
20 276
90 276
993 276
351 20
514 351
325 851
554 851
760 851
21 760
210 760
594 760
631 760
928 760
89 928
165 928
449 928
688 928
812 928
193 688
431 688
503 449
524 449
854 449
967 449
356 967
950 967
425 356
904 425
799 904
17 503
87 503
924 503
957 503
241 957
931 924
609 87
913 17
13 165
280 165
335 165
296 335
215 296
221 296
605 296
731 296
817 296
892 296
357 817
645 731
709 731
976 731
377 976
384 976
463 976
978 377
43 709
205 709
509 605
816 605
866 605
370 866
29 370
175 370
795 370
255 175
865 175
7 816
523 816
574 7
125 574
381 221
124 13
184 13
287 13
784 13
27 287
566 27
724 27
330 724
948 724
142 566
286 142
396 142
64 396
250 124
781 124
783 124
800 124
4 800
828 783
874 781
307 594
590 594
240 210
490 325
501 325
750 325
547 750
188 501
315 501
565 501
34 315
821 315
814 188
58 490
77 58
263 674
434 674
956 674
875 956
954 956
479 434
62 499
681 499
433 681
867 433
223 62
361 62
762 361
24 223
251 223
52 209
135 209
306 209
407 209
515 209
556 209
693 209
834 209
585 834
599 834
282 599
790 599
436 790
660 585
675 585
3 693
137 693
543 693
666 693
804 693
811 693
926 693
152 926
558 926
589 926
638 926
98 589
626 589
879 626
708 879
303 98
79 152
202 152
658 152
38 658
259 658
319 658
829 658
555 319
942 319
391 259
573 259
198 573
468 573
775 198
953 198
345 202
104 345
820 345
261 820
112 79
369 79
489 79
712 79
701 712
8 489
929 489
15 929
334 929
120 15
900 120
985 112
233 811
432 811
793 811
71 793
639 793
344 71
883 233
997 233
55 997
919 997
189 55
579 55
758 189
114 666
196 114
46 543
988 543
115 988
577 988
14 577
249 577
143 249
238 14
126 115
595 137
371 595
398 3
914 3
917 3
460 917
853 917
456 460
972 456
30 914
922 914
616 515
440 306
491 306
508 306
779 306
838 306
650 838
652 838
683 652
696 683
393 650
492 393
613 393
761 779
569 761
272 508
699 508
771 508
831 508
445 699
571 699
720 699
995 699
611 720
984 720
122 611
584 571
546 445
991 272
171 991
428 171
691 428
466 491
895 491
768 895
672 466
182 440
248 440
512 440
884 512
667 248
943 248
67 667
156 182
458 135
536 135
718 135
934 135
893 718
549 893
869 893
469 869
657 458
767 458
91 767
100 767
244 767
267 767
450 767
825 767
252 825
788 825
592 450
206 592
840 206
949 206
856 840
969 840
281 100
597 52
628 52
145 628
905 597
