0 5927
1 5927
2 5927
3 5927
4 5927
5 5927
6 5927
7 5927
8 5927
9 5927
10 5927
11 5927
12 5927
13 5927
14 5927
15 5927
16 5927
17 5927
18 5927
19 5927
20 5927
21 5927
22 5927
23 5927
24 5927
25 5927
26 5927
27 5927
28 5927
29 5927
30 5927
31 5927
32 5927
33 5927
34 5927
35 5927
36 5927
37 5927
38 5927
39 5927
40 5927
41 5927
42 5927
43 5927
44 5927
45 5927
46 5927
47 5927
48 5927
49 5927
50 5927
51 5927
52 5927
53 5927
54 5927
55 5927
56 5927
57 5927
58 5927
59 5927
60 5927
61 5927
62 5927
63 5927
64 5927
65 5927
66 5927
67 5927
68 5927
69 5927
70 5927
71 5927
72 5927
73 5927
74 5927
75 5927
76 5927
77 5927
78 5927
79 5927
80 5927
81 5927
82 5927
83 5927
84 5927
85 5927
86 5927
87 5927
88 5927
89 5927
90 5927
91 5927
92 5927
93 5927
94 5927
95 5927
96 5927
97 5927
98 5927
99 5927
100 5927
101 5927
102 5927
103 5927
104 5927
105 5927
106 5927
107 5927
108 5927
109 5927
110 5927
111 5927
112 5927
113 5927
114 5927
115 5927
116 5927
117 5927
118 5927
119 5927
120 5927
121 5927
122 5927
123 5927
124 5927
125 5927
126 5927
127 5927
128 5927
129 5927
130 5927
131 5927
132 5927
133 5927
134 5927
135 5927
136 5927
137 5927
138 5927
139 5927
140 5927
141 5927
142 5927
143 5927
144 5927
145 5927
146 5927
147 5927
148 5927
149 5927
150 5927
151 5927
153 5927
154 5927
155 5927
156 5927
157 5927
158 5927
159 5927
160 5927
161 5927
162 5927
163 5927
164 5927
165 5927
166 5927
167 5927
168 5927
169 5927
170 5927
171 5927
172 5927
173 5927
174 5927
175 5927
176 5927
177 5927
178 5927
179 5927
180 5927
181 5927
182 5927
183 5927
184 5927
185 5927
186 5927
187 5927
188 5927
189 5927
190 5927
191 5927
192 5927
193 5927
194 5927
195 5927
196 5927
197 5927
198 5927
199 5927
200 5927
201 5927
202 5927
203 5927
204 5927
205 5927
206 5927
207 5927
208 5927
209 5927
210 5927
211 5927
212 5927
213 5927
214 5927
215 5927
216 5927
217 5927
218 5927
219 5927
220 5927
221 5927
222 5927
223 5927
224 5927
225 5927
226 5927
227 5927
228 5927
229 5927
230 5927
231 5927
232 5927
233 5927
234 5927
235 5927
236 5927
237 5927
238 5927
239 5927
240 5927
241 5927
242 5927
243 5927
244 5927
245 5927
246 5927
247 5927
248 5927
249 5927
250 5927
251 5927
252 5927
253 5927
254 5927
255 5927
256 5927
257 5927
258 5927
259 5927
260 5927
261 5927
262 5927
263 5927
264 5927
265 5927
266 5927
267 5927
268 5927
269 5927
270 5927
271 5927
272 5927
273 5927
274 5927
275 5927
276 5927
277 5927
278 5927
279 5927
280 5927
281 5927
282 5927
283 5927
284 5927
285 5927
286 5927
287 5927
288 5927
289 5927
290 5927
291 5927
292 5927
293 5927
294 5927
295 5927
296 5927
297 5927
298 5927
299 5927
300 5927
301 5927
302 5927
303 5927
304 5927
305 5927
306 5927
307 5927
308 5927
309 5927
310 5927
311 5927
312 5927
313 5927
314 5927
315 5927
316 5927
317 5927
318 5927
319 5927
320 5927
321 5927
322 5927
323 5927
324 5927
325 5927
326 5927
327 5927
328 5927
329 5927
330 5927
331 5927
332 5927
333 5927
334 5927
335 5927
336 5927
337 5927
338 5927
339 5927
340 5927
341 5927
342 5927
343 5927
344 5927
345 5927
346 5927
347 5927
348 5927
349 5927
350 5927
351 5927
352 5927
353 5927
354 5927
355 5927
356 5927
357 5927
358 5927
359 5927
360 5927
361 5927
362 5927
363 5927
364 5927
365 5927
366 5927
367 5927
368 5927
369 5927
370 5927
371 5927
372 5927
373 5927
374 5927
375 5927
376 5927
377 5927
378 5927
379 5927
380 5927
381 5927
382 5927
383 5927
384 5927
385 5927
386 5927
387 5927
388 5927
389 5927
390 5927
391 5927
392 5927
393 5927
394 5927
395 5927
396 5927
397 5927
398 5927
399 5927
400 5927
401 5927
402 5927
403 5927
404 5927
405 5927
406 5927
407 5927
408 5927
409 5927
410 5927
411 5927
412 5927
413 5927
414 5927
415 5927
416 5927
417 5927
418 5927
419 5927
420 5927
421 5927
422 5927
423 5927
424 5927
425 5927
426 5927
427 5927
428 5927
429 5927
430 5927
431 5927
432 5927
433 5927
434 5927
435 5927
436 5927
437 5927
438 5927
439 5927
440 5927
441 5927
442 5927
443 5927
444 5927
445 5927
446 5927
447 5927
448 5927
449 5927
450 5927
451 5927
452 5927
453 5927
454 5927
455 5927
456 5927
457 5927
458 5927
459 5927
460 5927
461 5927
462 5927
463 5927
464 5927
465 5927
466 5927
467 5927
468 5927
469 5927
470 5927
471 5927
472 5927
473 5927
474 5927
475 5927
476 5927
477 5927
478 5927
479 5927
480 5927
481 5927
482 5927
483 5927
484 5927
485 5927
486 5927
487 5927
488 5927
489 5927
490 5927
491 5927
492 5927
493 5927
494 5927
495 5927
496 5927
497 5927
498 5927
499 5927
500 5927
501 5927
502 5927
503 5927
504 5927
505 5927
506 5927
507 5927
508 5927
509 5927
510 5927
511 5927
512 5927
513 5927
514 5927
515 5927
516 5927
517 5927
518 5927
519 5927
520 5927
521 5927
522 5927
523 5927
524 5927
525 5927
526 5927
527 5927
528 5927
529 5927
530 5927
531 5927
532 5927
533 5927
534 5927
535 5927
536 5927
537 5927
538 5927
539 5927
540 5927
541 5927
542 5927
543 5927
544 5927
545 5927
546 5927
547 5927
548 5927
549 5927
550 5927
551 5927
552 5927
553 5927
554 5927
555 5927
556 5927
557 5927
558 5927
559 5927
560 5927
561 5927
562 5927
563 5927
564 5927
565 5927
566 5927
567 5927
568 5927
569 5927
570 5927
571 5927
572 5927
573 5927
574 5927
575 5927
576 5927
577 5927
578 5927
579 5927
580 5927
581 5927
582 5927
583 5927
584 5927
585 5927
586 5927
587 5927
588 5927
589 5927
590 5927
591 5927
592 5927
593 5927
594 5927
595 5927
596 5927
597 5927
598 5927
599 5927
600 5927
601 5927
602 5927
603 5927
604 5927
605 5927
606 5927
607 5927
608 5927
609 5927
610 5927
611 5927
612 5927
613 5927
614 5927
615 5927
616 5927
617 5927
618 5927
619 5927
620 5927
621 5927
622 5927
623 5927
624 5927
625 5927
626 5927
627 5927
628 5927
629 5927
630 5927
631 5927
632 5927
633 5927
634 5927
635 5927
636 5927
637 5927
638 5927
639 5927
640 5927
641 5927
642 5927
643 5927
644 5927
645 5927
646 5927
647 5927
648 5927
649 5927
650 5927
651 5927
652 5927
653 5927
654 5927
655 5927
656 5927
657 5927
658 5927
659 5927
660 5927
661 5927
663 5927
664 5927
665 5927
666 5927
667 5927
668 5927
670 5927
671 5927
672 5927
673 5927
674 5927
675 5927
676 5927
677 5927
678 5927
679 5927
680 5927
681 5927
682 5927
683 5927
684 5927
685 5927
686 5927
687 5927
688 5927
689 5927
690 5927
691 5927
692 5927
693 5927
694 5927
695 5927
696 5927
697 5927
698 5927
699 5927
700 5927
701 5927
702 5927
703 5927
704 5927
705 5927
706 5927
707 5927
708 5927
709 5927
710 5927
711 5927
712 5927
713 5927
714 5927
715 5927
716 5927
717 5927
718 5927
719 5927
720 5927
721 5927
722 5927
723 5927
724 5927
725 5927
726 5927
727 5927
728 5927
729 5927
730 5927
731 5927
732 5927
733 5927
734 5927
735 5927
736 5927
737 5927
738 5927
739 5927
740 5927
741 5927
742 5927
743 5927
744 5927
745 5927
746 5927
747 5927
748 5927
749 5927
750 5927
751 5927
752 5927
753 5927
754 5927
755 5927
756 5927
757 5927
758 5927
759 5927
760 5927
761 5927
762 5927
763 5927
764 5927
765 5927
766 5927
767 5927
768 5927
769 5927
770 5927
771 5927
772 5927
773 5927
774 5927
775 5927
776 5927
777 5927
778 5927
779 5927
780 5927
781 5927
782 5927
783 5927
784 5927
785 5927
786 5927
787 5927
788 5927
789 5927
790 5927
791 5927
792 5927
793 5927
794 5927
795 5927
796 5927
797 5927
798 5927
799 5927
800 5927
801 5927
802 5927
803 5927
804 5927
805 5927
806 5927
807 5927
808 5927
809 5927
810 5927
811 5927
812 5927
813 5927
814 5927
815 5927
816 5927
817 5927
818 5927
819 5927
820 5927
821 5927
822 5927
823 5927
824 5927
825 5927
826 5927
827 5927
828 5927
829 5927
830 5927
831 5927
832 5927
833 5927
834 5927
835 5927
836 5927
837 5927
838 5927
839 5927
840 5927
841 5927
842 5927
843 5927
844 5927
845 5927
846 5927
847 5927
848 5927
849 5927
850 5927
851 5927
852 5927
853 5927
854 5927
855 5927
856 5927
857 5927
858 5927
859 5927
860 5927
861 5927
862 5927
863 5927
864 5927
865 5927
866 5927
867 5927
868 5927
869 5927
870 5927
871 5927
872 5927
873 5927
874 5927
875 5927
876 5927
877 5927
878 5927
879 5927
880 5927
881 5927
882 5927
883 5927
884 5927
885 5927
886 5927
887 5927
888 5927
889 5927
890 5927
891 5927
892 5927
893 5927
894 5927
895 5927
896 5927
897 5927
898 5927
899 5927
900 5927
901 5927
902 5927
903 5927
904 5927
905 5927
906 5927
907 5927
908 5927
909 5927
910 5927
911 5927
912 5927
913 5927
914 5927
915 5927
916 5927
917 5927
918 5927
919 5927
920 5927
921 5927
922 5927
923 5927
924 5927
925 5927
926 5927
927 5927
928 5927
929 5927
930 5927
931 5927
932 5927
933 5927
934 5927
935 5927
936 5927
937 5927
938 5927
939 5927
940 5927
941 5927
942 5927
943 5927
944 5927
945 5927
946 5927
947 5927
948 5927
949 5927
950 5927
951 5927
952 5927
953 5927
954 5927
955 5927
956 5927
957 5927
958 5927
959 5927
960 5927
961 5927
962 5927
963 5927
964 5927
965 5927
966 5927
967 5927
968 5927
969 5927
970 5927
971 5927
972 5927
973 5927
974 5927
975 5927
976 5927
977 5927
978 5927
979 5927
980 5927
981 5927
982 5927
983 5927
984 5927
985 5927
986 5927
987 5927
988 5927
989 5927
990 5927
991 5927
992 5927
993 5927
994 5927
995 5927
996 5927
997 5927
998 5927
999 5927
1000 5927
1001 5927
1002 5927
1003 5927
1004 5927
1005 5927
1006 5927
1007 5927
1008 5927
1009 5927
1010 5927
1011 5927
1012 5927
1013 5927
1014 5927
1015 5927
1016 5927
1017 5927
1018 5927
1019 5927
1020 5927
1021 5927
1022 5927
1023 5927
1024 5927
1025 5927
1026 5927
1027 5927
1028 5927
1029 5927
1030 5927
1031 5927
1032 5927
1033 5927
1034 5927
1035 5927
1036 5927
1037 5927
1038 5927
1039 5927
1040 5927
1041 5927
1042 5927
1043 5927
1044 5927
1045 5927
1046 5927
1047 5927
1048 5927
1049 5927
1050 5927
1051 5927
1052 5927
1053 5927
1054 5927
1055 5927
1056 5927
1057 5927
1058 5927
1059 5927
1060 5927
1061 5927
1062 5927
1063 5927
1064 5927
1065 5927
1066 5927
1067 5927
1068 5927
1069 5927
1070 5927
1071 5927
1072 5927
1073 5927
1074 5927
1075 5927
1076 5927
1077 5927
1078 5927
1079 5927
1080 5927
1081 5927
1082 5927
1083 5927
1084 5927
1085 5927
1086 5927
1087 5927
1088 5927
1089 5927
1090 5927
1091 5927
1092 5927
1093 5927
1094 5927
1095 5927
1096 5927
1097 5927
1098 5927
1099 5927
1100 5927
1101 5927
1102 5927
1103 5927
1104 5927
1105 5927
1106 5927
1107 5927
1108 5927
1109 5927
1110 5927
1111 5927
1112 5927
1113 5927
1114 5927
1115 5927
1116 5927
1117 5927
1118 5927
1119 5927
1120 5927
1121 5927
1122 5927
1123 5927
1124 5927
1125 5927
1126 5927
1127 5927
1128 5927
1129 5927
1130 5927
1131 5927
1132 5927
1133 5927
1134 5927
1135 5927
1136 5927
1137 5927
1138 5927
1139 5927
1140 5927
1141 5927
1142 5927
1143 5927
1144 5927
1145 5927
1146 5927
1147 5927
1148 5927
1149 5927
1150 5927
1151 5927
1152 5927
1153 5927
1154 5927
1155 5927
1156 5927
1157 5927
1158 5927
1159 5927
1160 5927
1161 5927
1162 5927
1163 5927
1164 5927
1165 5927
1166 5927
1167 5927
1168 5927
1169 5927
1170 5927
1171 5927
1172 5927
1173 5927
1174 5927
1175 5927
1176 5927
1177 5927
1178 5927
1179 5927
1180 5927
1181 5927
1182 5927
1183 5927
1184 5927
1185 5927
1186 5927
1187 5927
1188 5927
1189 5927
1190 5927
1191 5927
1192 5927
1193 5927
1194 5927
1195 5927
1196 5927
1197 5927
1198 5927
1199 5927
1200 5927
1201 5927
1202 5927
1203 5927
1204 5927
1205 5927
1206 5927
1207 5927
1208 5927
1209 5927
1210 5927
1211 5927
1212 5927
1213 5927
1214 5927
1215 5927
1216 5927
1217 5927
1218 5927
1219 5927
1220 5927
1221 5927
1222 5927
1223 5927
1224 5927
1225 5927
1226 5927
1227 5927
1228 5927
1229 5927
1230 5927
1231 5927
1232 5927
1233 5927
1234 5927
1235 5927
1236 5927
1237 5927
1238 5927
1239 5927
1240 5927
1241 5927
1242 5927
1243 5927
1244 5927
1245 5927
1246 5927
1247 5927
1248 5927
1249 5927
1250 5927
1251 5927
1252 5927
1253 5927
1254 5927
1255 5927
1256 5927
1257 5927
1258 5927
1259 5927
1260 5927
1261 5927
1262 5927
1263 5927
1264 5927
1265 5927
1266 5927
1267 5927
1268 5927
1269 5927
1270 5927
1271 5927
1272 5927
1273 5927
1274 5927
1275 5927
1276 5927
1277 5927
1278 5927
1279 5927
1280 5927
1281 5927
1282 5927
1283 5927
1284 5927
1285 5927
1286 5927
1287 5927
1288 5927
1289 5927
1290 5927
1291 5927
1292 5927
1293 5927
1294 5927
1295 5927
1296 5927
1297 5927
1298 5927
1299 5927
1300 5927
1301 5927
1302 5927
1303 5927
1304 5927
1305 5927
1306 5927
1307 5927
1308 5927
1309 5927
1310 5927
1311 5927
1312 5927
1313 5927
1314 5927
1315 5927
1316 5927
1317 5927
1318 5927
1319 5927
1320 5927
1321 5927
1322 5927
1323 5927
1324 5927
1325 5927
1326 5927
1327 5927
1328 5927
1329 5927
1330 5927
1331 5927
1332 5927
1333 5927
1334 5927
1335 5927
1336 5927
1337 5927
1338 5927
1339 5927
1340 5927
1341 5927
1342 5927
1343 5927
1344 5927
1345 5927
1346 5927
1347 5927
1348 5927
1349 5927
1350 5927
1351 5927
1352 5927
1353 5927
1354 5927
1355 5927
1356 5927
1357 5927
1358 5927
1359 5927
1360 5927
1361 5927
1362 5927
1363 5927
1364 5927
1365 5927
1366 5927
1367 5927
1368 5927
1369 5927
1370 5927
1371 5927
1372 5927
1373 5927
1374 5927
1375 5927
1376 5927
1377 5927
1378 5927
1379 5927
1380 5927
1381 5927
1382 5927
1383 5927
1384 5927
1385 5927
1386 5927
1387 5927
1388 5927
1389 5927
1390 5927
1391 5927
1392 5927
1393 5927
1394 5927
1395 5927
1396 5927
1397 5927
1398 5927
1399 5927
1400 5927
1401 5927
1402 5927
1403 5927
1404 5927
1405 5927
1406 5927
1407 5927
1408 5927
1409 5927
1410 5927
1411 5927
1412 5927
1413 5927
1414 5927
1415 5927
1416 5927
1417 5927
1418 5927
1419 5927
1420 5927
1421 5927
1422 5927
1423 5927
1424 5927
1425 5927
1426 5927
1427 5927
1428 5927
1429 5927
1430 5927
1431 5927
1432 5927
1433 5927
1434 5927
1435 5927
1436 5927
1437 5927
1438 5927
1439 5927
1440 5927
1441 5927
1442 5927
1443 5927
1444 5927
1445 5927
1446 5927
1447 5927
1448 5927
1449 5927
1450 5927
1451 5927
1452 5927
1453 5927
1454 5927
1455 5927
1456 5927
1457 5927
1458 5927
1459 5927
1460 5927
1461 5927
1462 5927
1463 5927
1464 5927
1465 5927
1466 5927
1467 5927
1468 5927
1469 5927
1470 5927
1471 5927
1472 5927
1473 5927
1474 5927
1475 5927
1476 5927
1477 5927
1478 5927
1479 5927
1480 5927
1481 5927
1483 5927
1484 5927
1485 5927
1486 5927
1487 5927
1488 5927
1489 5927
1490 5927
1491 5927
1492 5927
1493 5927
1494 5927
1495 5927
1496 5927
1497 5927
1498 5927
1499 5927
1500 5927
1501 5927
1502 5927
1503 5927
1504 5927
1505 5927
1506 5927
1507 5927
1508 5927
1509 5927
1510 5927
1511 5927
1512 5927
1513 5927
1514 5927
1515 5927
1516 5927
1517 5927
1518 5927
1519 5927
1520 5927
1521 5927
1522 5927
1523 5927
1524 5927
1525 5927
1526 5927
1527 5927
1528 5927
1529 5927
1530 5927
1531 5927
1532 5927
1533 5927
1534 5927
1535 5927
1536 5927
1537 5927
1538 5927
1539 5927
1540 5927
1541 5927
1542 5927
1543 5927
1544 5927
1545 5927
1546 5927
1547 5927
1548 5927
1549 5927
1550 5927
1551 5927
1552 5927
1553 5927
1554 5927
1555 5927
1556 5927
1557 5927
1558 5927
1559 5927
1560 5927
1561 5927
1562 5927
1563 5927
1564 5927
1565 5927
1566 5927
1567 5927
1568 5927
1569 5927
1570 5927
1571 5927
1572 5927
1573 5927
1574 5927
1575 5927
1576 5927
1577 5927
1578 5927
1579 5927
1580 5927
1581 5927
1582 5927
1583 5927
1584 5927
1585 5927
1586 5927
1587 5927
1588 5927
1589 5927
1590 5927
1591 5927
1592 5927
1593 5927
1594 5927
1595 5927
1596 5927
1597 5927
1598 5927
1599 5927
1600 5927
1601 5927
1602 5927
1603 5927
1604 5927
1605 5927
1606 5927
1607 5927
1608 5927
1609 5927
1610 5927
1611 5927
1612 5927
1613 5927
1614 5927
1615 5927
1616 5927
1617 5927
1618 5927
1619 5927
1620 5927
1621 5927
1622 5927
1623 5927
1624 5927
1625 5927
1626 5927
1627 5927
1628 5927
1629 5927
1630 5927
1631 5927
1632 5927
1633 5927
1634 5927
1635 5927
1636 5927
1637 5927
1638 5927
1639 5927
1640 5927
1641 5927
1642 5927
1643 5927
1644 5927
1645 5927
1646 5927
1647 5927
1648 5927
1649 5927
1650 5927
1651 5927
1652 5927
1653 5927
1654 5927
1655 5927
1656 5927
1657 5927
1658 5927
1659 5927
1660 5927
1661 5927
1662 5927
1663 5927
1664 5927
1665 5927
1666 5927
1667 5927
1668 5927
1669 5927
1670 5927
1671 5927
1672 5927
1673 5927
1674 5927
1675 5927
1676 5927
1677 5927
1678 5927
1679 5927
1680 5927
1681 5927
1682 5927
1683 5927
1684 5927
1685 5927
1686 5927
1688 5927
1689 5927
1690 5927
1691 5927
1692 5927
1693 5927
1694 5927
1695 5927
1696 5927
1697 5927
1698 5927
1699 5927
1700 5927
1701 5927
1702 5927
1703 5927
1704 5927
1705 5927
1706 5927
1708 5927
1709 5927
1710 5927
1711 5927
1712 5927
1713 5927
1714 5927
1715 5927
1716 5927
1717 5927
1718 5927
1719 5927
1720 5927
1721 5927
1722 5927
1723 5927
1724 5927
1725 5927
1726 5927
1727 5927
1728 5927
1729 5927
1730 5927
1731 5927
1732 5927
1733 5927
1734 5927
1735 5927
1736 5927
1737 5927
1738 5927
1739 5927
1740 5927
1741 5927
1742 5927
1743 5927
1744 5927
1746 5927
1747 5927
1748 5927
1749 5927
1750 5927
1751 5927
1752 5927
1753 5927
1754 5927
1755 5927
1756 5927
1757 5927
1758 5927
1759 5927
1760 5927
1761 5927
1762 5927
1763 5927
1764 5927
1765 5927
1766 5927
1767 5927
1768 5927
1769 5927
1770 5927
1771 5927
1772 5927
1773 5927
1774 5927
1775 5927
1776 5927
1777 5927
1778 5927
1779 5927
1780 5927
1781 5927
1782 5927
1783 5927
1784 5927
1785 5927
1786 5927
1787 5927
1788 5927
1789 5927
1790 5927
1791 5927
1792 5927
1793 5927
1794 5927
1795 5927
1796 5927
1797 5927
1798 5927
1799 5927
1800 5927
1801 5927
1802 5927
1803 5927
1804 5927
1805 5927
1806 5927
1807 5927
1808 5927
1809 5927
1810 5927
1811 5927
1812 5927
1813 5927
1814 5927
1815 5927
1816 5927
1817 5927
1818 5927
1819 5927
1820 5927
1821 5927
1822 5927
1823 5927
1824 5927
1825 5927
1826 5927
1827 5927
1828 5927
1829 5927
1830 5927
1831 5927
1832 5927
1833 5927
1834 5927
1835 5927
1836 5927
1837 5927
1838 5927
1839 5927
1840 5927
1841 5927
1842 5927
1843 5927
1844 5927
1845 5927
1846 5927
1847 5927
1848 5927
1849 5927
1850 5927
1851 5927
1852 5927
1853 5927
1854 5927
1855 5927
1856 5927
1857 5927
1858 5927
1859 5927
1860 5927
1861 5927
1862 5927
1863 5927
1864 5927
1865 5927
1866 5927
1867 5927
1868 5927
1869 5927
1870 5927
1871 5927
1872 5927
1873 5927
1874 5927
1875 5927
1876 5927
1877 5927
1878 5927
1879 5927
1880 5927
1881 5927
1882 5927
1883 5927
1884 5927
1885 5927
1886 5927
1887 5927
1888 5927
1889 5927
1890 5927
1891 5927
1892 5927
1893 5927
1894 5927
1895 5927
1896 5927
1897 5927
1898 5927
1899 5927
1900 5927
1901 5927
1902 5927
1903 5927
1904 5927
1905 5927
1906 5927
1907 5927
1908 5927
1909 5927
1910 5927
1911 5927
1912 5927
1913 5927
1914 5927
1916 5927
1917 5927
1918 5927
1919 5927
1920 5927
1921 5927
1922 5927
1923 5927
1924 5927
1925 5927
1926 5927
1927 5927
1928 5927
1929 5927
1930 5927
1931 5927
1932 5927
1933 5927
1934 5927
1935 5927
1936 5927
1937 5927
1938 5927
1939 5927
1940 5927
1941 5927
1942 5927
1943 5927
1944 5927
1945 5927
1946 5927
1947 5927
1948 5927
1949 5927
1950 5927
1951 5927
1952 5927
1953 5927
1954 5927
1955 5927
1956 5927
1957 5927
1958 5927
1959 5927
1960 5927
1961 5927
1962 5927
1963 5927
1964 5927
1965 5927
1966 5927
1967 5927
1968 5927
1969 5927
1970 5927
1971 5927
1972 5927
1973 5927
1974 5927
1975 5927
1976 5927
1977 5927
1978 5927
1979 5927
1980 5927
1981 5927
1982 5927
1983 5927
1984 5927
1985 5927
1986 5927
1987 5927
1988 5927
1989 5927
1990 5927
1991 5927
1992 5927
1993 5927
1994 5927
1995 5927
1996 5927
1997 5927
1998 5927
1999 5927
2000 5927
2001 5927
2002 5927
2003 5927
2004 5927
2005 5927
2006 5927
2007 5927
2008 5927
2009 5927
2010 5927
2011 5927
2012 5927
2013 5927
2014 5927
2015 5927
2016 5927
2017 5927
2018 5927
2019 5927
2020 5927
2021 5927
2022 5927
2023 5927
2024 5927
2025 5927
2026 5927
2027 5927
2028 5927
2029 5927
2030 5927
2031 5927
2032 5927
2033 5927
2034 5927
2035 5927
2036 5927
2037 5927
2038 5927
2039 5927
2040 5927
2041 5927
2042 5927
2043 5927
2044 5927
2045 5927
2046 5927
2047 5927
2048 5927
2049 5927
2050 5927
2051 5927
2052 5927
2053 5927
2054 5927
2055 5927
2056 5927
2057 5927
2058 5927
2059 5927
2060 5927
2061 5927
2062 5927
2063 5927
2064 5927
2065 5927
2066 5927
2067 5927
2068 5927
2069 5927
2070 5927
2071 5927
2072 5927
2073 5927
2074 5927
2075 5927
2076 5927
2077 5927
2078 5927
2079 5927
2080 5927
2081 5927
2082 5927
2083 5927
2084 5927
2085 5927
2086 5927
2087 5927
2088 5927
2089 5927
2090 5927
2091 5927
2092 5927
2093 5927
2094 5927
2095 5927
2096 5927
2097 5927
2098 5927
2099 5927
2100 5927
2101 5927
2102 5927
2103 5927
2104 5927
2105 5927
2106 5927
2107 5927
2108 5927
2109 5927
2110 5927
2111 5927
2112 5927
2113 5927
2114 5927
2115 5927
2116 5927
2117 5927
2118 5927
2119 5927
2120 5927
2121 5927
2122 5927
2123 5927
2124 5927
2125 5927
2126 5927
2127 5927
2128 5927
2129 5927
2130 5927
2131 5927
2132 5927
2133 5927
2134 5927
2135 5927
2136 5927
2137 5927
2138 5927
2139 5927
2140 5927
2141 5927
2142 5927
2143 5927
2144 5927
2145 5927
2146 5927
2147 5927
2148 5927
2149 5927
2150 5927
2151 5927
2152 5927
2153 5927
2154 5927
2155 5927
2156 5927
2157 5927
2158 5927
2159 5927
2160 5927
2161 5927
2162 5927
2163 5927
2164 5927
2165 5927
2166 5927
2167 5927
2168 5927
2169 5927
2170 5927
2171 5927
2172 5927
2173 5927
2174 5927
2175 5927
2176 5927
2177 5927
2178 5927
2179 5927
2180 5927
2181 5927
2182 5927
2183 5927
2184 5927
2185 5927
2186 5927
2187 5927
2188 5927
2189 5927
2190 5927
2191 5927
2192 5927
2193 5927
2194 5927
2195 5927
2196 5927
2197 5927
2198 5927
2199 5927
2200 5927
2201 5927
2202 5927
2203 5927
2204 5927
2205 5927
2206 5927
2207 5927
2208 5927
2209 5927
2210 5927
2211 5927
2212 5927
2213 5927
2214 5927
2215 5927
2216 5927
2217 5927
2218 5927
2219 5927
2220 5927
2221 5927
2222 5927
2223 5927
2224 5927
2225 5927
2226 5927
2227 5927
2228 5927
2229 5927
2230 5927
2231 5927
2232 5927
2233 5927
2234 5927
2235 5927
2236 5927
2237 5927
2238 5927
2239 5927
2240 5927
2241 5927
2242 5927
2243 5927
2244 5927
2245 5927
2246 5927
2247 5927
2248 5927
2249 5927
2250 5927
2251 5927
2252 5927
2253 5927
2254 5927
2255 5927
2256 5927
2257 5927
2258 5927
2259 5927
2260 5927
2261 5927
2262 5927
2263 5927
2264 5927
2265 5927
2266 5927
2267 5927
2268 5927
2269 5927
2270 5927
2271 5927
2272 5927
2273 5927
2274 5927
2275 5927
2276 5927
2277 5927
2278 5927
2279 5927
2280 5927
2281 5927
2282 5927
2283 5927
2284 5927
2285 5927
2286 5927
2287 5927
2288 5927
2289 5927
2290 5927
2291 5927
2292 5927
2293 5927
2294 5927
2295 5927
2296 5927
2297 5927
2298 5927
2299 5927
2300 5927
2301 5927
2302 5927
2303 5927
2304 5927
2305 5927
2306 5927
2307 5927
2308 5927
2309 5927
2310 5927
2311 5927
2312 5927
2313 5927
2314 5927
2315 5927
2316 5927
2317 5927
2318 5927
2319 5927
2320 5927
2321 5927
2322 5927
2323 5927
2324 5927
2325 5927
2326 5927
2327 5927
2328 5927
2329 5927
2330 5927
2331 5927
2332 5927
2333 5927
2334 5927
2335 5927
2336 5927
2337 5927
2338 5927
2339 5927
2340 5927
2341 5927
2342 5927
2343 5927
2344 5927
2345 5927
2346 5927
2347 5927
2348 5927
2349 5927
2350 5927
2351 5927
2352 5927
2353 5927
2354 5927
2355 5927
2356 5927
2357 5927
2358 5927
2359 5927
2360 5927
2361 5927
2362 5927
2363 5927
2364 5927
2365 5927
2366 5927
2367 5927
2368 5927
2369 5927
2370 5927
2371 5927
2372 5927
2373 5927
2374 5927
2375 5927
2376 5927
2377 5927
2378 5927
2379 5927
2380 5927
2381 5927
2382 5927
2383 5927
2384 5927
2385 5927
2386 5927
2387 5927
2388 5927
2389 5927
2390 5927
2391 5927
2392 5927
2393 5927
2394 5927
2395 5927
2396 5927
2397 5927
2398 5927
2399 5927
2400 5927
2401 5927
2402 5927
2403 5927
2404 5927
2405 5927
2406 5927
2407 5927
2408 5927
2409 5927
2410 5927
2411 5927
2412 5927
2413 5927
2414 5927
2415 5927
2416 5927
2417 5927
2418 5927
2419 5927
2420 5927
2421 5927
2422 5927
2423 5927
2424 5927
2425 5927
2426 5927
2427 5927
2428 5927
2429 5927
2430 5927
2431 5927
2432 5927
2433 5927
2434 5927
2435 5927
2436 5927
2437 5927
2438 5927
2439 5927
2440 5927
2441 5927
2442 5927
2443 5927
2444 5927
2445 5927
2446 5927
2447 5927
2448 5927
2449 5927
2450 5927
2451 5927
2452 5927
2453 5927
2454 5927
2455 5927
2456 5927
2457 5927
2458 5927
2459 5927
2460 5927
2461 5927
2462 5927
2463 5927
2464 5927
2465 5927
2466 5927
2467 5927
2468 5927
2469 5927
2470 5927
2471 5927
2473 5927
2474 5927
2475 5927
2476 5927
2477 5927
2478 5927
2479 5927
2480 5927
2481 5927
2482 5927
2483 5927
2484 5927
2485 5927
2486 5927
2487 5927
2488 5927
2489 5927
2490 5927
2491 5927
2492 5927
2493 5927
2494 5927
2495 5927
2496 5927
2497 5927
2498 5927
2499 5927
2500 5927
2501 5927
2502 5927
2503 5927
2504 5927
2505 5927
2506 5927
2507 5927
2508 5927
2509 5927
2510 5927
2511 5927
2512 5927
2513 5927
2514 5927
2515 5927
2516 5927
2517 5927
2518 5927
2519 5927
2520 5927
2521 5927
2522 5927
2523 5927
2524 5927
2525 5927
2526 5927
2527 5927
2528 5927
2529 5927
2530 5927
2531 5927
2532 5927
2533 5927
2534 5927
2535 5927
2536 5927
2537 5927
2538 5927
2539 5927
2540 5927
2541 5927
2542 5927
2543 5927
2544 5927
2545 5927
2546 5927
2547 5927
2548 5927
2549 5927
2550 5927
2551 5927
2552 5927
2553 5927
2554 5927
2555 5927
2556 5927
2557 5927
2558 5927
2559 5927
2560 5927
2561 5927
2562 5927
2563 5927
2564 5927
2565 5927
2566 5927
2567 5927
2568 5927
2569 5927
2570 5927
2571 5927
2572 5927
2573 5927
2574 5927
2575 5927
2576 5927
2577 5927
2578 5927
2579 5927
2580 5927
2581 5927
2582 5927
2583 5927
2584 5927
2585 5927
2586 5927
2587 5927
2588 5927
2589 5927
2590 5927
2591 5927
2592 5927
2593 5927
2594 5927
2595 5927
2596 5927
2597 5927
2598 5927
2599 5927
2600 5927
2601 5927
2602 5927
2603 5927
2604 5927
2605 5927
2606 5927
2607 5927
2608 5927
2609 5927
2610 5927
2611 5927
2612 5927
2613 5927
2614 5927
2615 5927
2616 5927
2617 5927
2618 5927
2619 5927
2620 5927
2621 5927
2622 5927
2623 5927
2624 5927
2625 5927
2626 5927
2627 5927
2628 5927
2629 5927
2630 5927
2631 5927
2632 5927
2633 5927
2634 5927
2635 5927
2636 5927
2637 5927
2638 5927
2639 5927
2640 5927
2641 5927
2642 5927
2643 5927
2644 5927
2645 5927
2646 5927
2647 5927
2648 5927
2649 5927
2650 5927
2651 5927
2652 5927
2653 5927
2654 5927
2655 5927
2656 5927
2657 5927
2658 5927
2659 5927
2660 5927
2661 5927
2662 5927
2663 5927
2664 5927
2665 5927
2666 5927
2667 5927
2668 5927
2669 5927
2670 5927
2671 5927
2672 5927
2673 5927
2674 5927
2675 5927
2676 5927
2677 5927
2678 5927
2679 5927
2680 5927
2681 5927
2682 5927
2683 5927
2684 5927
2685 5927
2686 5927
2687 5927
2688 5927
2689 5927
2690 5927
2691 5927
2692 5927
2693 5927
2694 5927
2695 5927
2696 5927
2697 5927
2698 5927
2699 5927
2700 5927
2701 5927
2702 5927
2703 5927
2704 5927
2705 5927
2706 5927
2707 5927
2708 5927
2709 5927
2710 5927
2711 5927
2712 5927
2713 5927
2714 5927
2715 5927
2716 5927
2717 5927
2718 5927
2719 5927
2720 5927
2721 5927
2722 5927
2723 5927
2724 5927
2725 5927
2726 5927
2727 5927
2728 5927
2729 5927
2730 5927
2731 5927
2732 5927
2733 5927
2734 5927
2735 5927
2736 5927
2737 5927
2738 5927
2739 5927
2740 5927
2741 5927
2742 5927
2743 5927
2744 5927
2745 5927
2746 5927
2747 5927
2748 5927
2749 5927
2750 5927
2751 5927
2753 5927
2754 5927
2755 5927
2756 5927
2757 5927
2758 5927
2759 5927
2760 5927
2761 5927
2762 5927
2763 5927
2764 5927
2765 5927
2766 5927
2767 5927
2768 5927
2769 5927
2770 5927
2771 5927
2772 5927
2773 5927
2774 5927
2775 5927
2776 5927
2777 5927
2778 5927
2779 5927
2780 5927
2781 5927
2782 5927
2783 5927
2784 5927
2785 5927
2786 5927
2787 5927
2788 5927
2789 5927
2790 5927
2791 5927
2792 5927
2793 5927
2794 5927
2795 5927
2796 5927
2797 5927
2798 5927
2799 5927
2800 5927
2801 5927
2802 5927
2803 5927
2804 5927
2805 5927
2806 5927
2807 5927
2808 5927
2809 5927
2810 5927
2811 5927
2812 5927
2813 5927
2814 5927
2815 5927
2816 5927
2817 5927
2818 5927
2819 5927
2820 5927
2821 5927
2822 5927
2823 5927
2824 5927
2825 5927
2826 5927
2827 5927
2828 5927
2829 5927
2830 5927
2831 5927
2832 5927
2833 5927
2834 5927
2835 5927
2836 5927
2837 5927
2838 5927
2839 5927
2840 5927
2841 5927
2842 5927
2843 5927
2844 5927
2845 5927
2846 5927
2847 5927
2848 5927
2849 5927
2850 5927
2851 5927
2852 5927
2853 5927
2854 5927
2855 5927
2856 5927
2857 5927
2858 5927
2859 5927
2860 5927
2861 5927
2862 5927
2863 5927
2864 5927
2865 5927
2866 5927
2867 5927
2868 5927
2869 5927
2870 5927
2871 5927
2872 5927
2873 5927
2874 5927
2875 5927
2876 5927
2877 5927
2878 5927
2879 5927
2880 5927
2881 5927
2882 5927
2883 5927
2884 5927
2885 5927
2886 5927
2887 5927
2888 5927
2889 5927
2890 5927
2891 5927
2892 5927
2893 5927
2894 5927
2895 5927
2896 5927
2897 5927
2898 5927
2899 5927
2900 5927
2901 5927
2902 5927
2903 5927
2904 5927
2905 5927
2906 5927
2907 5927
2908 5927
2909 5927
2910 5927
2911 5927
2912 5927
2913 5927
2914 5927
2915 5927
2916 5927
2917 5927
2918 5927
2919 5927
2920 5927
2921 5927
2922 5927
2923 5927
2924 5927
2925 5927
2926 5927
2927 5927
2928 5927
2929 5927
2930 5927
2931 5927
2932 5927
2933 5927
2934 5927
2935 5927
2936 5927
2937 5927
2938 5927
2939 5927
2940 5927
2941 5927
2942 5927
2943 5927
2944 5927
2945 5927
2946 5927
2947 5927
2948 5927
2949 5927
2950 5927
2951 5927
2952 5927
2953 5927
2954 5927
2955 5927
2956 5927
2957 5927
2958 5927
2959 5927
2960 5927
2961 5927
2962 5927
2963 5927
2964 5927
2965 5927
2966 5927
2967 5927
2968 5927
2969 5927
2970 5927
2971 5927
2972 5927
2973 5927
2974 5927
2975 5927
2976 5927
2977 5927
2978 5927
2979 5927
2980 5927
2981 5927
2982 5927
2983 5927
2984 5927
2985 5927
2986 5927
2987 5927
2988 5927
2989 5927
2990 5927
2991 5927
2992 5927
2993 5927
2994 5927
2995 5927
2996 5927
2997 5927
2998 5927
2999 5927
3000 5927
3001 5927
3002 5927
3003 5927
3004 5927
3005 5927
3006 5927
3007 5927
3008 5927
3009 5927
3010 5927
3011 5927
3012 5927
3013 5927
3014 5927
3015 5927
3016 5927
3017 5927
3018 5927
3019 5927
3020 5927
3021 5927
3022 5927
3023 5927
3024 5927
3025 5927
3026 5927
3027 5927
3028 5927
3029 5927
3030 5927
3031 5927
3032 5927
3033 5927
3034 5927
3035 5927
3036 5927
3037 5927
3038 5927
3039 5927
3040 5927
3041 5927
3042 5927
3043 5927
3044 5927
3045 5927
3046 5927
3047 5927
3048 5927
3049 5927
3050 5927
3051 5927
3052 5927
3053 5927
3054 5927
3055 5927
3056 5927
3057 5927
3058 5927
3059 5927
3060 5927
3061 5927
3062 5927
3063 5927
3064 5927
3065 5927
3066 5927
3067 5927
3068 5927
3069 5927
3070 5927
3071 5927
3072 5927
3073 5927
3074 5927
3075 5927
3076 5927
3077 5927
3078 5927
3079 5927
3080 5927
3081 5927
3082 5927
3083 5927
3084 5927
3085 5927
3086 5927
3087 5927
3088 5927
3089 5927
3090 5927
3091 5927
3092 5927
3093 5927
3094 5927
3095 5927
3096 5927
3097 5927
3098 5927
3099 5927
3100 5927
3101 5927
3102 5927
3103 5927
3104 5927
3105 5927
3106 5927
3107 5927
3108 5927
3109 5927
3110 5927
3111 5927
3112 5927
3113 5927
3114 5927
3115 5927
3116 5927
3117 5927
3118 5927
3119 5927
3120 5927
3121 5927
3122 5927
3123 5927
3124 5927
3125 5927
3126 5927
3127 5927
3128 5927
3129 5927
3130 5927
3131 5927
3132 5927
3133 5927
3134 5927
3135 5927
3136 5927
3137 5927
3138 5927
3139 5927
3140 5927
3141 5927
3142 5927
3143 5927
3144 5927
3145 5927
3146 5927
3147 5927
3148 5927
3149 5927
3150 5927
3151 5927
3152 5927
3153 5927
3154 5927
3155 5927
3156 5927
3157 5927
3158 5927
3159 5927
3160 5927
3161 5927
3162 5927
3163 5927
3164 5927
3165 5927
3166 5927
3167 5927
3168 5927
3169 5927
3170 5927
3171 5927
3172 5927
3173 5927
3174 5927
3175 5927
3176 5927
3177 5927
3178 5927
3179 5927
3180 5927
3181 5927
3182 5927
3183 5927
3184 5927
3185 5927
3186 5927
3187 5927
3188 5927
3189 5927
3190 5927
3191 5927
3192 5927
3193 5927
3194 5927
3195 5927
3196 5927
3197 5927
3198 5927
3199 5927
3200 5927
3201 5927
3202 5927
3203 5927
3204 5927
3205 5927
3206 5927
3207 5927
3208 5927
3209 5927
3210 5927
3211 5927
3212 5927
3213 5927
3214 5927
3215 5927
3216 5927
3217 5927
3218 5927
3219 5927
3220 5927
3221 5927
3222 5927
3223 5927
3224 5927
3225 5927
3226 5927
3227 5927
3228 5927
3229 5927
3230 5927
3231 5927
3232 5927
3233 5927
3234 5927
3235 5927
3236 5927
3237 5927
3238 5927
3239 5927
3240 5927
3241 5927
3242 5927
3243 5927
3244 5927
3245 5927
3246 5927
3247 5927
3248 5927
3249 5927
3250 5927
3251 5927
3252 5927
3253 5927
3254 5927
3255 5927
3256 5927
3257 5927
3258 5927
3259 5927
3260 5927
3261 5927
3262 5927
3263 5927
3264 5927
3265 5927
3266 5927
3267 5927
3268 5927
3269 5927
3270 5927
3271 5927
3272 5927
3273 5927
3274 5927
3275 5927
3276 5927
3277 5927
3278 5927
3279 5927
3280 5927
3281 5927
3282 5927
3283 5927
3284 5927
3285 5927
3286 5927
3287 5927
3288 5927
3289 5927
3290 5927
3291 5927
3292 5927
3293 5927
3294 5927
3295 5927
3296 5927
3297 5927
3298 5927
3299 5927
3300 5927
3301 5927
3302 5927
3303 5927
3304 5927
3305 5927
3306 5927
3307 5927
3308 5927
3309 5927
3310 5927
3311 5927
3312 5927
3313 5927
3314 5927
3315 5927
3316 5927
3317 5927
3318 5927
3319 5927
3320 5927
3321 5927
3322 5927
3323 5927
3324 5927
3325 5927
3326 5927
3327 5927
3328 5927
3329 5927
3330 5927
3331 5927
3332 5927
3333 5927
3334 5927
3335 5927
3336 5927
3337 5927
3338 5927
3339 5927
3340 5927
3341 5927
3342 5927
3343 5927
3344 5927
3345 5927
3346 5927
3347 5927
3348 5927
3349 5927
3350 5927
3351 5927
3352 5927
3353 5927
3354 5927
3355 5927
3356 5927
3357 5927
3358 5927
3359 5927
3360 5927
3361 5927
3362 5927
3363 5927
3364 5927
3365 5927
3366 5927
3367 5927
3368 5927
3369 5927
3370 5927
3371 5927
3372 5927
3373 5927
3374 5927
3375 5927
3376 5927
3377 5927
3378 5927
3379 5927
3380 5927
3381 5927
3382 5927
3383 5927
3384 5927
3385 5927
3386 5927
3387 5927
3388 5927
3389 5927
3390 5927
3391 5927
3392 5927
3393 5927
3394 5927
3395 5927
3396 5927
3397 5927
3398 5927
3399 5927
3400 5927
3401 5927
3402 5927
3403 5927
3404 5927
3405 5927
3406 5927
3407 5927
3408 5927
3409 5927
3410 5927
3411 5927
3412 5927
3413 5927
3414 5927
3415 5927
3416 5927
3417 5927
3418 5927
3419 5927
3420 5927
3421 5927
3422 5927
3423 5927
3424 5927
3425 5927
3426 5927
3427 5927
3428 5927
3429 5927
3430 5927
3431 5927
3432 5927
3433 5927
3434 5927
3435 5927
3436 5927
3437 5927
3438 5927
3439 5927
3440 5927
3441 5927
3442 5927
3443 5927
3444 5927
3445 5927
3446 5927
3447 5927
3448 5927
3449 5927
3450 5927
3451 5927
3452 5927
3453 5927
3454 5927
3455 5927
3456 5927
3457 5927
3458 5927
3459 5927
3460 5927
3461 5927
3462 5927
3463 5927
3464 5927
3465 5927
3466 5927
3467 5927
3468 5927
3469 5927
3470 5927
3471 5927
3472 5927
3473 5927
3474 5927
3475 5927
3476 5927
3477 5927
3478 5927
3479 5927
3480 5927
3481 5927
3482 5927
3483 5927
3484 5927
3485 5927
3486 5927
3487 5927
3488 5927
3489 5927
3490 5927
3491 5927
3492 5927
3493 5927
3494 5927
3495 5927
3496 5927
3497 5927
3499 5927
3500 5927
3501 5927
3502 5927
3503 5927
3504 5927
3505 5927
3506 5927
3507 5927
3508 5927
3509 5927
3510 5927
3511 5927
3512 5927
3513 5927
3514 5927
3515 5927
3516 5927
3517 5927
3518 5927
3519 5927
3520 5927
3521 5927
3522 5927
3523 5927
3524 5927
3525 5927
3526 5927
3527 5927
3528 5927
3529 5927
3530 5927
3531 5927
3532 5927
3533 5927
3534 5927
3535 5927
3536 5927
3537 5927
3538 5927
3539 5927
3540 5927
3541 5927
3542 5927
3543 5927
3544 5927
3545 5927
3546 5927
3547 5927
3548 5927
3549 5927
3550 5927
3551 5927
3552 5927
3553 5927
3554 5927
3555 5927
3556 5927
3557 5927
3558 5927
3559 5927
3560 5927
3561 5927
3562 5927
3563 5927
3564 5927
3565 5927
3566 5927
3567 5927
3568 5927
3569 5927
3570 5927
3571 5927
3572 5927
3573 5927
3574 5927
3575 5927
3576 5927
3577 5927
3578 5927
3579 5927
3580 5927
3581 5927
3582 5927
3583 5927
3584 5927
3585 5927
3586 5927
3587 5927
3588 5927
3589 5927
3590 5927
3591 5927
3592 5927
3593 5927
3594 5927
3595 5927
3596 5927
3597 5927
3598 5927
3599 5927
3600 5927
3601 5927
3602 5927
3603 5927
3604 5927
3605 5927
3606 5927
3607 5927
3608 5927
3609 5927
3610 5927
3611 5927
3612 5927
3613 5927
3614 5927
3615 5927
3616 5927
3617 5927
3618 5927
3619 5927
3620 5927
3621 5927
3622 5927
3623 5927
3624 5927
3625 5927
3626 5927
3627 5927
3628 5927
3629 5927
3630 5927
3631 5927
3632 5927
3633 5927
3634 5927
3635 5927
3636 5927
3637 5927
3638 5927
3639 5927
3640 5927
3641 5927
3642 5927
3643 5927
3644 5927
3645 5927
3646 5927
3647 5927
3648 5927
3649 5927
3650 5927
3651 5927
3652 5927
3653 5927
3654 5927
3655 5927
3656 5927
3657 5927
3658 5927
3659 5927
3660 5927
3661 5927
3662 5927
3663 5927
3664 5927
3665 5927
3666 5927
3667 5927
3668 5927
3669 5927
3670 5927
3671 5927
3672 5927
3673 5927
3674 5927
3675 5927
3676 5927
3677 5927
3678 5927
3679 5927
3680 5927
3681 5927
3682 5927
3683 5927
3684 5927
3685 5927
3686 5927
3687 5927
3688 5927
3689 5927
3690 5927
3691 5927
3692 5927
3693 5927
3694 5927
3695 5927
3696 5927
3697 5927
3698 5927
3699 5927
3700 5927
3701 5927
3702 5927
3703 5927
3704 5927
3705 5927
3706 5927
3707 5927
3708 5927
3709 5927
3710 5927
3711 5927
3712 5927
3713 5927
3714 5927
3715 5927
3716 5927
3717 5927
3718 5927
3719 5927
3720 5927
3721 5927
3722 5927
3723 5927
3724 5927
3725 5927
3726 5927
3727 5927
3728 5927
3729 5927
3730 5927
3731 5927
3732 5927
3733 5927
3734 5927
3735 5927
3736 5927
3737 5927
3738 5927
3739 5927
3740 5927
3741 5927
3742 5927
3743 5927
3744 5927
3745 5927
3746 5927
3747 5927
3748 5927
3749 5927
3750 5927
3751 5927
3752 5927
3753 5927
3754 5927
3755 5927
3756 5927
3757 5927
3758 5927
3759 5927
3760 5927
3761 5927
3762 5927
3763 5927
3764 5927
3765 5927
3766 5927
3767 5927
3768 5927
3769 5927
3770 5927
3771 5927
3772 5927
3773 5927
3774 5927
3775 5927
3776 5927
3777 5927
3778 5927
3779 5927
3780 5927
3781 5927
3782 5927
3783 5927
3784 5927
3785 5927
3786 5927
3787 5927
3788 5927
3789 5927
3791 5927
3792 5927
3793 5927
3794 5927
3795 5927
3796 5927
3797 5927
3798 5927
3799 5927
3800 5927
3801 5927
3802 5927
3803 5927
3804 5927
3805 5927
3806 5927
3807 5927
3808 5927
3809 5927
3810 5927
3811 5927
3812 5927
3813 5927
3814 5927
3815 5927
3816 5927
3817 5927
3818 5927
3819 5927
3820 5927
3821 5927
3822 5927
3823 5927
3824 5927
3825 5927
3826 5927
3827 5927
3828 5927
3829 5927
3830 5927
3831 5927
3832 5927
3833 5927
3834 5927
3835 5927
3836 5927
3837 5927
3838 5927
3839 5927
3840 5927
3841 5927
3842 5927
3843 5927
3844 5927
3845 5927
3846 5927
3847 5927
3848 5927
3849 5927
3850 5927
3851 5927
3852 5927
3853 5927
3854 5927
3855 5927
3856 5927
3857 5927
3858 5927
3859 5927
3860 5927
3861 5927
3862 5927
3863 5927
3864 5927
3865 5927
3866 5927
3867 5927
3868 5927
3869 5927
3870 5927
3871 5927
3872 5927
3873 5927
3874 5927
3875 5927
3876 5927
3877 5927
3878 5927
3879 5927
3880 5927
3881 5927
3882 5927
3883 5927
3884 5927
3885 5927
3886 5927
3887 5927
3888 5927
3889 5927
3890 5927
3891 5927
3892 5927
3893 5927
3894 5927
3895 5927
3896 5927
3897 5927
3898 5927
3899 5927
3900 5927
3901 5927
3902 5927
3903 5927
3904 5927
3905 5927
3906 5927
3907 5927
3908 5927
3909 5927
3910 5927
3911 5927
3912 5927
3913 5927
3914 5927
3915 5927
3916 5927
3917 5927
3918 5927
3919 5927
3920 5927
3921 5927
3922 5927
3923 5927
3924 5927
3925 5927
3926 5927
3927 5927
3928 5927
3929 5927
3930 5927
3931 5927
3932 5927
3933 5927
3934 5927
3935 5927
3936 5927
3937 5927
3938 5927
3939 5927
3940 5927
3941 5927
3942 5927
3943 5927
3944 5927
3945 5927
3946 5927
3947 5927
3948 5927
3949 5927
3950 5927
3951 5927
3952 5927
3953 5927
3954 5927
3955 5927
3956 5927
3957 5927
3958 5927
3959 5927
3960 5927
3961 5927
3962 5927
3963 5927
3964 5927
3965 5927
3966 5927
3967 5927
3968 5927
3969 5927
3970 5927
3971 5927
3972 5927
3973 5927
3974 5927
3975 5927
3976 5927
3977 5927
3978 5927
3979 5927
3980 5927
3981 5927
3982 5927
3983 5927
3984 5927
3985 5927
3986 5927
3987 5927
3988 5927
3989 5927
3990 5927
3991 5927
3992 5927
3993 5927
3994 5927
3995 5927
3996 5927
3997 5927
3998 5927
3999 5927
4000 5927
4001 5927
4002 5927
4003 5927
4004 5927
4005 5927
4006 5927
4007 5927
4008 5927
4009 5927
4010 5927
4011 5927
4012 5927
4013 5927
4014 5927
4015 5927
4016 5927
4017 5927
4018 5927
4019 5927
4020 5927
4021 5927
4022 5927
4023 5927
4024 5927
4025 5927
4026 5927
4027 5927
4028 5927
4029 5927
4030 5927
4031 5927
4033 5927
4034 5927
4035 5927
4036 5927
4037 5927
4038 5927
4039 5927
4040 5927
4041 5927
4042 5927
4043 5927
4044 5927
4045 5927
4046 5927
4047 5927
4048 5927
4049 5927
4050 5927
4051 5927
4052 5927
4053 5927
4054 5927
4055 5927
4056 5927
4057 5927
4058 5927
4059 5927
4060 5927
4061 5927
4062 5927
4063 5927
4064 5927
4065 5927
4066 5927
4067 5927
4068 5927
4069 5927
4070 5927
4071 5927
4072 5927
4073 5927
4074 5927
4075 5927
4076 5927
4077 5927
4078 5927
4079 5927
4080 5927
4081 5927
4082 5927
4083 5927
4084 5927
4085 5927
4086 5927
4087 5927
4088 5927
4089 5927
4090 5927
4091 5927
4092 5927
4093 5927
4094 5927
4095 5927
4096 5927
4097 5927
4098 5927
4099 5927
4100 5927
4101 5927
4102 5927
4103 5927
4104 5927
4105 5927
4106 5927
4107 5927
4108 5927
4109 5927
4110 5927
4111 5927
4112 5927
4113 5927
4114 5927
4115 5927
4116 5927
4117 5927
4118 5927
4119 5927
4120 5927
4121 5927
4122 5927
4123 5927
4124 5927
4125 5927
4126 5927
4127 5927
4128 5927
4129 5927
4130 5927
4131 5927
4132 5927
4133 5927
4134 5927
4135 5927
4136 5927
4137 5927
4138 5927
4139 5927
4140 5927
4141 5927
4142 5927
4143 5927
4144 5927
4145 5927
4146 5927
4147 5927
4148 5927
4149 5927
4150 5927
4151 5927
4152 5927
4153 5927
4154 5927
4155 5927
4156 5927
4157 5927
4158 5927
4159 5927
4160 5927
4161 5927
4162 5927
4163 5927
4164 5927
4165 5927
4166 5927
4167 5927
4168 5927
4169 5927
4170 5927
4171 5927
4172 5927
4173 5927
4174 5927
4175 5927
4176 5927
4177 5927
4178 5927
4179 5927
4180 5927
4181 5927
4182 5927
4183 5927
4184 5927
4185 5927
4186 5927
4187 5927
4188 5927
4189 5927
4190 5927
4191 5927
4192 5927
4193 5927
4194 5927
4195 5927
4196 5927
4197 5927
4198 5927
4199 5927
4200 5927
4201 5927
4202 5927
4203 5927
4204 5927
4205 5927
4206 5927
4207 5927
4208 5927
4209 5927
4210 5927
4211 5927
4212 5927
4213 5927
4214 5927
4215 5927
4216 5927
4217 5927
4218 5927
4219 5927
4220 5927
4221 5927
4222 5927
4223 5927
4224 5927
4225 5927
4226 5927
4227 5927
4228 5927
4229 5927
4230 5927
4231 5927
4232 5927
4233 5927
4234 5927
4235 5927
4236 5927
4237 5927
4238 5927
4239 5927
4240 5927
4241 5927
4242 5927
4243 5927
4244 5927
4245 5927
4246 5927
4247 5927
4248 5927
4249 5927
4250 5927
4251 5927
4252 5927
4253 5927
4254 5927
4255 5927
4256 5927
4257 5927
4258 5927
4259 5927
4260 5927
4261 5927
4262 5927
4263 5927
4264 5927
4265 5927
4266 5927
4267 5927
4268 5927
4269 5927
4270 5927
4271 5927
4272 5927
4273 5927
4274 5927
4275 5927
4276 5927
4277 5927
4278 5927
4279 5927
4280 5927
4281 5927
4282 5927
4283 5927
4284 5927
4285 5927
4286 5927
4287 5927
4288 5927
4289 5927
4290 5927
4291 5927
4292 5927
4293 5927
4294 5927
4295 5927
4296 5927
4297 5927
4298 5927
4299 5927
4300 5927
4301 5927
4302 5927
4303 5927
4304 5927
4305 5927
4306 5927
4307 5927
4308 5927
4309 5927
4310 5927
4311 5927
4312 5927
4313 5927
4314 5927
4315 5927
4316 5927
4317 5927
4318 5927
4319 5927
4320 5927
4321 5927
4322 5927
4323 5927
4324 5927
4325 5927
4326 5927
4328 5927
4329 5927
4330 5927
4331 5927
4332 5927
4333 5927
4334 5927
4335 5927
4336 5927
4337 5927
4338 5927
4339 5927
4340 5927
4341 5927
4342 5927
4343 5927
4344 5927
4345 5927
4346 5927
4347 5927
4348 5927
4349 5927
4350 5927
4351 5927
4352 5927
4353 5927
4354 5927
4355 5927
4356 5927
4357 5927
4358 5927
4359 5927
4360 5927
4361 5927
4362 5927
4363 5927
4364 5927
4365 5927
4366 5927
4367 5927
4368 5927
4369 5927
4370 5927
4371 5927
4372 5927
4373 5927
4374 5927
4375 5927
4376 5927
4377 5927
4378 5927
4379 5927
4380 5927
4381 5927
4382 5927
4383 5927
4384 5927
4385 5927
4386 5927
4387 5927
4388 5927
4389 5927
4390 5927
4392 5927
4393 5927
4394 5927
4395 5927
4396 5927
4397 5927
4398 5927
4399 5927
4400 5927
4401 5927
4402 5927
4403 5927
4404 5927
4405 5927
4406 5927
4407 5927
4408 5927
4409 5927
4410 5927
4411 5927
4412 5927
4413 5927
4414 5927
4415 5927
4416 5927
4417 5927
4418 5927
4419 5927
4420 5927
4421 5927
4422 5927
4423 5927
4424 5927
4425 5927
4426 5927
4427 5927
4428 5927
4429 5927
4430 5927
4431 5927
4432 5927
4433 5927
4434 5927
4435 5927
4436 5927
4437 5927
4438 5927
4439 5927
4440 5927
4441 5927
4442 5927
4443 5927
4444 5927
4445 5927
4446 5927
4447 5927
4448 5927
4449 5927
4450 5927
4451 5927
4452 5927
4453 5927
4454 5927
4455 5927
4456 5927
4457 5927
4458 5927
4459 5927
4460 5927
4461 5927
4462 5927
4463 5927
4464 5927
4465 5927
4466 5927
4467 5927
4468 5927
4469 5927
4470 5927
4471 5927
4472 5927
4473 5927
4474 5927
4475 5927
4476 5927
4477 5927
4478 5927
4479 5927
4480 5927
4481 5927
4482 5927
4483 5927
4484 5927
4485 5927
4486 5927
4487 5927
4488 5927
4489 5927
4490 5927
4491 5927
4492 5927
4493 5927
4494 5927
4495 5927
4496 5927
4497 5927
4498 5927
4499 5927
4500 5927
4501 5927
4502 5927
4503 5927
4504 5927
4505 5927
4506 5927
4507 5927
4508 5927
4509 5927
4510 5927
4511 5927
4512 5927
4513 5927
4514 5927
4515 5927
4516 5927
4517 5927
4518 5927
4519 5927
4520 5927
4521 5927
4522 5927
4523 5927
4524 5927
4525 5927
4526 5927
4527 5927
4528 5927
4529 5927
4530 5927
4531 5927
4532 5927
4533 5927
4534 5927
4535 5927
4536 5927
4537 5927
4538 5927
4539 5927
4540 5927
4541 5927
4542 5927
4543 5927
4544 5927
4545 5927
4546 5927
4547 5927
4548 5927
4549 5927
4550 5927
4551 5927
4552 5927
4553 5927
4554 5927
4555 5927
4556 5927
4557 5927
4558 5927
4559 5927
4560 5927
4561 5927
4562 5927
4563 5927
4564 5927
4565 5927
4566 5927
4567 5927
4568 5927
4569 5927
4570 5927
4571 5927
4572 5927
4573 5927
4574 5927
4575 5927
4576 5927
4577 5927
4578 5927
4579 5927
4580 5927
4581 5927
4582 5927
4583 5927
4584 5927
4585 5927
4586 5927
4587 5927
4588 5927
4589 5927
4590 5927
4591 5927
4592 5927
4593 5927
4594 5927
4595 5927
4596 5927
4597 5927
4598 5927
4599 5927
4600 5927
4601 5927
4602 5927
4603 5927
4604 5927
4605 5927
4606 5927
4607 5927
4608 5927
4609 5927
4610 5927
4611 5927
4612 5927
4613 5927
4614 5927
4615 5927
4616 5927
4617 5927
4618 5927
4619 5927
4620 5927
4621 5927
4622 5927
4623 5927
4624 5927
4625 5927
4626 5927
4627 5927
4628 5927
4629 5927
4630 5927
4631 5927
4632 5927
4633 5927
4634 5927
4635 5927
4636 5927
4637 5927
4638 5927
4639 5927
4640 5927
4641 5927
4642 5927
4643 5927
4644 5927
4645 5927
4646 5927
4647 5927
4648 5927
4649 5927
4650 5927
4651 5927
4652 5927
4653 5927
4654 5927
4655 5927
4656 5927
4657 5927
4658 5927
4659 5927
4660 5927
4661 5927
4662 5927
4663 5927
4664 5927
4665 5927
4666 5927
4667 5927
4668 5927
4669 5927
4670 5927
4671 5927
4672 5927
4673 5927
4674 5927
4675 5927
4676 5927
4677 5927
4678 5927
4679 5927
4680 5927
4681 5927
4682 5927
4683 5927
4684 5927
4685 5927
4686 5927
4687 5927
4688 5927
4689 5927
4690 5927
4691 5927
4692 5927
4693 5927
4694 5927
4695 5927
4696 5927
4697 5927
4698 5927
4699 5927
4700 5927
4701 5927
4702 5927
4703 5927
4704 5927
4705 5927
4706 5927
4707 5927
4708 5927
4709 5927
4710 5927
4711 5927
4712 5927
4713 5927
4714 5927
4715 5927
4716 5927
4717 5927
4718 5927
4719 5927
4720 5927
4721 5927
4722 5927
4723 5927
4724 5927
4725 5927
4726 5927
4727 5927
4728 5927
4729 5927
4730 5927
4731 5927
4732 5927
4733 5927
4734 5927
4735 5927
4736 5927
4737 5927
4738 5927
4739 5927
4740 5927
4741 5927
4742 5927
4743 5927
4744 5927
4745 5927
4746 5927
4747 5927
4748 5927
4749 5927
4750 5927
4751 5927
4752 5927
4753 5927
4754 5927
4755 5927
4756 5927
4757 5927
4758 5927
4759 5927
4760 5927
4761 5927
4762 5927
4763 5927
4764 5927
4765 5927
4766 5927
4767 5927
4768 5927
4769 5927
4770 5927
4771 5927
4772 5927
4773 5927
4774 5927
4775 5927
4776 5927
4777 5927
4778 5927
4779 5927
4780 5927
4781 5927
4782 5927
4783 5927
4784 5927
4785 5927
4786 5927
4787 5927
4788 5927
4789 5927
4790 5927
4791 5927
4792 5927
4793 5927
4794 5927
4795 5927
4796 5927
4797 5927
4798 5927
4799 5927
4800 5927
4801 5927
4802 5927
4803 5927
4804 5927
4805 5927
4806 5927
4807 5927
4808 5927
4809 5927
4810 5927
4811 5927
4812 5927
4813 5927
4814 5927
4815 5927
4816 5927
4817 5927
4818 5927
4819 5927
4820 5927
4821 5927
4822 5927
4823 5927
4824 5927
4825 5927
4826 5927
4827 5927
4828 5927
4829 5927
4830 5927
4831 5927
4832 5927
4833 5927
4834 5927
4835 5927
4836 5927
4837 5927
4838 5927
4839 5927
4840 5927
4841 5927
4842 5927
4843 5927
4844 5927
4845 5927
4846 5927
4847 5927
4848 5927
4849 5927
4850 5927
4851 5927
4852 5927
4853 5927
4854 5927
4855 5927
4856 5927
4857 5927
4858 5927
4859 5927
4860 5927
4861 5927
4862 5927
4863 5927
4864 5927
4865 5927
4866 5927
4867 5927
4868 5927
4869 5927
4870 5927
4871 5927
4872 5927
4873 5927
4874 5927
4875 5927
4876 5927
4877 5927
4878 5927
4879 5927
4880 5927
4881 5927
4882 5927
4883 5927
4884 5927
4885 5927
4886 5927
4887 5927
4888 5927
4889 5927
4890 5927
4891 5927
4892 5927
4893 5927
4895 5927
4896 5927
4897 5927
4898 5927
4899 5927
4900 5927
4901 5927
4902 5927
4903 5927
4904 5927
4905 5927
4906 5927
4907 5927
4908 5927
4909 5927
4910 5927
4911 5927
4912 5927
4913 5927
4914 5927
4915 5927
4916 5927
4917 5927
4918 5927
4919 5927
4920 5927
4921 5927
4922 5927
4923 5927
4924 5927
4925 5927
4926 5927
4927 5927
4928 5927
4929 5927
4930 5927
4931 5927
4932 5927
4933 5927
4934 5927
4935 5927
4936 5927
4937 5927
4938 5927
4939 5927
4940 5927
4941 5927
4942 5927
4943 5927
4944 5927
4945 5927
4946 5927
4947 5927
4948 5927
4949 5927
4950 5927
4951 5927
4952 5927
4953 5927
4954 5927
4955 5927
4956 5927
4957 5927
4958 5927
4959 5927
4960 5927
4961 5927
4962 5927
4963 5927
4964 5927
4965 5927
4966 5927
4967 5927
4968 5927
4969 5927
4970 5927
4971 5927
4972 5927
4973 5927
4974 5927
4975 5927
4976 5927
4977 5927
4978 5927
4979 5927
4980 5927
4981 5927
4982 5927
4983 5927
4984 5927
4985 5927
4986 5927
4987 5927
4988 5927
4989 5927
4990 5927
4991 5927
4992 5927
4993 5927
4994 5927
4995 5927
4996 5927
4997 5927
4998 5927
4999 5927
5000 5927
5001 5927
5002 5927
5003 5927
5004 5927
5005 5927
5006 5927
5007 5927
5008 5927
5009 5927
5010 5927
5011 5927
5012 5927
5013 5927
5014 5927
5015 5927
5016 5927
5017 5927
5018 5927
5019 5927
5020 5927
5021 5927
5022 5927
5023 5927
5024 5927
5025 5927
5026 5927
5027 5927
5028 5927
5029 5927
5030 5927
5031 5927
5032 5927
5033 5927
5034 5927
5035 5927
5036 5927
5037 5927
5038 5927
5039 5927
5040 5927
5041 5927
5042 5927
5043 5927
5044 5927
5045 5927
5046 5927
5047 5927
5048 5927
5049 5927
5050 5927
5051 5927
5052 5927
5053 5927
5054 5927
5055 5927
5056 5927
5057 5927
5058 5927
5059 5927
5060 5927
5061 5927
5062 5927
5063 5927
5064 5927
5065 5927
5066 5927
5067 5927
5068 5927
5069 5927
5070 5927
5071 5927
5072 5927
5073 5927
5074 5927
5075 5927
5076 5927
5077 5927
5078 5927
5079 5927
5080 5927
5081 5927
5082 5927
5083 5927
5084 5927
5085 5927
5086 5927
5087 5927
5088 5927
5089 5927
5090 5927
5091 5927
5092 5927
5093 5927
5094 5927
5095 5927
5096 5927
5097 5927
5098 5927
5099 5927
5100 5927
5101 5927
5102 5927
5103 5927
5104 5927
5105 5927
5106 5927
5107 5927
5108 5927
5109 5927
5110 5927
5111 5927
5112 5927
5113 5927
5114 5927
5115 5927
5116 5927
5117 5927
5118 5927
5119 5927
5120 5927
5121 5927
5122 5927
5123 5927
5124 5927
5125 5927
5126 5927
5127 5927
5128 5927
5129 5927
5130 5927
5131 5927
5132 5927
5133 5927
5134 5927
5135 5927
5136 5927
5137 5927
5138 5927
5139 5927
5140 5927
5141 5927
5142 5927
5143 5927
5144 5927
5145 5927
5146 5927
5147 5927
5148 5927
5149 5927
5150 5927
5151 5927
5152 5927
5153 5927
5154 5927
5155 5927
5156 5927
5157 5927
5158 5927
5159 5927
5160 5927
5161 5927
5162 5927
5163 5927
5164 5927
5165 5927
5166 5927
5167 5927
5168 5927
5169 5927
5170 5927
5171 5927
5172 5927
5173 5927
5174 5927
5175 5927
5176 5927
5177 5927
5178 5927
5179 5927
5180 5927
5181 5927
5182 5927
5183 5927
5184 5927
5185 5927
5186 5927
5187 5927
5188 5927
5189 5927
5190 5927
5191 5927
5192 5927
5193 5927
5194 5927
5195 5927
5196 5927
5197 5927
5198 5927
5199 5927
5200 5927
5201 5927
5202 5927
5203 5927
5204 5927
5205 5927
5206 5927
5207 5927
5208 5927
5209 5927
5210 5927
5211 5927
5212 5927
5213 5927
5214 5927
5215 5927
5216 5927
5217 5927
5218 5927
5219 5927
5220 5927
5221 5927
5222 5927
5223 5927
5224 5927
5225 5927
5226 5927
5227 5927
5228 5927
5229 5927
5230 5927
5231 5927
5232 5927
5233 5927
5234 5927
5235 5927
5236 5927
5237 5927
5238 5927
5239 5927
5240 5927
5241 5927
5242 5927
5243 5927
5244 5927
5245 5927
5246 5927
5247 5927
5248 5927
5249 5927
5250 5927
5251 5927
5252 5927
5253 5927
5254 5927
5255 5927
5256 5927
5257 5927
5258 5927
5259 5927
5260 5927
5261 5927
5262 5927
5263 5927
5264 5927
5265 5927
5266 5927
5267 5927
5268 5927
5269 5927
5270 5927
5271 5927
5272 5927
5273 5927
5274 5927
5275 5927
5276 5927
5277 5927
5278 5927
5279 5927
5280 5927
5281 5927
5282 5927
5283 5927
5284 5927
5285 5927
5286 5927
5287 5927
5288 5927
5289 5927
5290 5927
5291 5927
5292 5927
5293 5927
5294 5927
5295 5927
5296 5927
5297 5927
5298 5927
5299 5927
5300 5927
5301 5927
5302 5927
5303 5927
5304 5927
5305 5927
5306 5927
5307 5927
5308 5927
5309 5927
5310 5927
5311 5927
5312 5927
5313 5927
5314 5927
5315 5927
5316 5927
5317 5927
5318 5927
5319 5927
5320 5927
5321 5927
5323 5927
5324 5927
5325 5927
5326 5927
5327 5927
5328 5927
5329 5927
5330 5927
5331 5927
5332 5927
5333 5927
5334 5927
5335 5927
5336 5927
5337 5927
5338 5927
5339 5927
5340 5927
5341 5927
5342 5927
5343 5927
5344 5927
5345 5927
5346 5927
5347 5927
5348 5927
5349 5927
5350 5927
5351 5927
5352 5927
5353 5927
5354 5927
5355 5927
5356 5927
5357 5927
5358 5927
5359 5927
5360 5927
5361 5927
5362 5927
5363 5927
5364 5927
5365 5927
5366 5927
5367 5927
5368 5927
5369 5927
5370 5927
5371 5927
5372 5927
5373 5927
5374 5927
5375 5927
5376 5927
5377 5927
5378 5927
5379 5927
5380 5927
5381 5927
5382 5927
5383 5927
5384 5927
5385 5927
5386 5927
5387 5927
5388 5927
5389 5927
5390 5927
5391 5927
5392 5927
5393 5927
5394 5927
5395 5927
5396 5927
5397 5927
5398 5927
5399 5927
5400 5927
5401 5927
5402 5927
5403 5927
5404 5927
5405 5927
5406 5927
5407 5927
5408 5927
5409 5927
5410 5927
5411 5927
5412 5927
5413 5927
5414 5927
5415 5927
5416 5927
5417 5927
5418 5927
5419 5927
5420 5927
5421 5927
5422 5927
5423 5927
5424 5927
5425 5927
5426 5927
5427 5927
5428 5927
5429 5927
5430 5927
5431 5927
5432 5927
5433 5927
5434 5927
5435 5927
5436 5927
5437 5927
5438 5927
5439 5927
5440 5927
5441 5927
5442 5927
5443 5927
5444 5927
5445 5927
5446 5927
5447 5927
5448 5927
5449 5927
5450 5927
5451 5927
5452 5927
5453 5927
5454 5927
5455 5927
5456 5927
5457 5927
5458 5927
5459 5927
5460 5927
5461 5927
5462 5927
5463 5927
5464 5927
5465 5927
5466 5927
5467 5927
5468 5927
5469 5927
5470 5927
5471 5927
5472 5927
5473 5927
5474 5927
5475 5927
5476 5927
5477 5927
5478 5927
5479 5927
5480 5927
5481 5927
5482 5927
5483 5927
5484 5927
5485 5927
5486 5927
5487 5927
5488 5927
5489 5927
5490 5927
5491 5927
5492 5927
5493 5927
5494 5927
5495 5927
5496 5927
5497 5927
5498 5927
5499 5927
5500 5927
5501 5927
5502 5927
5503 5927
5504 5927
5505 5927
5506 5927
5507 5927
5508 5927
5509 5927
5510 5927
5511 5927
5512 5927
5513 5927
5514 5927
5515 5927
5516 5927
5517 5927
5518 5927
5519 5927
5520 5927
5521 5927
5522 5927
5523 5927
5524 5927
5525 5927
5526 5927
5527 5927
5528 5927
5529 5927
5530 5927
5531 5927
5532 5927
5533 5927
5534 5927
5535 5927
5536 5927
5537 5927
5538 5927
5539 5927
5540 5927
5541 5927
5542 5927
5543 5927
5544 5927
5545 5927
5546 5927
5547 5927
5548 5927
5549 5927
5550 5927
5551 5927
5552 5927
5553 5927
5554 5927
5555 5927
5556 5927
5557 5927
5558 5927
5559 5927
5560 5927
5561 5927
5562 5927
5563 5927
5564 5927
5565 5927
5566 5927
5567 5927
5568 5927
5569 5927
5570 5927
5571 5927
5572 5927
5573 5927
5574 5927
5575 5927
5576 5927
5577 5927
5578 5927
5579 5927
5580 5927
5581 5927
5582 5927
5583 5927
5584 5927
5585 5927
5586 5927
5587 5927
5588 5927
5589 5927
5590 5927
5591 5927
5592 5927
5593 5927
5594 5927
5595 5927
5596 5927
5597 5927
5598 5927
5599 5927
5600 5927
5601 5927
5602 5927
5603 5927
5604 5927
5605 5927
5606 5927
5607 5927
5608 5927
5609 5927
5610 5927
5611 5927
5612 5927
5613 5927
5614 5927
5615 5927
5616 5927
5617 5927
5618 5927
5619 5927
5620 5927
5621 5927
5622 5927
5623 5927
5624 5927
5625 5927
5626 5927
5627 5927
5628 5927
5629 5927
5630 5927
5631 5927
5632 5927
5633 5927
5634 5927
5635 5927
5636 5927
5637 5927
5638 5927
5639 5927
5640 5927
5641 5927
5642 5927
5643 5927
5644 5927
5645 5927
5646 5927
5647 5927
5648 5927
5649 5927
5650 5927
5651 5927
5652 5927
5653 5927
5654 5927
5655 5927
5656 5927
5657 5927
5658 5927
5659 5927
5660 5927
5661 5927
5662 5927
5663 5927
5664 5927
5665 5927
5666 5927
5667 5927
5668 5927
5669 5927
5670 5927
5671 5927
5672 5927
5673 5927
5674 5927
5675 5927
5676 5927
5677 5927
5678 5927
5679 5927
5680 5927
5681 5927
5682 5927
5683 5927
5684 5927
5685 5927
5686 5927
5687 5927
5688 5927
5689 5927
5690 5927
5691 5927
5692 5927
5693 5927
5694 5927
5695 5927
5696 5927
5697 5927
5698 5927
5699 5927
5700 5927
5701 5927
5702 5927
5703 5927
5704 5927
5705 5927
5706 5927
5707 5927
5708 5927
5709 5927
5710 5927
5711 5927
5712 5927
5713 5927
5714 5927
5715 5927
5716 5927
5718 5927
5719 5927
5720 5927
5721 5927
5722 5927
5723 5927
5724 5927
5725 5927
5726 5927
5727 5927
5728 5927
5729 5927
5730 5927
5731 5927
5732 5927
5733 5927
5734 5927
5735 5927
5736 5927
5737 5927
5738 5927
5739 5927
5740 5927
5741 5927
5742 5927
5743 5927
5744 5927
5745 5927
5746 5927
5747 5927
5748 5927
5749 5927
5750 5927
5751 5927
5752 5927
5753 5927
5754 5927
5755 5927
5756 5927
5757 5927
5758 5927
5759 5927
5760 5927
5761 5927
5762 5927
5763 5927
5764 5927
5765 5927
5766 5927
5767 5927
5768 5927
5769 5927
5770 5927
5771 5927
5772 5927
5773 5927
5774 5927
5775 5927
5776 5927
5777 5927
5778 5927
5779 5927
5780 5927
5781 5927
5782 5927
5783 5927
5784 5927
5785 5927
5786 5927
5787 5927
5788 5927
5789 5927
5790 5927
5791 5927
5792 5927
5793 5927
5794 5927
5795 5927
5796 5927
5797 5927
5798 5927
5799 5927
5800 5927
5801 5927
5802 5927
5803 5927
5804 5927
5805 5927
5806 5927
5807 5927
5808 5927
5809 5927
5810 5927
5811 5927
5812 5927
5813 5927
5814 5927
5815 5927
5816 5927
5817 5927
5818 5927
5819 5927
5820 5927
5821 5927
5822 5927
5823 5927
5824 5927
5825 5927
5826 5927
5827 5927
5828 5927
5829 5927
5830 5927
5831 5927
5832 5927
5833 5927
5834 5927
5835 5927
5836 5927
5837 5927
5838 5927
5839 5927
5840 5927
5841 5927
5842 5927
5843 5927
5844 5927
5845 5927
5846 5927
5847 5927
5848 5927
5849 5927
5850 5927
5851 5927
5852 5927
5853 5927
5854 5927
5855 5927
5856 5927
5857 5927
5858 5927
5859 5927
5860 5927
5861 5927
5862 5927
5863 5927
5864 5927
5865 5927
5866 5927
5867 5927
5868 5927
5869 5927
5870 5927
5871 5927
5872 5927
5873 5927
5874 5927
5875 5927
5876 5927
5877 5927
5878 5927
5879 5927
5880 5927
5881 5927
5882 5927
5883 5927
5884 5927
5885 5927
5886 5927
5887 5927
5888 5927
5889 5927
5890 5927
5891 5927
5892 5927
5893 5927
5894 5927
5895 5927
5896 5927
5897 5927
5898 5927
5899 5927
5900 5927
5901 5927
5902 5927
5903 5927
5904 5927
5905 5927
5906 5927
5907 5927
5908 5927
5909 5927
5910 5927
5911 5927
5912 5927
5913 5927
5914 5927
5915 5927
5916 5927
5917 5927
5918 5927
5919 5927
5920 5927
5921 5927
5922 5927
5923 5927
5924 5927
5925 5927
5926 5927
5928 5927
5929 5927
5930 5927
5931 5927
5932 5927
5933 5927
5934 5927
5935 5927
5936 5927
5937 5927
5938 5927
5939 5927
5940 5927
5941 5927
5942 5927
5943 5927
5944 5927
5945 5927
5946 5927
5947 5927
5948 5927
5949 5927
5950 5927
5951 5927
5952 5927
5953 5927
5954 5927
5955 5927
5956 5927
5957 5927
5958 5927
5959 5927
5960 5927
5961 5927
5962 5927
5963 5927
5964 5927
5965 5927
5966 5927
5967 5927
5968 5927
5969 5927
5970 5927
5971 5927
5972 5927
5973 5927
5974 5927
5975 5927
5976 5927
5977 5927
5978 5927
5979 5927
5980 5927
5981 5927
5982 5927
5983 5927
5984 5927
5985 5927
5986 5927
5987 5927
5988 5927
5989 5927
5990 5927
5991 5927
5992 5927
5993 5927
5994 5927
5995 5927
5996 5927
5997 5927
5998 5927
5999 5927
6000 5927
6001 5927
6002 5927
6003 5927
6004 5927
6005 5927
6006 5927
6007 5927
6008 5927
6009 5927
6010 5927
6011 5927
6012 5927
6013 5927
6014 5927
6015 5927
6016 5927
6017 5927
6018 5927
6019 5927
6020 5927
6021 5927
6022 5927
6023 5927
6024 5927
6025 5927
6026 5927
6027 5927
6028 5927
6029 5927
6030 5927
6031 5927
6032 5927
6033 5927
6034 5927
6035 5927
6036 5927
6037 5927
6038 5927
6039 5927
6040 5927
6041 5927
6042 5927
6043 5927
6044 5927
6045 5927
6046 5927
6047 5927
6048 5927
6049 5927
6050 5927
6051 5927
6052 5927
6053 5927
6054 5927
6055 5927
6056 5927
6057 5927
6058 5927
6059 5927
6060 5927
6061 5927
6062 5927
6063 5927
6064 5927
6065 5927
6066 5927
6067 5927
6068 5927
6069 5927
6070 5927
6071 5927
6072 5927
6073 5927
6074 5927
6075 5927
6076 5927
6077 5927
6078 5927
6079 5927
6080 5927
6081 5927
6082 5927
6083 5927
6084 5927
6085 5927
6086 5927
6087 5927
6088 5927
6089 5927
6090 5927
6091 5927
6092 5927
6093 5927
6094 5927
6095 5927
6096 5927
6097 5927
6098 5927
6099 5927
6100 5927
6101 5927
6102 5927
6103 5927
6104 5927
6105 5927
6106 5927
6107 5927
6108 5927
6109 5927
6110 5927
6111 5927
6112 5927
6113 5927
6114 5927
6115 5927
6116 5927
6117 5927
6118 5927
6119 5927
6120 5927
6121 5927
6122 5927
6123 5927
6124 5927
6125 5927
6126 5927
6127 5927
6128 5927
6129 5927
6130 5927
6131 5927
6132 5927
6133 5927
6134 5927
6135 5927
6136 5927
6137 5927
6138 5927
6139 5927
6140 5927
6141 5927
6142 5927
6143 5927
6144 5927
6145 5927
6146 5927
6147 5927
6148 5927
6149 5927
6150 5927
6151 5927
6152 5927
6153 5927
6154 5927
6155 5927
6156 5927
6157 5927
6158 5927
6159 5927
6160 5927
6161 5927
6162 5927
6163 5927
6164 5927
6165 5927
6166 5927
6167 5927
6168 5927
6169 5927
6170 5927
6171 5927
6172 5927
6173 5927
6174 5927
6175 5927
6176 5927
6177 5927
6178 5927
6179 5927
6180 5927
6181 5927
6182 5927
6183 5927
6184 5927
6185 5927
6186 5927
6187 5927
6188 5927
6189 5927
6190 5927
6191 5927
6192 5927
6193 5927
6194 5927
6195 5927
6196 5927
6197 5927
6198 5927
6199 5927
6200 5927
6201 5927
6202 5927
6203 5927
6204 5927
6205 5927
6206 5927
6207 5927
6208 5927
6209 5927
6210 5927
6211 5927
6212 5927
6213 5927
6214 5927
6215 5927
6216 5927
6217 5927
6218 5927
6219 5927
6220 5927
6221 5927
6222 5927
6223 5927
6224 5927
6225 5927
6226 5927
6227 5927
6228 5927
6229 5927
6230 5927
6231 5927
6232 5927
6233 5927
6234 5927
6235 5927
6236 5927
6237 5927
6238 5927
6239 5927
6240 5927
6241 5927
6242 5927
6243 5927
6244 5927
6245 5927
6246 5927
6247 5927
6248 5927
6249 5927
6250 5927
6251 5927
6252 5927
6253 5927
6255 5927
6256 5927
6257 5927
6258 5927
6259 5927
6260 5927
6261 5927
6262 5927
6263 5927
6264 5927
6265 5927
6266 5927
6267 5927
6268 5927
6269 5927
6270 5927
6271 5927
6272 5927
6273 5927
6274 5927
6275 5927
6276 5927
6277 5927
6278 5927
6279 5927
6280 5927
6281 5927
6282 5927
6283 5927
6284 5927
6285 5927
6286 5927
6287 5927
6288 5927
6289 5927
6290 5927
6291 5927
6292 5927
6293 5927
6294 5927
6295 5927
6296 5927
6297 5927
6298 5927
6299 5927
6300 5927
6301 5927
6302 5927
6303 5927
6304 5927
6305 5927
6306 5927
6307 5927
6308 5927
6309 5927
6310 5927
6311 5927
6312 5927
6313 5927
6314 5927
6315 5927
6316 5927
6317 5927
6318 5927
6319 5927
6320 5927
6321 5927
6322 5927
6323 5927
6324 5927
6325 5927
6326 5927
6327 5927
6328 5927
6329 5927
6330 5927
6331 5927
6332 5927
6333 5927
6334 5927
6335 5927
6336 5927
6337 5927
6338 5927
6339 5927
6340 5927
6341 5927
6342 5927
6343 5927
6344 5927
6345 5927
6346 5927
6347 5927
6348 5927
6349 5927
6350 5927
6351 5927
6352 5927
6353 5927
6354 5927
6355 5927
6356 5927
6357 5927
6358 5927
6359 5927
6360 5927
6361 5927
6362 5927
6363 5927
6364 5927
6365 5927
6366 5927
6368 5927
6369 5927
6370 5927
6371 5927
6372 5927
6373 5927
6374 5927
6375 5927
6376 5927
6377 5927
6378 5927
6379 5927
6380 5927
6381 5927
6382 5927
6383 5927
6384 5927
6385 5927
6386 5927
6387 5927
6388 5927
6389 5927
6390 5927
6391 5927
6392 5927
6393 5927
6394 5927
6395 5927
6396 5927
6397 5927
6398 5927
6399 5927
6400 5927
6401 5927
6402 5927
6403 5927
6404 5927
6405 5927
6406 5927
6407 5927
6408 5927
6409 5927
6410 5927
6411 5927
6412 5927
6413 5927
6414 5927
6415 5927
6416 5927
6417 5927
6418 5927
6419 5927
6420 5927
6421 5927
6422 5927
6423 5927
6424 5927
6425 5927
6426 5927
6427 5927
6428 5927
6429 5927
6430 5927
6431 5927
6432 5927
6433 5927
6434 5927
6435 5927
6436 5927
6437 5927
6438 5927
6439 5927
6440 5927
6441 5927
6442 5927
6443 5927
6444 5927
6445 5927
6446 5927
6447 5927
6448 5927
6449 5927
6450 5927
6451 5927
6452 5927
6453 5927
6454 5927
6455 5927
6456 5927
6457 5927
6458 5927
6459 5927
6460 5927
6461 5927
6462 5927
6463 5927
6464 5927
6465 5927
6466 5927
6467 5927
6468 5927
6469 5927
6470 5927
6471 5927
6472 5927
6473 5927
6474 5927
6475 5927
6476 5927
6477 5927
6478 5927
6479 5927
6480 5927
6481 5927
6482 5927
6483 5927
6484 5927
6485 5927
6486 5927
6487 5927
6488 5927
6489 5927
6490 5927
6491 5927
6492 5927
6493 5927
6494 5927
6495 5927
6496 5927
6497 5927
6498 5927
6499 5927
6500 5927
6501 5927
6502 5927
6503 5927
6504 5927
6505 5927
6506 5927
6507 5927
6508 5927
6509 5927
6510 5927
6511 5927
6512 5927
6513 5927
6514 5927
6515 5927
6516 5927
6517 5927
6518 5927
6519 5927
6520 5927
6521 5927
6522 5927
6523 5927
6524 5927
6525 5927
6526 5927
6527 5927
6528 5927
6529 5927
6530 5927
6531 5927
6532 5927
6533 5927
6534 5927
6535 5927
6536 5927
6537 5927
6538 5927
6539 5927
6540 5927
6541 5927
6542 5927
6543 5927
6544 5927
6545 5927
6546 5927
6547 5927
6548 5927
6549 5927
6550 5927
6551 5927
6552 5927
6553 5927
6554 5927
6555 5927
6556 5927
6557 5927
6558 5927
6559 5927
6560 5927
6561 5927
6562 5927
6563 5927
6564 5927
6565 5927
6566 5927
6567 5927
6568 5927
6569 5927
6570 5927
6571 5927
6572 5927
6573 5927
6574 5927
6575 5927
6576 5927
6577 5927
6578 5927
6579 5927
6580 5927
6581 5927
6582 5927
6583 5927
6584 5927
6585 5927
6586 5927
6587 5927
6588 5927
6589 5927
6590 5927
6591 5927
6592 5927
6593 5927
6594 5927
6595 5927
6596 5927
6597 5927
6599 5927
6600 5927
6601 5927
6602 5927
6603 5927
6604 5927
6605 5927
6606 5927
6607 5927
6608 5927
6609 5927
6610 5927
6611 5927
6612 5927
6613 5927
6614 5927
6615 5927
6616 5927
6617 5927
6618 5927
6619 5927
6620 5927
6621 5927
6622 5927
6623 5927
6624 5927
6625 5927
6626 5927
6627 5927
6628 5927
6629 5927
6630 5927
6631 5927
6632 5927
6633 5927
6634 5927
6635 5927
6636 5927
6637 5927
6638 5927
6639 5927
6640 5927
6641 5927
6642 5927
6643 5927
6644 5927
6645 5927
6646 5927
6647 5927
6648 5927
6649 5927
6650 5927
6651 5927
6652 5927
6653 5927
6654 5927
6655 5927
6656 5927
6657 5927
6658 5927
6659 5927
6660 5927
6661 5927
6662 5927
6663 5927
6664 5927
6665 5927
6666 5927
6667 5927
6668 5927
6669 5927
6670 5927
6671 5927
6672 5927
6673 5927
6674 5927
6675 5927
6676 5927
6677 5927
6678 5927
6679 5927
6680 5927
6681 5927
6682 5927
6683 5927
6684 5927
6685 5927
6686 5927
6687 5927
6688 5927
6689 5927
6690 5927
6691 5927
6692 5927
6693 5927
6694 5927
6695 5927
6696 5927
6697 5927
6698 5927
6699 5927
6700 5927
6701 5927
6702 5927
6703 5927
6704 5927
6705 5927
6706 5927
6707 5927
6708 5927
6709 5927
6710 5927
6711 5927
6712 5927
6713 5927
6714 5927
6715 5927
6716 5927
6717 5927
6718 5927
6719 5927
6720 5927
6721 5927
6722 5927
6723 5927
6724 5927
6725 5927
6726 5927
6727 5927
6728 5927
6729 5927
6730 5927
6731 5927
6732 5927
6733 5927
6734 5927
6735 5927
6736 5927
6737 5927
6738 5927
6739 5927
6740 5927
6741 5927
6742 5927
6743 5927
6744 5927
6745 5927
6746 5927
6747 5927
6748 5927
6749 5927
6750 5927
6751 5927
6752 5927
6753 5927
6754 5927
6755 5927
6756 5927
6757 5927
6758 5927
6759 5927
6760 5927
6761 5927
6762 5927
6763 5927
6764 5927
6765 5927
6766 5927
6767 5927
6768 5927
6769 5927
6770 5927
6771 5927
6772 5927
6773 5927
6774 5927
6775 5927
6776 5927
6777 5927
6778 5927
6779 5927
6780 5927
6781 5927
6782 5927
6783 5927
6784 5927
6785 5927
6786 5927
6787 5927
6788 5927
6789 5927
6790 5927
6791 5927
6792 5927
6793 5927
6794 5927
6795 5927
6796 5927
6797 5927
6798 5927
6799 5927
6800 5927
6801 5927
6802 5927
6803 5927
6804 5927
6805 5927
6806 5927
6807 5927
6808 5927
6809 5927
6810 5927
6811 5927
6812 5927
6813 5927
6814 5927
6815 5927
6816 5927
6817 5927
6818 5927
6819 5927
6820 5927
6821 5927
6822 5927
6823 5927
6824 5927
6825 5927
6826 5927
6827 5927
6828 5927
6829 5927
6830 5927
6831 5927
6832 5927
6833 5927
6834 5927
6835 5927
6836 5927
6837 5927
6838 5927
6839 5927
6840 5927
6841 5927
6842 5927
6843 5927
6844 5927
6845 5927
6846 5927
6847 5927
6848 5927
6849 5927
6850 5927
6851 5927
6852 5927
6853 5927
6854 5927
6855 5927
6856 5927
6857 5927
6858 5927
6859 5927
6860 5927
6861 5927
6862 5927
6863 5927
6864 5927
6865 5927
6866 5927
6867 5927
6868 5927
6869 5927
6870 5927
6871 5927
6872 5927
6873 5927
6874 5927
6875 5927
6876 5927
6877 5927
6878 5927
6879 5927
6880 5927
6881 5927
6882 5927
6883 5927
6884 5927
6885 5927
6886 5927
6887 5927
6888 5927
6889 5927
6890 5927
6891 5927
6892 5927
6893 5927
6894 5927
6895 5927
6896 5927
6897 5927
6898 5927
6899 5927
6900 5927
6901 5927
6902 5927
6903 5927
6904 5927
6905 5927
6906 5927
6907 5927
6908 5927
6909 5927
6910 5927
6911 5927
6912 5927
6913 5927
6914 5927
6915 5927
6916 5927
6917 5927
6918 5927
6919 5927
6920 5927
6921 5927
6922 5927
6923 5927
6924 5927
6925 5927
6926 5927
6927 5927
6928 5927
6929 5927
6930 5927
6931 5927
6932 5927
6933 5927
6934 5927
6935 5927
6936 5927
6937 5927
6938 5927
6939 5927
6940 5927
6941 5927
6942 5927
6943 5927
6944 5927
6945 5927
6946 5927
6947 5927
6948 5927
6949 5927
6950 5927
6951 5927
6952 5927
6953 5927
6954 5927
6955 5927
6956 5927
6957 5927
6958 5927
6959 5927
6960 5927
6961 5927
6962 5927
6963 5927
6964 5927
6965 5927
6966 5927
6967 5927
6968 5927
6969 5927
6970 5927
6971 5927
6972 5927
6973 5927
6974 5927
6975 5927
6976 5927
6977 5927
6978 5927
6979 5927
6980 5927
6981 5927
6982 5927
6983 5927
6984 5927
6985 5927
6986 5927
6987 5927
6988 5927
6989 5927
6990 5927
6991 5927
6992 5927
6993 5927
6994 5927
6995 5927
6996 5927
6997 5927
6998 5927
6999 5927
7000 5927
7001 5927
7002 5927
7003 5927
7004 5927
7005 5927
7006 5927
7007 5927
7008 5927
7009 5927
7010 5927
7011 5927
7012 5927
7013 5927
7014 5927
7015 5927
7016 5927
7017 5927
7018 5927
7019 5927
7020 5927
7021 5927
7022 5927
7023 5927
7024 5927
7025 5927
7026 5927
7027 5927
7028 5927
7029 5927
7030 5927
7031 5927
7032 5927
7033 5927
7034 5927
7035 5927
7036 5927
7037 5927
7038 5927
7039 5927
7040 5927
7041 5927
7042 5927
7043 5927
7044 5927
7045 5927
7046 5927
7047 5927
7048 5927
7049 5927
7050 5927
7051 5927
7052 5927
7053 5927
7054 5927
7055 5927
7056 5927
7057 5927
7058 5927
7059 5927
7060 5927
7061 5927
7062 5927
7063 5927
7064 5927
7065 5927
7066 5927
7067 5927
7068 5927
7069 5927
7070 5927
7071 5927
7072 5927
7073 5927
7074 5927
7075 5927
7076 5927
7077 5927
7078 5927
7079 5927
7080 5927
7081 5927
7082 5927
7083 5927
7084 5927
7085 5927
7086 5927
7087 5927
7088 5927
7089 5927
7090 5927
7091 5927
7092 5927
7093 5927
7094 5927
7095 5927
7096 5927
7097 5927
7098 5927
7099 5927
7100 5927
7101 5927
7102 5927
7103 5927
7104 5927
7105 5927
7106 5927
7107 5927
7108 5927
7109 5927
7110 5927
7111 5927
7112 5927
7113 5927
7114 5927
7115 5927
7116 5927
7117 5927
7118 5927
7119 5927
7120 5927
7121 5927
7122 5927
7123 5927
7124 5927
7125 5927
7126 5927
7127 5927
7128 5927
7129 5927
7130 5927
7131 5927
7132 5927
7133 5927
7134 5927
7135 5927
7136 5927
7137 5927
7138 5927
7139 5927
7140 5927
7141 5927
7142 5927
7143 5927
7144 5927
7145 5927
7146 5927
7147 5927
7148 5927
7149 5927
7150 5927
7151 5927
7152 5927
7153 5927
7154 5927
7155 5927
7156 5927
7157 5927
7158 5927
7159 5927
7160 5927
7161 5927
7162 5927
7163 5927
7164 5927
7165 5927
7166 5927
7167 5927
7168 5927
7169 5927
7170 5927
7171 5927
7172 5927
7173 5927
7174 5927
7175 5927
7176 5927
7177 5927
7178 5927
7179 5927
7180 5927
7181 5927
7182 5927
7183 5927
7184 5927
7185 5927
7186 5927
7187 5927
7188 5927
7189 5927
7190 5927
7191 5927
7192 5927
7193 5927
7194 5927
7195 5927
7196 5927
7197 5927
7198 5927
7199 5927
7200 5927
7201 5927
7202 5927
7203 5927
7204 5927
7205 5927
7206 5927
7207 5927
7208 5927
7209 5927
7210 5927
7211 5927
7212 5927
7213 5927
7214 5927
7215 5927
7216 5927
7217 5927
7218 5927
7219 5927
7220 5927
7221 5927
7222 5927
7223 5927
7224 5927
7225 5927
7226 5927
7227 5927
7228 5927
7229 5927
7230 5927
7231 5927
7232 5927
7233 5927
7234 5927
7235 5927
7236 5927
7237 5927
7238 5927
7239 5927
7240 5927
7241 5927
7242 5927
7243 5927
7244 5927
7245 5927
7246 5927
7247 5927
7248 5927
7249 5927
7250 5927
7251 5927
7252 5927
7253 5927
7254 5927
7255 5927
7256 5927
7257 5927
7258 5927
7259 5927
7260 5927
7261 5927
7262 5927
7263 5927
7264 5927
7265 5927
7266 5927
7267 5927
7268 5927
7269 5927
7270 5927
7271 5927
7272 5927
7273 5927
7274 5927
7275 5927
7276 5927
7277 5927
7278 5927
7279 5927
7280 5927
7281 5927
7282 5927
7283 5927
7284 5927
7285 5927
7286 5927
7287 5927
7288 5927
7289 5927
7290 5927
7291 5927
7292 5927
7293 5927
7294 5927
7295 5927
7296 5927
7297 5927
7298 5927
7299 5927
7300 5927
7301 5927
7302 5927
7303 5927
7304 5927
7305 5927
7306 5927
7307 5927
7308 5927
7309 5927
7310 5927
7311 5927
7312 5927
7313 5927
7314 5927
7315 5927
7316 5927
7317 5927
7318 5927
7319 5927
7320 5927
7321 5927
7322 5927
7323 5927
7324 5927
7325 5927
7326 5927
7327 5927
7328 5927
7329 5927
7330 5927
7331 5927
7332 5927
7333 5927
7334 5927
7335 5927
7336 5927
7337 5927
7338 5927
7339 5927
7340 5927
7341 5927
7342 5927
7343 5927
7344 5927
7345 5927
7346 5927
7347 5927
7348 5927
7349 5927
7350 5927
7351 5927
7352 5927
7353 5927
7354 5927
7355 5927
7356 5927
7357 5927
7358 5927
7359 5927
7360 5927
7361 5927
7362 5927
7363 5927
7364 5927
7365 5927
7366 5927
7367 5927
7368 5927
7369 5927
7370 5927
7371 5927
7372 5927
7373 5927
7374 5927
7375 5927
7376 5927
7377 5927
7378 5927
7379 5927
7380 5927
7381 5927
7382 5927
7383 5927
7384 5927
7385 5927
7386 5927
7387 5927
7388 5927
7389 5927
7390 5927
7391 5927
7392 5927
7393 5927
7394 5927
7395 5927
7396 5927
7397 5927
7398 5927
7399 5927
7400 5927
7401 5927
7402 5927
7403 5927
7404 5927
7405 5927
7406 5927
7407 5927
7408 5927
7409 5927
7410 5927
7411 5927
7412 5927
7413 5927
7414 5927
7415 5927
7416 5927
7417 5927
7418 5927
7419 5927
7420 5927
7421 5927
7422 5927
7423 5927
7424 5927
7425 5927
7426 5927
7427 5927
7428 5927
7429 5927
7430 5927
7431 5927
7432 5927
7433 5927
7434 5927
7435 5927
7436 5927
7437 5927
7438 5927
7439 5927
7440 5927
7441 5927
7442 5927
7443 5927
7444 5927
7445 5927
7446 5927
7447 5927
7448 5927
7449 5927
7450 5927
7451 5927
7452 5927
7453 5927
7454 5927
7455 5927
7456 5927
7457 5927
7458 5927
7459 5927
7460 5927
7461 5927
7462 5927
7463 5927
7464 5927
7465 5927
7466 5927
7467 5927
7468 5927
7469 5927
7470 5927
7471 5927
7472 5927
7473 5927
7474 5927
7475 5927
7476 5927
7477 5927
7478 5927
7479 5927
7480 5927
7481 5927
7482 5927
7483 5927
7484 5927
7485 5927
7486 5927
7487 5927
7488 5927
7489 5927
7490 5927
7491 5927
7492 5927
7493 5927
7494 5927
7495 5927
7496 5927
7497 5927
7498 5927
7499 5927
7500 5927
7501 5927
7502 5927
7503 5927
7504 5927
7505 5927
7506 5927
7507 5927
7508 5927
7509 5927
7510 5927
7511 5927
7512 5927
7513 5927
7514 5927
7515 5927
7516 5927
7517 5927
7518 5927
7519 5927
7520 5927
7521 5927
7522 5927
7523 5927
7524 5927
7525 5927
7526 5927
7527 5927
7528 5927
7529 5927
7530 5927
7531 5927
7532 5927
7533 5927
7534 5927
7535 5927
7536 5927
7537 5927
7538 5927
7539 5927
7540 5927
7541 5927
7542 5927
7543 5927
7544 5927
7545 5927
7546 5927
7547 5927
7548 5927
7549 5927
7550 5927
7551 5927
7552 5927
7553 5927
7554 5927
7555 5927
7556 5927
7557 5927
7558 5927
7559 5927
7560 5927
7561 5927
7562 5927
7563 5927
7564 5927
7565 5927
7566 5927
7567 5927
7568 5927
7569 5927
7570 5927
7571 5927
7572 5927
7573 5927
7574 5927
7575 5927
7576 5927
7577 5927
7578 5927
7579 5927
7580 5927
7581 5927
7582 5927
7583 5927
7584 5927
7585 5927
7586 5927
7587 5927
7588 5927
7589 5927
7590 5927
7591 5927
7592 5927
7593 5927
7594 5927
7595 5927
7596 5927
7597 5927
7598 5927
7599 5927
7600 5927
7601 5927
7602 5927
7603 5927
7604 5927
7605 5927
7606 5927
7607 5927
7608 5927
7609 5927
7610 5927
7611 5927
7612 5927
7613 5927
7614 5927
7615 5927
7616 5927
7617 5927
7618 5927
7619 5927
7620 5927
7621 5927
7622 5927
7623 5927
7624 5927
7625 5927
7626 5927
7627 5927
7628 5927
7629 5927
7630 5927
7631 5927
7632 5927
7633 5927
7634 5927
7635 5927
7636 5927
7637 5927
7638 5927
7639 5927
7640 5927
7641 5927
7642 5927
7643 5927
7644 5927
7645 5927
7646 5927
7647 5927
7648 5927
7649 5927
7650 5927
7651 5927
7652 5927
7653 5927
7654 5927
7655 5927
7656 5927
7657 5927
7658 5927
7659 5927
7660 5927
7661 5927
7662 5927
7663 5927
7664 5927
7665 5927
7666 5927
7667 5927
7668 5927
7669 5927
7670 5927
7671 5927
7672 5927
7673 5927
7674 5927
7675 5927
7676 5927
7677 5927
7678 5927
7679 5927
7680 5927
7681 5927
7682 5927
7683 5927
7684 5927
7685 5927
7686 5927
7687 5927
7688 5927
7689 5927
7690 5927
7691 5927
7692 5927
7693 5927
7694 5927
7695 5927
7696 5927
7697 5927
7698 5927
7699 5927
7700 5927
7701 5927
7702 5927
7703 5927
7704 5927
7705 5927
7706 5927
7707 5927
7708 5927
7709 5927
7710 5927
7711 5927
7712 5927
7713 5927
7714 5927
7715 5927
7716 5927
7717 5927
7718 5927
7719 5927
7720 5927
7721 5927
7722 5927
7723 5927
7724 5927
7725 5927
7726 5927
7727 5927
7728 5927
7729 5927
7730 5927
7731 5927
7732 5927
7733 5927
7734 5927
7735 5927
7736 5927
7737 5927
7738 5927
7739 5927
7740 5927
7741 5927
7742 5927
7743 5927
7744 5927
7745 5927
7746 5927
7747 5927
7748 5927
7749 5927
7750 5927
7751 5927
7752 5927
7753 5927
7754 5927
7755 5927
7756 5927
7757 5927
7758 5927
7759 5927
7760 5927
7761 5927
7762 5927
7763 5927
7764 5927
7765 5927
7766 5927
7767 5927
7768 5927
7769 5927
7770 5927
7771 5927
7772 5927
7773 5927
7774 5927
7775 5927
7776 5927
7777 5927
7778 5927
7779 5927
7780 5927
7781 5927
7782 5927
7783 5927
7784 5927
7785 5927
7786 5927
7787 5927
7788 5927
7789 5927
7790 5927
7791 5927
7792 5927
7793 5927
7794 5927
7795 5927
7796 5927
7797 5927
7798 5927
7799 5927
7800 5927
7801 5927
7802 5927
7803 5927
7804 5927
7805 5927
7806 5927
7807 5927
7808 5927
7809 5927
7810 5927
7811 5927
7812 5927
7813 5927
7814 5927
7815 5927
7816 5927
7817 5927
7818 5927
7819 5927
7820 5927
7821 5927
7822 5927
7823 5927
7824 5927
7825 5927
7826 5927
7827 5927
7828 5927
7829 5927
7830 5927
7831 5927
7832 5927
7833 5927
7834 5927
7835 5927
7836 5927
7837 5927
7838 5927
7839 5927
7840 5927
7841 5927
7842 5927
7843 5927
7844 5927
7845 5927
7846 5927
7847 5927
7848 5927
7849 5927
7850 5927
7851 5927
7852 5927
7853 5927
7854 5927
7855 5927
7856 5927
7857 5927
7858 5927
7859 5927
7860 5927
7861 5927
7862 5927
7863 5927
7864 5927
7865 5927
7866 5927
7867 5927
7868 5927
7869 5927
7870 5927
7871 5927
7872 5927
7873 5927
7874 5927
7875 5927
7876 5927
7877 5927
7878 5927
7879 5927
7880 5927
7881 5927
7882 5927
7883 5927
7884 5927
7885 5927
7886 5927
7887 5927
7888 5927
7889 5927
7890 5927
7891 5927
7892 5927
7893 5927
7894 5927
7895 5927
7896 5927
7897 5927
7898 5927
7899 5927
7900 5927
7901 5927
7902 5927
7903 5927
7904 5927
7905 5927
7906 5927
7907 5927
7908 5927
7909 5927
7910 5927
7911 5927
7912 5927
7913 5927
7914 5927
7915 5927
7916 5927
7917 5927
7918 5927
7919 5927
7921 5927
7922 5927
7923 5927
7924 5927
7925 5927
7926 5927
7927 5927
7928 5927
7929 5927
7930 5927
7931 5927
7932 5927
7933 5927
7934 5927
7935 5927
7936 5927
7937 5927
7938 5927
7939 5927
7940 5927
7941 5927
7942 5927
7943 5927
7944 5927
7945 5927
7946 5927
7947 5927
7948 5927
7949 5927
7950 5927
7951 5927
7953 5927
7954 5927
7955 5927
7956 5927
7957 5927
7958 5927
7959 5927
7960 5927
7961 5927
7962 5927
7963 5927
7964 5927
7965 5927
7966 5927
7967 5927
7968 5927
7969 5927
7970 5927
7971 5927
7972 5927
7973 5927
7974 5927
7975 5927
7976 5927
7977 5927
7978 5927
7979 5927
7980 5927
7981 5927
7982 5927
7983 5927
7984 5927
7985 5927
7986 5927
7987 5927
7988 5927
7989 5927
7990 5927
7991 5927
7992 5927
7993 5927
7994 5927
7995 5927
7996 5927
7997 5927
7998 5927
7999 5927
8000 5927
8001 5927
8002 5927
8003 5927
8004 5927
8005 5927
8006 5927
8007 5927
8008 5927
8009 5927
8010 5927
8011 5927
8012 5927
8013 5927
8014 5927
8015 5927
8016 5927
8017 5927
8018 5927
8019 5927
8020 5927
8022 5927
8023 5927
8024 5927
8025 5927
8026 5927
8027 5927
8028 5927
8029 5927
8030 5927
8031 5927
8032 5927
8033 5927
8034 5927
8035 5927
8036 5927
8037 5927
8038 5927
8039 5927
8040 5927
8041 5927
8042 5927
8043 5927
8044 5927
8045 5927
8046 5927
8047 5927
8048 5927
8049 5927
8050 5927
8051 5927
8052 5927
8053 5927
8054 5927
8055 5927
8056 5927
8057 5927
8058 5927
8059 5927
8060 5927
8061 5927
8062 5927
8063 5927
8064 5927
8065 5927
8066 5927
8067 5927
8068 5927
8069 5927
8070 5927
8071 5927
8072 5927
8073 5927
8074 5927
8075 5927
8076 5927
8077 5927
8078 5927
8079 5927
8080 5927
8081 5927
8082 5927
8083 5927
8084 5927
8085 5927
8086 5927
8087 5927
8088 5927
8089 5927
8090 5927
8091 5927
8092 5927
8093 5927
8094 5927
8095 5927
8096 5927
8097 5927
8098 5927
8099 5927
8100 5927
8101 5927
8102 5927
8103 5927
8104 5927
8105 5927
8106 5927
8107 5927
8108 5927
8109 5927
8110 5927
8111 5927
8112 5927
8113 5927
8114 5927
8115 5927
8116 5927
8117 5927
8118 5927
8119 5927
8120 5927
8121 5927
8122 5927
8123 5927
8124 5927
8125 5927
8126 5927
8127 5927
8128 5927
8129 5927
8130 5927
8131 5927
8132 5927
8133 5927
8134 5927
8135 5927
8136 5927
8137 5927
8138 5927
8139 5927
8140 5927
8141 5927
8142 5927
8143 5927
8144 5927
8145 5927
8146 5927
8147 5927
8148 5927
8149 5927
8150 5927
8151 5927
8152 5927
8153 5927
8154 5927
8155 5927
8156 5927
8157 5927
8158 5927
8159 5927
8160 5927
8161 5927
8162 5927
8163 5927
8164 5927
8165 5927
8166 5927
8167 5927
8168 5927
8169 5927
8170 5927
8171 5927
8172 5927
8173 5927
8174 5927
8175 5927
8176 5927
8177 5927
8178 5927
8179 5927
8180 5927
8181 5927
8182 5927
8183 5927
8184 5927
8185 5927
8186 5927
8187 5927
8188 5927
8189 5927
8190 5927
8191 5927
8192 5927
8193 5927
8194 5927
8195 5927
8196 5927
8197 5927
8198 5927
8199 5927
8200 5927
8201 5927
8202 5927
8203 5927
8204 5927
8205 5927
8206 5927
8207 5927
8208 5927
8209 5927
8210 5927
8211 5927
8212 5927
8213 5927
8214 5927
8215 5927
8216 5927
8217 5927
8218 5927
8219 5927
8220 5927
8221 5927
8222 5927
8223 5927
8224 5927
8225 5927
8226 5927
8227 5927
8228 5927
8229 5927
8230 5927
8231 5927
8232 5927
8233 5927
8234 5927
8235 5927
8236 5927
8237 5927
8238 5927
8239 5927
8240 5927
8241 5927
8242 5927
8243 5927
8244 5927
8245 5927
8246 5927
8247 5927
8248 5927
8249 5927
8250 5927
8251 5927
8252 5927
8253 5927
8254 5927
8255 5927
8256 5927
8257 5927
8258 5927
8259 5927
8260 5927
8261 5927
8262 5927
8263 5927
8264 5927
8265 5927
8266 5927
8267 5927
8268 5927
8269 5927
8270 5927
8271 5927
8272 5927
8273 5927
8274 5927
8275 5927
8276 5927
8277 5927
8278 5927
8279 5927
8280 5927
8281 5927
8282 5927
8283 5927
8284 5927
8285 5927
8286 5927
8287 5927
8288 5927
8289 5927
8290 5927
8291 5927
8292 5927
8293 5927
8294 5927
8295 5927
8296 5927
8297 5927
8298 5927
8299 5927
8300 5927
8301 5927
8302 5927
8303 5927
8304 5927
8305 5927
8306 5927
8307 5927
8308 5927
8309 5927
8310 5927
8311 5927
8312 5927
8313 5927
8314 5927
8315 5927
8316 5927
8317 5927
8318 5927
8319 5927
8320 5927
8321 5927
8322 5927
8323 5927
8324 5927
8325 5927
8326 5927
8327 5927
8328 5927
8329 5927
8330 5927
8331 5927
8332 5927
8333 5927
8334 5927
8335 5927
8336 5927
8337 5927
8338 5927
8339 5927
8340 5927
8341 5927
8342 5927
8343 5927
8344 5927
8345 5927
8346 5927
8347 5927
8348 5927
8349 5927
8350 5927
8351 5927
8352 5927
8353 5927
8354 5927
8355 5927
8356 5927
8357 5927
8358 5927
8359 5927
8360 5927
8361 5927
8362 5927
8363 5927
8364 5927
8365 5927
8366 5927
8367 5927
8368 5927
8369 5927
8370 5927
8371 5927
8372 5927
8373 5927
8374 5927
8375 5927
8376 5927
8377 5927
8378 5927
8379 5927
8380 5927
8381 5927
8382 5927
8383 5927
8384 5927
8385 5927
8386 5927
8387 5927
8388 5927
8389 5927
8390 5927
8391 5927
8392 5927
8393 5927
8394 5927
8395 5927
8396 5927
8397 5927
8398 5927
8399 5927
8400 5927
8401 5927
8402 5927
8403 5927
8404 5927
8405 5927
8406 5927
8407 5927
8408 5927
8409 5927
8410 5927
8411 5927
8412 5927
8413 5927
8414 5927
8415 5927
8416 5927
8417 5927
8418 5927
8419 5927
8420 5927
8421 5927
8422 5927
8423 5927
8424 5927
8425 5927
8426 5927
8427 5927
8428 5927
8429 5927
8430 5927
8431 5927
8432 5927
8433 5927
8434 5927
8435 5927
8436 5927
8437 5927
8438 5927
8439 5927
8440 5927
8441 5927
8442 5927
8443 5927
8444 5927
8445 5927
8446 5927
8447 5927
8448 5927
8449 5927
8450 5927
8451 5927
8452 5927
8453 5927
8454 5927
8455 5927
8456 5927
8457 5927
8458 5927
8459 5927
8460 5927
8461 5927
8462 5927
8463 5927
8464 5927
8465 5927
8466 5927
8467 5927
8468 5927
8469 5927
8470 5927
8471 5927
8472 5927
8473 5927
8474 5927
8475 5927
8476 5927
8477 5927
8478 5927
8479 5927
8480 5927
8481 5927
8482 5927
8483 5927
8484 5927
8485 5927
8486 5927
8487 5927
8488 5927
8489 5927
8490 5927
8491 5927
8492 5927
8493 5927
8494 5927
8495 5927
8496 5927
8497 5927
8498 5927
8499 5927
8500 5927
8501 5927
8502 5927
8503 5927
8504 5927
8505 5927
8506 5927
8507 5927
8508 5927
8509 5927
8510 5927
8511 5927
8512 5927
8513 5927
8514 5927
8515 5927
8516 5927
8517 5927
8518 5927
8519 5927
8520 5927
8521 5927
8522 5927
8523 5927
8524 5927
8525 5927
8526 5927
8527 5927
8528 5927
8529 5927
8530 5927
8531 5927
8532 5927
8533 5927
8534 5927
8535 5927
8536 5927
8537 5927
8538 5927
8539 5927
8540 5927
8541 5927
8542 5927
8543 5927
8544 5927
8545 5927
8546 5927
8547 5927
8548 5927
8549 5927
8550 5927
8551 5927
8552 5927
8553 5927
8554 5927
8555 5927
8556 5927
8557 5927
8558 5927
8559 5927
8560 5927
8561 5927
8562 5927
8563 5927
8564 5927
8565 5927
8566 5927
8567 5927
8568 5927
8569 5927
8570 5927
8571 5927
8572 5927
8573 5927
8574 5927
8575 5927
8576 5927
8577 5927
8578 5927
8579 5927
8580 5927
8581 5927
8582 5927
8583 5927
8584 5927
8585 5927
8586 5927
8587 5927
8588 5927
8589 5927
8590 5927
8591 5927
8592 5927
8593 5927
8594 5927
8595 5927
8596 5927
8597 5927
8598 5927
8599 5927
8600 5927
8601 5927
8602 5927
8603 5927
8604 5927
8605 5927
8606 5927
8607 5927
8608 5927
8609 5927
8610 5927
8611 5927
8612 5927
8613 5927
8614 5927
8615 5927
8616 5927
8617 5927
8618 5927
8619 5927
8620 5927
8621 5927
8622 5927
8623 5927
8624 5927
8625 5927
8626 5927
8627 5927
8628 5927
8629 5927
8630 5927
8631 5927
8632 5927
8633 5927
8634 5927
8635 5927
8636 5927
8637 5927
8638 5927
8639 5927
8640 5927
8641 5927
8642 5927
8643 5927
8644 5927
8645 5927
8646 5927
8647 5927
8648 5927
8649 5927
8650 5927
8651 5927
8652 5927
8653 5927
8654 5927
8655 5927
8656 5927
8657 5927
8658 5927
8659 5927
8660 5927
8661 5927
8662 5927
8663 5927
8664 5927
8665 5927
8666 5927
8667 5927
8668 5927
8669 5927
8670 5927
8671 5927
8672 5927
8673 5927
8674 5927
8675 5927
8676 5927
8677 5927
8678 5927
8679 5927
8680 5927
8681 5927
8682 5927
8683 5927
8684 5927
8685 5927
8686 5927
8687 5927
8688 5927
8689 5927
8690 5927
8691 5927
8692 5927
8693 5927
8694 5927
8695 5927
8696 5927
8697 5927
8698 5927
8699 5927
8700 5927
8701 5927
8702 5927
8703 5927
8704 5927
8705 5927
8706 5927
8707 5927
8708 5927
8709 5927
8710 5927
8711 5927
8712 5927
8713 5927
8714 5927
8715 5927
8716 5927
8717 5927
8718 5927
8719 5927
8720 5927
8721 5927
8722 5927
8723 5927
8724 5927
8725 5927
8726 5927
8727 5927
8728 5927
8729 5927
8730 5927
8731 5927
8732 5927
8733 5927
8734 5927
8735 5927
8736 5927
8737 5927
8738 5927
8739 5927
8740 5927
8741 5927
8742 5927
8743 5927
8744 5927
8745 5927
8746 5927
8747 5927
8748 5927
8749 5927
8750 5927
8751 5927
8752 5927
8753 5927
8754 5927
8755 5927
8756 5927
8757 5927
8758 5927
8759 5927
8760 5927
8761 5927
8762 5927
8763 5927
8764 5927
8765 5927
8766 5927
8767 5927
8768 5927
8769 5927
8770 5927
8771 5927
8772 5927
8773 5927
8774 5927
8775 5927
8776 5927
8777 5927
8778 5927
8779 5927
8780 5927
8781 5927
8782 5927
8783 5927
8784 5927
8785 5927
8786 5927
8787 5927
8788 5927
8789 5927
8790 5927
8791 5927
8792 5927
8793 5927
8794 5927
8795 5927
8796 5927
8797 5927
8798 5927
8799 5927
8800 5927
8801 5927
8802 5927
8803 5927
8804 5927
8805 5927
8806 5927
8807 5927
8808 5927
8809 5927
8810 5927
8811 5927
8812 5927
8813 5927
8814 5927
8815 5927
8816 5927
8817 5927
8818 5927
8819 5927
8820 5927
8821 5927
8822 5927
8823 5927
8824 5927
8825 5927
8826 5927
8827 5927
8828 5927
8829 5927
8830 5927
8831 5927
8832 5927
8833 5927
8834 5927
8835 5927
8836 5927
8837 5927
8838 5927
8839 5927
8840 5927
8841 5927
8842 5927
8843 5927
8844 5927
8845 5927
8846 5927
8847 5927
8848 5927
8849 5927
8850 5927
8851 5927
8852 5927
8853 5927
8854 5927
8855 5927
8856 5927
8857 5927
8858 5927
8859 5927
8860 5927
8861 5927
8862 5927
8863 5927
8864 5927
8865 5927
8866 5927
8867 5927
8868 5927
8869 5927
8870 5927
8871 5927
8872 5927
8873 5927
8874 5927
8875 5927
8876 5927
8877 5927
8878 5927
8879 5927
8880 5927
8881 5927
8882 5927
8883 5927
8884 5927
8885 5927
8886 5927
8887 5927
8888 5927
8889 5927
8890 5927
8891 5927
8892 5927
8893 5927
8894 5927
8895 5927
8896 5927
8897 5927
8898 5927
8899 5927
8900 5927
8901 5927
8902 5927
8903 5927
8904 5927
8905 5927
8906 5927
8907 5927
8908 5927
8909 5927
8910 5927
8911 5927
8912 5927
8913 5927
8914 5927
8915 5927
8916 5927
8917 5927
8918 5927
8919 5927
8920 5927
8921 5927
8922 5927
8923 5927
8924 5927
8925 5927
8926 5927
8927 5927
8928 5927
8929 5927
8930 5927
8931 5927
8932 5927
8933 5927
8934 5927
8935 5927
8936 5927
8937 5927
8938 5927
8939 5927
8940 5927
8941 5927
8942 5927
8943 5927
8944 5927
8945 5927
8946 5927
8947 5927
8948 5927
8949 5927
8950 5927
8951 5927
8952 5927
8953 5927
8954 5927
8955 5927
8956 5927
8957 5927
8958 5927
8959 5927
8960 5927
8961 5927
8962 5927
8963 5927
8964 5927
8965 5927
8966 5927
8967 5927
8968 5927
8969 5927
8970 5927
8971 5927
8972 5927
8973 5927
8974 5927
8975 5927
8976 5927
8977 5927
8978 5927
8979 5927
8980 5927
8981 5927
8982 5927
8983 5927
8984 5927
8985 5927
8986 5927
8987 5927
8988 5927
8989 5927
8990 5927
8991 5927
8992 5927
8993 5927
8994 5927
8995 5927
8996 5927
8997 5927
8998 5927
8999 5927
9000 5927
9001 5927
9002 5927
9003 5927
9004 5927
9005 5927
9006 5927
9007 5927
9008 5927
9009 5927
9010 5927
9011 5927
9012 5927
9013 5927
9014 5927
9015 5927
9016 5927
9017 5927
9018 5927
9019 5927
9020 5927
9021 5927
9022 5927
9023 5927
9024 5927
9025 5927
9026 5927
9027 5927
9028 5927
9029 5927
9030 5927
9031 5927
9032 5927
9033 5927
9034 5927
9035 5927
9036 5927
9037 5927
9038 5927
9039 5927
9040 5927
9041 5927
9042 5927
9043 5927
9044 5927
9045 5927
9046 5927
9047 5927
9048 5927
9049 5927
9050 5927
9051 5927
9052 5927
9053 5927
9054 5927
9055 5927
9056 5927
9057 5927
9058 5927
9059 5927
9060 5927
9061 5927
9062 5927
9063 5927
9064 5927
9065 5927
9066 5927
9067 5927
9068 5927
9069 5927
9070 5927
9071 5927
9072 5927
9073 5927
9074 5927
9075 5927
9076 5927
9077 5927
9078 5927
9079 5927
9080 5927
9081 5927
9082 5927
9083 5927
9084 5927
9085 5927
9086 5927
9087 5927
9088 5927
9089 5927
9090 5927
9091 5927
9092 5927
9093 5927
9094 5927
9095 5927
9096 5927
9097 5927
9098 5927
9099 5927
9100 5927
9101 5927
9102 5927
9103 5927
9104 5927
9106 5927
9107 5927
9108 5927
9109 5927
9110 5927
9111 5927
9112 5927
9113 5927
9114 5927
9115 5927
9116 5927
9117 5927
9118 5927
9119 5927
9120 5927
9121 5927
9122 5927
9123 5927
9124 5927
9125 5927
9126 5927
9127 5927
9128 5927
9129 5927
9130 5927
9131 5927
9132 5927
9133 5927
9134 5927
9135 5927
9136 5927
9137 5927
9138 5927
9139 5927
9140 5927
9141 5927
9142 5927
9143 5927
9144 5927
9145 5927
9146 5927
9147 5927
9148 5927
9149 5927
9150 5927
9151 5927
9152 5927
9153 5927
9154 5927
9155 5927
9156 5927
9157 5927
9158 5927
9159 5927
9160 5927
9161 5927
9162 5927
9163 5927
9164 5927
9165 5927
9166 5927
9167 5927
9168 5927
9169 5927
9170 5927
9171 5927
9172 5927
9173 5927
9174 5927
9175 5927
9176 5927
9177 5927
9178 5927
9179 5927
9180 5927
9181 5927
9182 5927
9183 5927
9184 5927
9185 5927
9186 5927
9187 5927
9188 5927
9189 5927
9190 5927
9191 5927
9192 5927
9193 5927
9194 5927
9195 5927
9196 5927
9197 5927
9198 5927
9199 5927
9200 5927
9201 5927
9202 5927
9203 5927
9204 5927
9205 5927
9206 5927
9207 5927
9208 5927
9209 5927
9210 5927
9211 5927
9212 5927
9213 5927
9214 5927
9215 5927
9216 5927
9217 5927
9218 5927
9219 5927
9220 5927
9221 5927
9222 5927
9223 5927
9224 5927
9225 5927
9226 5927
9227 5927
9228 5927
9229 5927
9230 5927
9231 5927
9232 5927
9233 5927
9234 5927
9235 5927
9236 5927
9237 5927
9238 5927
9239 5927
9240 5927
9241 5927
9242 5927
9243 5927
9244 5927
9245 5927
9246 5927
9247 5927
9248 5927
9249 5927
9250 5927
9251 5927
9252 5927
9253 5927
9254 5927
9255 5927
9256 5927
9257 5927
9258 5927
9259 5927
9260 5927
9261 5927
9262 5927
9263 5927
9264 5927
9265 5927
9266 5927
9267 5927
9268 5927
9269 5927
9270 5927
9271 5927
9272 5927
9273 5927
9274 5927
9275 5927
9276 5927
9277 5927
9278 5927
9279 5927
9280 5927
9281 5927
9282 5927
9283 5927
9284 5927
9285 5927
9286 5927
9287 5927
9288 5927
9289 5927
9290 5927
9291 5927
9292 5927
9293 5927
9294 5927
9295 5927
9296 5927
9297 5927
9298 5927
9299 5927
9300 5927
9301 5927
9302 5927
9303 5927
9304 5927
9305 5927
9306 5927
9307 5927
9308 5927
9309 5927
9310 5927
9311 5927
9312 5927
9313 5927
9314 5927
9315 5927
9316 5927
9317 5927
9318 5927
9319 5927
9320 5927
9321 5927
9322 5927
9323 5927
9324 5927
9325 5927
9326 5927
9327 5927
9328 5927
9329 5927
9330 5927
9331 5927
9332 5927
9333 5927
9334 5927
9335 5927
9336 5927
9337 5927
9338 5927
9339 5927
9340 5927
9341 5927
9342 5927
9343 5927
9344 5927
9345 5927
9346 5927
9347 5927
9348 5927
9349 5927
9350 5927
9351 5927
9352 5927
9353 5927
9354 5927
9355 5927
9356 5927
9357 5927
9358 5927
9359 5927
9360 5927
9361 5927
9362 5927
9363 5927
9364 5927
9365 5927
9366 5927
9367 5927
9368 5927
9369 5927
9370 5927
9371 5927
9372 5927
9373 5927
9374 5927
9375 5927
9376 5927
9377 5927
9378 5927
9379 5927
9380 5927
9381 5927
9382 5927
9383 5927
9384 5927
9385 5927
9386 5927
9387 5927
9388 5927
9389 5927
9390 5927
9391 5927
9392 5927
9393 5927
9394 5927
9395 5927
9396 5927
9397 5927
9398 5927
9399 5927
9400 5927
9401 5927
9402 5927
9403 5927
9404 5927
9405 5927
9406 5927
9407 5927
9408 5927
9409 5927
9410 5927
9411 5927
9412 5927
9414 5927
9415 5927
9416 5927
9417 5927
9418 5927
9419 5927
9420 5927
9421 5927
9422 5927
9423 5927
9424 5927
9425 5927
9426 5927
9427 5927
9428 5927
9429 5927
9430 5927
9431 5927
9432 5927
9433 5927
9434 5927
9435 5927
9436 5927
9437 5927
9438 5927
9439 5927
9440 5927
9441 5927
9442 5927
9443 5927
9444 5927
9445 5927
9446 5927
9447 5927
9448 5927
9449 5927
9450 5927
9451 5927
9452 5927
9453 5927
9454 5927
9455 5927
9456 5927
9457 5927
9458 5927
9459 5927
9460 5927
9461 5927
9462 5927
9463 5927
9464 5927
9465 5927
9466 5927
9467 5927
9468 5927
9469 5927
9470 5927
9471 5927
9472 5927
9473 5927
9474 5927
9475 5927
9476 5927
9477 5927
9478 5927
9479 5927
9480 5927
9481 5927
9482 5927
9483 5927
9484 5927
9485 5927
9486 5927
9487 5927
9488 5927
9489 5927
9490 5927
9491 5927
9492 5927
9493 5927
9494 5927
9495 5927
9496 5927
9497 5927
9498 5927
9499 5927
9500 5927
9501 5927
9502 5927
9503 5927
9504 5927
9505 5927
9506 5927
9507 5927
9508 5927
9509 5927
9510 5927
9511 5927
9512 5927
9513 5927
9514 5927
9515 5927
9516 5927
9517 5927
9518 5927
9519 5927
9520 5927
9521 5927
9522 5927
9523 5927
9524 5927
9525 5927
9526 5927
9527 5927
9528 5927
9529 5927
9530 5927
9531 5927
9532 5927
9533 5927
9534 5927
9535 5927
9536 5927
9537 5927
9538 5927
9539 5927
9540 5927
9541 5927
9542 5927
9543 5927
9544 5927
9545 5927
9546 5927
9547 5927
9548 5927
9549 5927
9550 5927
9551 5927
9552 5927
9553 5927
9554 5927
9555 5927
9556 5927
9557 5927
9558 5927
9559 5927
9560 5927
9561 5927
9562 5927
9563 5927
9564 5927
9565 5927
9566 5927
9567 5927
9568 5927
9569 5927
9570 5927
9571 5927
9572 5927
9573 5927
9574 5927
9575 5927
9576 5927
9577 5927
9578 5927
9579 5927
9580 5927
9581 5927
9582 5927
9583 5927
9584 5927
9585 5927
9586 5927
9587 5927
9588 5927
9589 5927
9590 5927
9591 5927
9592 5927
9593 5927
9594 5927
9595 5927
9596 5927
9597 5927
9598 5927
9599 5927
9600 5927
9601 5927
9602 5927
9603 5927
9604 5927
9605 5927
9606 5927
9607 5927
9608 5927
9609 5927
9610 5927
9611 5927
9612 5927
9613 5927
9614 5927
9615 5927
9616 5927
9617 5927
9618 5927
9619 5927
9620 5927
9621 5927
9622 5927
9623 5927
9624 5927
9625 5927
9626 5927
9627 5927
9628 5927
9629 5927
9630 5927
9631 5927
9632 5927
9633 5927
9634 5927
9635 5927
9636 5927
9637 5927
9638 5927
9639 5927
9640 5927
9641 5927
9642 5927
9643 5927
9644 5927
9645 5927
9646 5927
9647 5927
9648 5927
9649 5927
9650 5927
9651 5927
9652 5927
9653 5927
9654 5927
9655 5927
9656 5927
9657 5927
9658 5927
9659 5927
9660 5927
9661 5927
9662 5927
9663 5927
9664 5927
9665 5927
9666 5927
9667 5927
9668 5927
9669 5927
9670 5927
9671 5927
9672 5927
9673 5927
9674 5927
9675 5927
9676 5927
9677 5927
9678 5927
9679 5927
9680 5927
9681 5927
9682 5927
9683 5927
9684 5927
9685 5927
9686 5927
9687 5927
9688 5927
9689 5927
9690 5927
9691 5927
9692 5927
9693 5927
9694 5927
9695 5927
9696 5927
9697 5927
9698 5927
9699 5927
9700 5927
9701 5927
9702 5927
9703 5927
9704 5927
9705 5927
9706 5927
9707 5927
9708 5927
9709 5927
9710 5927
9711 5927
9712 5927
9713 5927
9714 5927
9715 5927
9716 5927
9717 5927
9718 5927
9719 5927
9720 5927
9721 5927
9722 5927
9723 5927
9724 5927
9725 5927
9726 5927
9727 5927
9728 5927
9729 5927
9730 5927
9731 5927
9732 5927
9733 5927
9734 5927
9735 5927
9736 5927
9737 5927
9738 5927
9739 5927
9740 5927
9741 5927
9742 5927
9743 5927
9744 5927
9745 5927
9746 5927
9747 5927
9748 5927
9749 5927
9750 5927
9751 5927
9752 5927
9753 5927
9754 5927
9755 5927
9756 5927
9757 5927
9758 5927
9759 5927
9760 5927
9761 5927
9762 5927
9763 5927
9764 5927
9765 5927
9766 5927
9767 5927
9768 5927
9769 5927
9770 5927
9771 5927
9772 5927
9773 5927
9774 5927
9775 5927
9776 5927
9777 5927
9778 5927
9779 5927
9780 5927
9781 5927
9782 5927
9783 5927
9784 5927
9785 5927
9786 5927
9787 5927
9788 5927
9789 5927
9790 5927
9791 5927
9792 5927
9793 5927
9794 5927
9795 5927
9796 5927
9797 5927
9798 5927
9799 5927
9800 5927
9801 5927
9802 5927
9803 5927
9804 5927
9805 5927
9806 5927
9807 5927
9808 5927
9809 5927
9810 5927
9811 5927
9812 5927
9813 5927
9814 5927
9815 5927
9816 5927
9817 5927
9818 5927
9819 5927
9820 5927
9821 5927
9822 5927
9823 5927
9824 5927
9825 5927
9826 5927
9827 5927
9828 5927
9829 5927
9830 5927
9831 5927
9832 5927
9833 5927
9834 5927
9835 5927
9836 5927
9837 5927
9838 5927
9839 5927
9840 5927
9841 5927
9842 5927
9843 5927
9844 5927
9845 5927
9846 5927
9847 5927
9848 5927
9849 5927
9850 5927
9851 5927
9852 5927
9853 5927
9854 5927
9855 5927
9856 5927
9857 5927
9858 5927
9859 5927
9860 5927
9861 5927
9862 5927
9863 5927
9864 5927
9865 5927
9866 5927
9867 5927
9868 5927
9869 5927
9870 5927
9871 5927
9872 5927
9873 5927
9874 5927
9875 5927
9876 5927
9877 5927
9878 5927
9879 5927
9880 5927
9881 5927
9882 5927
9883 5927
9884 5927
9885 5927
9886 5927
9887 5927
9888 5927
9889 5927
9890 5927
9891 5927
9892 5927
9893 5927
9894 5927
9895 5927
9896 5927
9897 5927
9898 5927
9899 5927
9900 5927
9901 5927
9902 5927
9903 5927
9904 5927
9905 5927
9906 5927
9907 5927
9908 5927
9909 5927
9910 5927
9911 5927
9912 5927
9913 5927
9914 5927
9915 5927
9916 5927
9917 5927
9918 5927
9919 5927
9920 5927
9921 5927
9922 5927
9923 5927
9924 5927
9925 5927
9926 5927
9927 5927
9928 5927
9929 5927
9930 5927
9931 5927
9932 5927
9933 5927
9934 5927
9935 5927
9936 5927
9937 5927
9938 5927
9939 5927
9940 5927
9941 5927
9942 5927
9943 5927
9944 5927
9945 5927
9946 5927
9947 5927
9948 5927
9949 5927
9950 5927
9951 5927
9952 5927
9953 5927
9954 5927
9955 5927
9956 5927
9957 5927
9958 5927
9959 5927
9960 5927
9961 5927
9962 5927
9963 5927
9964 5927
9965 5927
9966 5927
9967 5927
9968 5927
9969 5927
9970 5927
9971 5927
9972 5927
9973 5927
9974 5927
9975 5927
9976 5927
9977 5927
9978 5927
9979 5927
9980 5927
9981 5927
9982 5927
9983 5927
9984 5927
9985 5927
9986 5927
9987 5927
9988 5927
9989 5927
9990 5927
9991 5927
9992 5927
9993 5927
9994 5927
9995 5927
9996 5927
9997 5927
9998 5927
9999 5927
669 7120
2472 7120
4032 7120
5322 7120
6367 7120
1915 6367
5717 6367
4327 5717
3790 1915
7920 5322
9105 5322
662 7920
7952 4032
9413 4032
8021 9413
4391 8021
152 669
2752 669
1482 6207
1707 6207
1745 6207
3498 6207
4894 3498
1687 1745
6254 1687
6598 1707
