0 827
1 827
2 827
3 827
4 827
5 827
6 827
7 827
9 827
10 827
13 827
14 827
15 827
17 827
20 827
21 827
22 827
23 827
25 827
27 827
29 827
30 827
31 827
32 827
34 827
35 827
36 827
37 827
39 827
41 827
43 827
44 827
45 827
46 827
47 827
48 827
49 827
51 827
52 827
53 827
54 827
55 827
56 827
59 827
61 827
62 827
63 827
65 827
66 827
67 827
68 827
69 827
70 827
72 827
73 827
74 827
75 827
76 827
77 827
79 827
81 827
82 827
83 827
84 827
85 827
86 827
87 827
88 827
89 827
91 827
92 827
93 827
96 827
97 827
99 827
100 827
101 827
102 827
103 827
104 827
105 827
106 827
108 827
110 827
111 827
112 827
113 827
114 827
115 827
116 827
117 827
119 827
123 827
124 827
125 827
126 827
127 827
128 827
129 827
130 827
131 827
132 827
133 827
134 827
135 827
136 827
137 827
138 827
139 827
140 827
141 827
142 827
143 827
144 827
145 827
146 827
147 827
148 827
149 827
150 827
151 827
152 827
155 827
156 827
157 827
158 827
159 827
160 827
161 827
162 827
163 827
164 827
166 827
167 827
168 827
169 827
170 827
172 827
173 827
174 827
175 827
176 827
177 827
178 827
180 827
181 827
182 827
183 827
185 827
187 827
188 827
189 827
190 827
193 827
194 827
195 827
198 827
199 827
200 827
201 827
202 827
203 827
204 827
205 827
206 827
207 827
209 827
211 827
212 827
214 827
215 827
216 827
217 827
219 827
221 827
222 827
223 827
224 827
225 827
226 827
227 827
228 827
229 827
230 827
231 827
232 827
234 827
235 827
236 827
237 827
238 827
240 827
241 827
242 827
243 827
244 827
245 827
246 827
247 827
248 827
249 827
250 827
252 827
254 827
255 827
257 827
258 827
259 827
260 827
262 827
263 827
264 827
265 827
269 827
271 827
272 827
275 827
276 827
277 827
280 827
281 827
282 827
283 827
284 827
286 827
287 827
289 827
290 827
291 827
292 827
293 827
294 827
295 827
298 827
299 827
300 827
301 827
302 827
303 827
304 827
305 827
306 827
308 827
309 827
310 827
311 827
312 827
313 827
314 827
317 827
318 827
320 827
321 827
322 827
323 827
324 827
325 827
327 827
328 827
329 827
330 827
331 827
332 827
334 827
335 827
336 827
337 827
338 827
340 827
341 827
342 827
343 827
344 827
346 827
347 827
348 827
349 827
351 827
352 827
353 827
357 827
358 827
359 827
360 827
361 827
363 827
365 827
366 827
368 827
369 827
371 827
373 827
374 827
376 827
377 827
378 827
379 827
380 827
381 827
382 827
383 827
384 827
385 827
386 827
387 827
388 827
390 827
392 827
393 827
395 827
396 827
397 827
398 827
399 827
400 827
402 827
404 827
405 827
406 827
407 827
410 827
411 827
412 827
414 827
415 827
417 827
419 827
420 827
421 827
422 827
423 827
424 827
425 827
427 827
429 827
430 827
431 827
432 827
433 827
434 827
436 827
437 827
438 827
441 827
442 827
443 827
444 827
446 827
447 827
448 827
449 827
450 827
451 827
452 827
453 827
454 827
455 827
457 827
458 827
459 827
460 827
461 827
462 827
463 827
464 827
465 827
466 827
467 827
468 827
469 827
470 827
471 827
473 827
474 827
475 827
476 827
478 827
479 827
480 827
482 827
483 827
484 827
485 827
486 827
487 827
489 827
490 827
491 827
493 827
494 827
495 827
497 827
498 827
499 827
500 827
501 827
503 827
504 827
505 827
507 827
508 827
509 827
510 827
511 827
512 827
513 827
514 827
515 827
516 827
517 827
518 827
519 827
520 827
521 827
522 827
523 827
524 827
525 827
526 827
527 827
528 827
529 827
530 827
531 827
532 827
533 827
534 827
535 827
536 827
537 827
538 827
540 827
541 827
542 827
544 827
546 827
547 827
548 827
549 827
550 827
551 827
552 827
554 827
555 827
557 827
558 827
559 827
560 827
561 827
562 827
564 827
565 827
566 827
567 827
568 827
569 827
571 827
572 827
574 827
575 827
576 827
577 827
578 827
579 827
580 827
581 827
582 827
583 827
585 827
586 827
587 827
588 827
589 827
592 827
593 827
594 827
595 827
596 827
597 827
598 827
599 827
600 827
601 827
602 827
603 827
604 827
605 827
606 827
607 827
608 827
609 827
612 827
614 827
616 827
618 827
619 827
621 827
622 827
623 827
624 827
626 827
628 827
629 827
630 827
631 827
632 827
633 827
635 827
636 827
637 827
638 827
640 827
641 827
642 827
643 827
644 827
646 827
647 827
649 827
650 827
651 827
653 827
654 827
655 827
656 827
657 827
658 827
659 827
660 827
661 827
664 827
665 827
666 827
667 827
670 827
671 827
675 827
676 827
677 827
678 827
679 827
680 827
681 827
682 827
683 827
684 827
685 827
686 827
687 827
689 827
690 827
691 827
692 827
693 827
694 827
695 827
696 827
697 827
698 827
699 827
700 827
702 827
703 827
704 827
705 827
706 827
708 827
709 827
711 827
712 827
713 827
714 827
716 827
717 827
718 827
719 827
720 827
721 827
722 827
723 827
724 827
725 827
727 827
728 827
729 827
731 827
732 827
733 827
734 827
735 827
737 827
738 827
739 827
740 827
741 827
742 827
743 827
744 827
745 827
746 827
747 827
748 827
749 827
750 827
752 827
753 827
754 827
755 827
756 827
757 827
758 827
760 827
761 827
763 827
764 827
766 827
768 827
770 827
771 827
772 827
774 827
775 827
778 827
780 827
781 827
784 827
785 827
787 827
788 827
789 827
790 827
795 827
796 827
797 827
798 827
802 827
803 827
804 827
806 827
807 827
808 827
809 827
811 827
812 827
813 827
814 827
815 827
816 827
817 827
818 827
819 827
820 827
821 827
822 827
823 827
825 827
826 827
828 827
829 827
831 827
832 827
833 827
834 827
835 827
836 827
837 827
838 827
839 827
842 827
843 827
844 827
845 827
847 827
849 827
850 827
851 827
852 827
853 827
854 827
855 827
857 827
859 827
860 827
862 827
863 827
864 827
865 827
866 827
867 827
868 827
869 827
870 827
872 827
873 827
875 827
876 827
877 827
878 827
879 827
880 827
881 827
883 827
884 827
887 827
888 827
889 827
890 827
892 827
893 827
894 827
895 827
896 827
897 827
898 827
899 827
902 827
903 827
904 827
905 827
906 827
907 827
908 827
909 827
911 827
912 827
913 827
914 827
915 827
918 827
922 827
923 827
924 827
925 827
926 827
927 827
930 827
931 827
932 827
933 827
936 827
937 827
940 827
942 827
943 827
946 827
947 827
948 827
950 827
951 827
952 827
953 827
954 827
955 827
956 827
957 827
958 827
959 827
960 827
962 827
963 827
964 827
967 827
968 827
969 827
970 827
971 827
972 827
974 827
975 827
977 827
978 827
979 827
980 827
981 827
982 827
983 827
984 827
985 827
986 827
987 827
988 827
990 827
992 827
994 827
995 827
996 827
998 827
999 827
268 999
8 829
16 829
28 829
33 829
50 829
60 829
64 829
78 829
80 829
90 829
107 829
118 829
120 829
154 829
165 829
186 829
191 829
192 829
196 829
197 829
210 829
213 829
218 829
220 829
233 829
239 829
251 829
266 829
267 829
274 829
278 829
279 829
296 829
297 829
307 829
315 829
316 829
345 829
355 829
356 829
364 829
367 829
370 829
375 829
401 829
418 829
426 829
439 829
445 829
481 829
502 829
506 829
545 829
553 829
556 829
610 829
613 829
615 829
617 829
648 829
652 829
662 829
672 829
688 829
751 829
769 829
777 829
783 829
791 829
794 829
799 829
801 829
830 829
840 829
841 829
848 829
858 829
886 829
891 829
900 829
901 829
910 829
916 829
917 829
919 829
920 829
921 829
928 829
929 829
935 829
938 829
939 829
941 829
965 829
966 829
973 829
993 829
11 222
12 222
18 222
19 222
24 222
26 222
38 222
40 222
42 222
57 222
58 222
71 222
94 222
95 222
98 222
109 222
121 222
122 222
153 222
171 222
179 222
184 222
208 222
253 222
256 222
261 222
270 222
273 222
285 222
288 222
319 222
326 222
333 222
339 222
350 222
354 222
362 222
372 222
389 222
391 222
394 222
403 222
408 222
409 222
413 222
416 222
428 222
435 222
440 222
456 222
472 222
477 222
488 222
492 222
496 222
539 222
543 222
563 222
570 222
573 222
584 222
590 222
591 222
611 222
620 222
625 222
627 222
634 222
639 222
645 222
663 222
668 222
669 222
673 222
674 222
701 222
707 222
710 222
715 222
726 222
730 222
736 222
759 222
762 222
765 222
767 222
773 222
776 222
779 222
782 222
786 222
792 222
793 222
800 222
805 222
810 222
824 222
846 222
856 222
861 222
871 222
874 222
882 222
885 222
934 222
944 222
945 222
949 222
961 222
976 222
989 222
991 222
997 222
