0 166
1 166
2 166
3 166
4 166
10 166
11 166
14 166
15 166
16 166
19 166
20 166
21 166
22 166
23 166
25 166
26 166
30 166
33 166
35 166
41 166
42 166
44 166
46 166
49 166
51 166
54 166
55 166
57 166
60 166
61 166
63 166
64 166
65 166
66 166
70 166
71 166
73 166
76 166
77 166
78 166
80 166
81 166
89 166
90 166
91 166
95 166
96 166
97 166
101 166
105 166
106 166
107 166
108 166
109 166
111 166
112 166
114 166
118 166
119 166
124 166
126 166
127 166
129 166
130 166
131 166
132 166
135 166
139 166
142 166
144 166
145 166
147 166
150 166
151 166
156 166
158 166
160 166
161 166
162 166
164 166
168 166
169 166
171 166
174 166
175 166
176 166
178 166
179 166
180 166
181 166
182 166
185 166
187 166
188 166
191 166
194 166
195 166
196 166
200 166
202 166
203 166
207 166
209 166
210 166
211 166
213 166
214 166
217 166
218 166
219 166
221 166
224 166
225 166
227 166
232 166
233 166
236 166
238 166
239 166
240 166
241 166
242 166
244 166
245 166
246 166
247 166
250 166
251 166
254 166
255 166
257 166
259 166
260 166
263 166
266 166
267 166
269 166
273 166
275 166
276 166
278 166
285 166
286 166
287 166
288 166
292 166
295 166
296 166
299 166
302 166
307 166
308 166
311 166
314 166
317 166
319 166
323 166
324 166
325 166
326 166
327 166
330 166
331 166
332 166
333 166
335 166
337 166
340 166
342 166
343 166
344 166
346 166
347 166
348 166
349 166
353 166
354 166
355 166
356 166
357 166
358 166
360 166
363 166
364 166
365 166
366 166
367 166
368 166
373 166
375 166
377 166
379 166
380 166
383 166
385 166
387 166
389 166
391 166
393 166
399 166
401 166
402 166
403 166
404 166
405 166
408 166
410 166
411 166
412 166
414 166
416 166
417 166
418 166
420 166
422 166
423 166
424 166
426 166
427 166
428 166
430 166
432 166
433 166
438 166
439 166
6 439
27 439
28 439
29 439
34 439
67 439
69 439
84 439
122 439
136 439
146 439
165 439
167 439
173 439
190 439
193 439
204 439
208 439
228 439
253 439
258 439
274 439
293 439
315 439
339 439
381 439
406 439
448 439
43 448
52 448
79 448
92 448
100 448
104 448
123 448
138 448
184 448
198 448
205 448
282 448
313 448
371 448
398 448
431 448
62 431
98 431
294 431
306 431
382 431
153 382
338 382
281 294
444 294
117 444
36 62
53 62
291 62
155 36
435 36
265 435
374 371
56 282
125 282
419 282
270 419
447 419
230 447
183 125
352 125
141 56
345 123
372 345
284 372
192 92
17 293
68 258
425 258
159 425
9 253
262 253
359 253
384 253
388 253
413 253
222 413
248 222
298 222
39 384
186 384
329 384
415 186
235 415
93 39
392 9
220 228
279 136
303 67
24 433
38 433
50 433
59 433
82 433
115 433
157 433
170 433
201 433
223 433
231 433
234 433
252 433
256 433
310 433
361 433
386 433
390 433
440 433
441 433
12 441
31 441
149 441
312 441
320 441
362 441
369 441
376 441
434 441
443 441
172 443
215 443
237 443
304 443
321 443
395 443
103 395
148 395
45 321
309 321
449 321
47 449
289 449
18 309
152 237
328 152
407 149
421 407
58 390
189 390
226 310
72 201
277 59
48 277
154 48
8 428
37 428
40 428
86 428
87 428
128 428
133 428
177 428
206 428
229 428
268 428
283 428
301 428
351 428
378 428
400 428
7 400
94 400
120 400
212 400
85 212
137 212
102 137
121 137
249 137
290 120
110 94
350 94
140 350
163 350
446 350
271 446
280 446
75 7
32 351
305 351
318 351
5 305
243 305
88 301
134 301
341 301
396 301
437 301
394 396
322 394
272 322
316 341
370 316
116 370
13 88
336 206
334 427
199 411
442 387
261 340
297 332
397 218
83 217
197 194
264 194
445 194
143 191
429 191
74 429
99 143
113 143
300 143
436 300
409 132
216 107
