117 385
289 385
440 385
114 440
333 114
111 333
19 111
167 111
21 167
189 167
381 167
174 381
237 381
392 381
67 392
158 67
172 67
243 67
33 243
160 243
254 160
300 160
18 300
121 300
9 121
175 121
265 121
274 121
320 274
109 320
151 320
208 320
362 320
16 362
138 362
227 362
345 362
29 345
154 345
162 154
225 154
231 154
183 231
261 231
287 231
15 287
202 287
56 202
148 202
295 202
26 295
99 295
229 295
288 295
212 288
277 212
294 212
386 212
415 212
32 415
50 415
124 50
210 50
230 50
304 50
110 304
253 304
349 304
409 304
38 409
321 409
358 409
448 409
207 448
53 207
273 207
319 207
413 207
279 413
408 413
101 408
106 408
376 408
20 376
201 376
315 376
144 315
92 144
125 144
348 144
177 348
344 348
76 344
132 344
252 344
27 252
327 252
46 327
122 327
191 327
193 191
17 193
126 193
266 193
78 266
380 266
133 78
397 78
147 397
186 397
307 397
395 307
37 395
416 395
449 395
343 449
364 449
3 364
6 364
219 364
2 219
98 219
340 219
368 219
95 368
438 368
205 438
247 438
331 438
140 331
240 331
157 240
251 240
373 240
437 240
236 437
425 437
432 437
257 432
263 432
356 432
119 263
145 263
161 263
141 161
194 161
235 161
223 235
439 235
178 439
250 439
199 250
406 250
171 406
192 406
338 406
418 406
127 338
341 338
97 341
238 341
405 341
64 405
112 405
359 405
79 359
375 359
445 359
260 445
302 445
35 302
182 302
12 182
88 182
195 182
424 182
11 424
71 424
135 424
164 424
176 164
4 71
59 71
163 71
70 163
301 163
137 301
156 301
269 301
179 269
316 269
328 269
379 269
232 379
370 379
317 370
28 317
204 28
332 28
105 332
216 105
330 105
447 105
278 447
75 278
113 278
422 278
281 422
430 422
118 430
352 430
54 352
429 352
217 429
258 429
377 429
401 429
268 401
420 401
96 420
146 96
222 96
310 96
336 96
211 336
427 336
246 427
329 427
431 427
384 431
244 384
314 384
197 314
442 314
399 442
91 399
134 399
228 134
242 134
285 134
446 134
153 446
65 153
123 153
394 123
221 394
312 394
324 394
400 394
34 400
256 400
367 256
390 256
107 390
139 390
83 139
159 139
48 159
89 48
93 48
104 48
407 48
365 407
68 365
309 365
389 365
393 389
417 389
44 417
100 417
218 417
441 417
31 441
391 441
203 391
286 391
63 286
355 63
369 63
371 63
443 63
115 443
131 443
350 443
165 350
444 350
43 444
297 444
233 297
296 297
366 297
414 297
410 414
185 410
361 410
411 410
435 410
13 435
60 435
84 435
357 435
372 435
155 372
224 372
412 372
73 412
299 412
306 412
351 412
49 351
116 49
200 49
239 49
42 239
245 239
128 245
303 128
51 42
168 42
81 168
14 116
403 224
142 366
149 165
209 165
215 209
378 131
66 378
80 203
130 203
181 31
325 181
24 100
180 309
326 309
169 180
213 107
283 107
339 107
323 339
39 323
69 34
347 312
86 347
102 221
8 65
342 285
170 342
184 342
57 184
436 197
25 244
55 244
241 244
282 329
426 329
264 211
262 264
360 268
292 377
305 292
396 75
220 396
30 330
143 216
298 216
382 216
335 204
259 335
363 232
423 232
94 363
87 179
291 70
255 291
428 11
58 79
62 79
40 62
150 238
270 238
206 127
272 192
434 171
152 223
85 145
290 85
82 290
308 257
173 425
74 251
22 74
249 157
36 247
45 95
188 95
388 340
276 6
77 343
23 77
271 77
421 416
187 186
433 186
419 433
404 147
275 17
214 122
267 122
41 76
52 177
108 177
166 125
226 201
293 201
322 201
248 226
90 248
318 38
402 294
311 229
136 99
313 99
5 148
10 148
198 225
354 225
383 138
120 16
284 16
196 284
346 208
47 175
103 18
0 254
387 33
234 237
353 237
129 234
72 174
61 189
280 289
334 289
398 289
190 398
1 190
7 190
337 117
374 117
