472
145 97 583017
215 37 640475
231 4 641488
88 34 659473
233 167 661811
225 1 663238
193 75 663308
74 18 663361
125 123 663364
220 164 663364
228 44 663364
60 22 663364
193 115 663365
193 101 663365
193 97 663365
193 122 663365
193 121 663365
193 102 663365
193 120 663365
193 119 663365
193 118 663365
193 117 663365
193 116 663365
193 105 663365
193 114 663365
193 113 663365
193 112 663365
193 103 663365
193 111 663365
193 110 663365
193 109 663365
193 104 663365
193 108 663365
193 107 663365
193 106 663365
193 136 663365
193 148 663365
193 147 663365
193 146 663365
193 144 663365
193 143 663365
193 142 663365
193 141 663365
193 140 663365
193 139 663365
193 138 663365
193 137 663365
193 123 663365
193 135 663365
193 134 663365
193 133 663365
193 132 663365
193 131 663365
193 130 663365
193 129 663365
193 128 663365
193 127 663365
193 126 663365
193 124 663365
193 57 663365
193 70 663365
193 69 663365
193 68 663365
193 67 663365
193 66 663365
193 65 663365
193 64 663365
193 63 663365
193 62 663365
193 61 663365
193 60 663365
193 59 663365
193 58 663365
193 71 663365
193 56 663365
193 55 663365
193 54 663365
193 53 663365
193 52 663365
193 51 663365
193 50 663365
193 49 663365
193 48 663365
193 47 663365
193 46 663365
193 45 663365
193 44 663365
193 86 663365
193 99 663365
193 98 663365
193 152 663365
193 96 663365
193 95 663365
193 94 663365
193 93 663365
193 92 663365
193 91 663365
193 90 663365
193 89 663365
193 88 663365
193 87 663365
193 100 663365
193 85 663365
193 84 663365
193 83 663365
193 82 663365
193 81 663365
193 80 663365
193 79 663365
193 78 663365
193 77 663365
193 76 663365
193 74 663365
193 73 663365
193 72 663365
194 24 663365
194 37 663365
194 36 663365
194 35 663365
194 34 663365
194 33 663365
194 32 663365
194 31 663365
194 30 663365
194 29 663365
194 28 663365
194 27 663365
194 26 663365
194 25 663365
194 38 663365
194 23 663365
194 21 663365
194 20 663365
194 19 663365
194 17 663365
194 16 663365
194 15 663365
194 14 663365
194 13 663365
194 12 663365
194 11 663365
194 10 663365
194 43 663365
194 42 663365
194 41 663365
194 40 663365
194 39 663365
193 162 663365
193 175 663365
193 174 663365
193 173 663365
193 172 663365
193 171 663365
193 170 663365
193 169 663365
193 168 663365
193 167 663365
193 166 663365
193 165 663365
193 164 663365
193 163 663365
193 176 663365
193 161 663365
193 160 663365
193 159 663365
193 158 663365
193 157 663365
193 156 663365
193 155 663365
193 154 663365
193 153 663365
193 151 663365
193 150 663365
193 189 663365
194 9 663365
194 8 663365
194 7 663365
194 6 663365
194 5 663365
194 4 663365
194 3 663365
194 2 663365
194 1 663365
194 0 663365
193 192 663365
193 191 663365
193 190 663365
193 149 663365
193 188 663365
193 187 663365
193 186 663365
193 185 663365
193 184 663365
193 183 663365
193 182 663365
193 181 663365
193 180 663365
193 179 663365
193 178 663365
193 177 663365
195 157 663365
196 2 663365
202 84 663365
203 4 663365
202 201 663365
202 200 663365
202 199 663365
202 198 663365
202 197 663365
204 116 663365
205 21 663365
226 204 663365
226 217 663365
226 216 663365
226 214 663365
226 213 663365
226 212 663365
226 211 663365
226 210 663365
226 209 663365
226 208 663365
226 207 663365
226 206 663365
226 218 663365
227 5 663365
226 224 663365
226 223 663365
226 222 663365
226 221 663365
226 219 663365
229 1 663365
234 118 663365
235 6 663365
234 232 663365
234 230 663365
236 86 663365
194 62 985701
143 132 866150
225 5 801610
46 13 755035
234 76 693484
203 187 667268
161 23 665455
191 139 665221
216 178 664736
204 6 664307
201 9 663703
51 31 663695
150 101 663600
65 24 663413
215 0 663405
220 103 663386
209 41 663373
127 15 663370
197 106 663370
4 3 663365
7 0 663365
8 3 663365
3 0 663365
3 1 663365
3 2 663365
6 5 663365
6 4 663365
9 7 663365
12 10 663365
15 4 663365
10 0 663365
11 8 663365
14 4 663365
14 13 663365
16 7 663365
17 0 663365
20 2 663365
18 1 663365
30 2 663365
19 10 663365
21 0 663365
23 17 663365
22 0 663365
29 1 663365
28 18 663365
26 3 663365
24 7 663365
25 14 663365
27 17 663365
38 34 663365
32 24 663365
31 18 663365
33 18 663365
40 13 663365
34 4 663365
35 34 663365
36 0 663365
59 37 663365
37 8 663365
39 0 663365
41 28 663365
42 6 663365
43 23 663365
44 37 663365
45 3 663365
57 13 663365
47 9 663365
48 5 663365
49 26 663365
50 45 663365
52 36 663365
55 14 663365
53 42 663365
54 40 663365
56 0 663365
58 54 663365
60 5 663365
61 2 663365
62 50 663365
66 41 663365
63 6 663365
64 35 663365
80 37 663365
67 2 663365
68 17 663365
71 56 663365
69 32 663365
118 90 663365
70 7 663365
72 40 663365
73 13 663365
74 4 663365
77 53 663365
75 40 663365
78 57 663365
76 11 663365
108 45 663365
79 6 663365
83 13 663365
81 12 663365
82 41 663365
84 5 663365
86 32 663365
85 36 663365
92 49 663365
89 19 663365
87 15 663365
88 66 663365
91 30 663365
90 39 663365
113 91 663365
102 95 663365
93 53 663365
94 0 663365
96 1 663365
95 84 663365
101 58 663365
98 56 663365
97 44 663365
99 11 663365
100 49 663365
103 20 663365
104 67 663365
107 12 663365
109 83 663365
105 0 663365
106 9 663365
153 35 663365
110 15 663365
111 0 663365
112 93 663365
117 70 663365
115 1 663365
114 6 663365
116 63 663365
119 55 663365
121 89 663365
120 45 663365
122 49 663365
123 10 663365
125 36 663365
132 96 663365
124 11 663365
130 57 663365
126 9 663365
128 96 663365
129 49 663365
160 92 663365
131 0 663365
133 47 663365
135 53 663365
134 23 663365
136 13 663365
137 40 663365
167 124 663365
138 81 663365
139 13 663365
141 101 663365
140 9 663365
142 41 663365
144 112 663365
145 23 663365
146 14 663365
147 115 663365
148 49 663365
155 3 663365
149 10 663365
156 148 663365
151 13 663365
152 14 663365
154 20 663365
216 76 663365
157 10 663365
159 33 663365
158 27 663365
165 155 663365
162 44 663365
163 17 663365
164 101 663365
166 45 663365
168 40 663365
169 145 663365
170 57 663365
176 33 663365
172 72 663365
171 13 663365
177 157 663365
173 8 663365
174 164 663365
175 71 663365
199 96 663365
179 158 663365
180 60 663365
185 160 663365
182 54 663365
181 6 663365
187 89 663365
183 36 663365
184 126 663365
186 30 663365
205 66 663365
188 11 663365
189 70 663365
195 8 663365
190 45 663365
192 17 663365
196 114 663365
193 177 663365
228 44 663365
233 167 663365
231 4 663365
198 76 663365
200 116 663365
202 153 663365
207 7 663365
206 49 663365
212 53 663365
208 58 663365
213 141 663365
210 9 663365
211 46 663365
219 9 663365
214 37 663365
217 7 663365
218 49 663365
221 8 663365
231 227 663365
222 20 663365
223 71 663365
224 12 663365
229 111 663365
226 0 663365
230 7 663365
235 171 663365
232 214 663365
236 155 663365
