946
236 10 573496
242 122 611908
56 18 640734
419 31 658226
439 141 667797
93 5 667904
310 240 668352
323 116 668360
77 2 668361
109 27 668363
471 49 668363
387 39 668364
387 50 668364
387 49 668364
387 48 668364
387 47 668364
387 46 668364
387 45 668364
387 44 668364
387 43 668364
387 42 668364
387 77 668364
387 41 668364
387 40 668364
387 76 668364
387 38 668364
387 78 668364
387 84 668364
387 79 668364
387 37 668364
387 36 668364
387 35 668364
387 34 668364
387 33 668364
387 32 668364
387 31 668364
387 30 668364
387 60 668364
387 70 668364
387 69 668364
387 72 668364
387 68 668364
387 67 668364
387 66 668364
387 65 668364
387 64 668364
387 63 668364
387 62 668364
387 73 668364
387 61 668364
387 71 668364
387 74 668364
387 59 668364
387 58 668364
387 57 668364
387 56 668364
387 55 668364
387 75 668364
387 54 668364
387 53 668364
387 52 668364
387 51 668364
386 374 668364
387 1 668364
387 0 668364
386 385 668364
386 384 668364
386 383 668364
386 382 668364
386 381 668364
386 380 668364
386 379 668364
386 378 668364
386 377 668364
386 376 668364
386 375 668364
386 373 668364
386 372 668364
386 371 668364
386 370 668364
386 369 668364
386 368 668364
386 367 668364
386 366 668364
386 365 668364
386 364 668364
386 363 668364
386 362 668364
387 15 668364
387 28 668364
387 27 668364
387 26 668364
387 25 668364
387 24 668364
387 23 668364
387 22 668364
387 21 668364
387 20 668364
387 19 668364
387 17 668364
387 16 668364
387 29 668364
387 14 668364
387 13 668364
387 12 668364
387 11 668364
387 10 668364
387 9 668364
387 8 668364
387 7 668364
387 6 668364
387 5 668364
387 4 668364
387 3 668364
387 148 668364
387 161 668364
387 160 668364
387 159 668364
387 158 668364
387 157 668364
387 156 668364
387 155 668364
387 154 668364
387 153 668364
387 152 668364
387 151 668364
387 150 668364
387 149 668364
387 162 668364
387 147 668364
387 146 668364
387 145 668364
387 144 668364
387 143 668364
387 142 668364
387 141 668364
387 140 668364
387 139 668364
387 138 668364
387 137 668364
387 136 668364
387 135 668364
387 175 668364
387 188 668364
387 187 668364
387 186 668364
387 185 668364
387 184 668364
387 183 668364
387 182 668364
387 181 668364
387 180 668364
387 179 668364
387 178 668364
387 177 668364
387 176 668364
387 134 668364
387 174 668364
387 173 668364
387 172 668364
387 171 668364
387 170 668364
387 169 668364
387 168 668364
387 167 668364
387 166 668364
387 165 668364
387 164 668364
387 163 668364
387 106 668364
387 105 668364
387 104 668364
387 103 668364
387 102 668364
387 101 668364
387 100 668364
387 99 668364
387 98 668364
387 97 668364
387 96 668364
387 95 668364
387 94 668364
387 107 668364
387 92 668364
387 91 668364
387 90 668364
387 89 668364
387 88 668364
387 87 668364
387 86 668364
387 85 668364
386 359 668364
387 83 668364
387 82 668364
387 81 668364
387 120 668364
387 133 668364
387 132 668364
387 131 668364
387 130 668364
387 129 668364
387 128 668364
387 127 668364
387 126 668364
387 125 668364
387 124 668364
387 123 668364
387 122 668364
387 121 668364
387 80 668364
387 119 668364
387 118 668364
387 117 668364
387 116 668364
387 115 668364
387 114 668364
387 113 668364
387 112 668364
387 111 668364
387 110 668364
387 108 668364
386 211 668364
386 224 668364
386 223 668364
386 222 668364
386 221 668364
386 220 668364
386 219 668364
386 218 668364
386 217 668364
386 216 668364
386 215 668364
386 214 668364
386 213 668364
386 212 668364
386 225 668364
386 210 668364
386 209 668364
386 208 668364
386 207 668364
386 206 668364
386 205 668364
386 204 668364
386 203 668364
386 202 668364
386 201 668364
386 200 668364
386 199 668364
386 198 668364
386 238 668364
386 251 668364
386 250 668364
386 249 668364
386 248 668364
386 247 668364
386 246 668364
386 245 668364
386 244 668364
386 243 668364
386 242 668364
386 241 668364
386 240 668364
386 239 668364
386 197 668364
386 237 668364
386 235 668364
386 234 668364
386 233 668364
386 232 668364
386 231 668364
386 230 668364
386 229 668364
386 228 668364
386 227 668364
386 226 668364
386 196 668364
386 195 668364
386 194 668364
386 193 668364
386 192 668364
386 191 668364
386 190 668364
386 189 668364
386 252 668364
386 320 668364
386 333 668364
386 332 668364
386 331 668364
386 330 668364
386 329 668364
386 328 668364
386 327 668364
386 326 668364
386 325 668364
386 324 668364
386 322 668364
386 321 668364
386 334 668364
386 319 668364
386 318 668364
386 317 668364
386 316 668364
386 315 668364
386 314 668364
386 313 668364
386 312 668364
386 311 668364
386 309 668364
386 308 668364
386 307 668364
386 347 668364
386 360 668364
386 358 668364
386 357 668364
386 356 668364
386 355 668364
386 354 668364
386 353 668364
386 352 668364
386 351 668364
386 350 668364
386 349 668364
386 348 668364
386 306 668364
386 346 668364
386 345 668364
386 344 668364
386 343 668364
386 342 668364
386 341 668364
386 340 668364
386 339 668364
386 338 668364
386 337 668364
386 336 668364
386 335 668364
386 265 668364
386 278 668364
386 277 668364
386 276 668364
386 275 668364
386 274 668364
386 273 668364
386 272 668364
386 271 668364
386 270 668364
386 269 668364
386 268 668364
386 267 668364
386 266 668364
386 279 668364
386 264 668364
386 263 668364
386 262 668364
386 261 668364
386 260 668364
386 259 668364
386 258 668364
386 257 668364
386 256 668364
386 255 668364
386 254 668364
386 253 668364
386 292 668364
386 305 668364
386 304 668364
386 303 668364
386 302 668364
386 301 668364
386 300 668364
386 299 668364
386 298 668364
386 297 668364
386 296 668364
386 295 668364
386 294 668364
386 293 668364
386 361 668364
386 291 668364
386 290 668364
386 289 668364
386 288 668364
386 287 668364
386 286 668364
386 285 668364
386 284 668364
386 283 668364
386 282 668364
386 281 668364
386 280 668364
388 90 668364
391 237 668364
390 353 668364
390 389 668364
392 284 668364
393 1 668364
404 330 668364
405 35 668364
404 397 668364
404 396 668364
404 395 668364
404 394 668364
404 398 668364
404 403 668364
404 402 668364
404 401 668364
404 400 668364
404 399 668364
406 0 668364
409 51 668364
408 404 668364
408 407 668364
410 80 668364
453 377 668364
453 417 668364
453 416 668364
453 415 668364
453 414 668364
453 413 668364
453 412 668364
453 411 668364
453 418 668364
454 33 668364
453 431 668364
453 444 668364
453 443 668364
453 442 668364
453 441 668364
453 440 668364
453 438 668364
453 437 668364
453 436 668364
453 435 668364
453 434 668364
453 433 668364
453 432 668364
453 445 668364
453 430 668364
453 429 668364
453 428 668364
453 427 668364
453 426 668364
453 425 668364
453 424 668364
453 423 668364
453 422 668364
453 421 668364
453 420 668364
453 452 668364
453 451 668364
453 450 668364
453 449 668364
453 448 668364
453 447 668364
453 446 668364
455 17 668364
457 310 668364
458 2 668364
457 456 668364
469 15 668364
468 428 668364
468 467 668364
468 466 668364
468 465 668364
468 464 668364
468 463 668364
468 462 668364
468 461 668364
468 460 668364
468 459 668364
470 11 668364
472 357 668364
473 7 668364
289 271 680179
446 433 677937
266 45 668380
292 94 668379
379 1 668379
297 168 668369
322 257 668368
347 114 668365
4 3 668364
6 1 668364
4 2 668364
5 0 668364
5 1 668364
4 1 668364
8 0 668364
7 0 668364
13 6 668364
10 1 668364
9 0 668364
15 5 668364
12 5 668364
11 3 668364
27 6 668364
14 8 668364
16 9 668364
17 1 668364
20 3 668364
18 3 668364
30 3 668364
19 13 668364
21 2 668364
22 4 668364
25 3 668364
23 10 668364
26 4 668364
24 14 668364
29 6 668364
28 0 668364
31 1 668364
32 26 668364
33 20 668364
40 15 668364
34 6 668364
36 1 668364
59 42 668364
35 0 668364
37 10 668364
39 0 668364
38 1 668364
54 22 668364
41 30 668364
42 8 668364
43 1 668364
44 40 668364
45 11 668364
46 34 668364
51 39 668364
47 3 668364
50 8 668364
48 10 668364
49 29 668364
52 3 668364
53 46 668364
55 22 668364
58 19 668364
56 8 668364
57 48 668364
60 2 668364
61 7 668364
65 30 668364
62 55 668364
66 46 668364
63 12 668364
64 40 668364
80 45 668364
67 7 668364
68 22 668364
71 62 668364
69 37 668364
118 107 668364
70 13 668364
72 46 668364
73 19 668364
74 11 668364
77 60 668364
75 46 668364
78 64 668364
76 16 668364
108 56 668364
79 5 668364
83 21 668364
81 20 668364
82 49 668364
84 12 668364
85 19 668364
88 34 668364
86 43 668364
89 27 668364
87 11 668364
100 8 668364
90 22 668364
93 23 668364
91 41 668364
103 5 668364
92 4 668364
94 1 668364
95 1 668364
97 83 668364
96 15 668364
98 67 668364
216 128 668364
99 53 668364
102 26 668364
101 5 668364
104 12 668364
106 50 668364
107 25 668364
105 7 668364
116 40 668364
110 58 668364
109 2 668364
111 3 668364
112 2 668364
114 50 668364
113 0 668364
115 17 668364
117 0 668364
119 8 668364
121 107 668364
120 7 668364
122 67 668364
130 76 668364
123 28 668364
125 54 668364
124 14 668364
132 115 668364
126 3 668364
128 114 668364
127 13 668364
129 67 668364
160 119 668364
131 1 668364
133 2 668364
135 73 668364
134 43 668364
136 19 668364
143 59 668364
138 102 668364
137 10 668364
237 62 668364
139 19 668364
140 16 668364
141 123 668364
142 63 668364
144 135 668364
145 46 668364
146 11 668364
147 138 668364
148 72 668364
155 29 668364
149 8 668364
150 132 668364
157 18 668364
151 37 668364
152 22 668364
153 117 668364
154 45 668364
156 93 668364
159 60 668364
158 54 668364
166 20 668364
162 17 668364
161 14 668364
163 20 668364
164 130 668364
165 47 668364
167 73 668364
168 4 668364
170 7 668364
169 12 668364
176 67 668364
171 2 668364
172 104 668364
178 14 668364
173 4 668364
175 23 668364
174 33 668364
199 144 668364
177 110 668364
180 14 668364
179 29 668364
186 13 668364
181 24 668364
182 90 668364
205 111 668364
183 6 668364
184 163 668364
185 60 668364
187 46 668364
188 24 668364
189 109 668364
190 1 668364
195 55 668364
191 168 668364
196 160 668364
192 32 668364
194 30 668364
193 3 668364
432 312 668364
432 313 668364
197 48 668364
198 124 668364
204 15 668364
200 164 668364
201 19 668364
202 201 668364
203 0 668364
206 16 668364
207 57 668364
212 107 668364
208 15 668364
209 80 668364
213 195 668364
210 36 668364
211 99 668364
232 55 668364
214 10 668364
215 125 668364
220 134 668364
217 131 668364
218 11 668364
219 134 668364
221 133 668364
222 9 668364
223 128 668364
228 98 668364
224 2 668364
225 119 668364
229 170 668364
226 3 668364
227 106 668364
230 25 668364
231 68 668364
235 232 668364
235 233 668364
235 234 668364
236 217 668364
238 182 668364
239 25 668364
243 78 668364
240 143 668364
244 135 668364
241 0 668364
242 100 668364
260 189 668364
245 1 668364
246 3 668364
250 107 668364
247 194 668364
265 55 668364
248 2 668364
249 137 668364
251 76 668364
252 16 668364
253 11 668364
257 88 668364
254 196 668364
258 131 668364
255 13 668364
256 125 668364
321 14 668364
259 230 668364
264 19 668364
261 148 668364
262 52 668364
263 63 668364
270 171 668364
267 2 668364
271 201 668364
268 51 668364
269 221 668364
286 109 668364
275 274 668364
272 40 668364
273 96 668364
274 0 668364
335 109 668364
277 11 668364
276 149 668364
278 8 668364
279 113 668364
283 86 668364
280 0 668364
284 103 668364
281 47 668364
282 149 668364
285 176 668364
287 42 668364
288 193 668364
290 54 668364
291 202 668364
295 127 668364
293 57 668364
296 132 668364
294 202 668364
309 284 668364
301 93 668364
298 4 668364
299 35 668364
313 219 668364
300 174 668364
302 11 668364
303 147 668364
307 24 668364
304 9 668364
308 17 668364
305 33 668364
306 111 668364
432 316 668364
310 194 668364
311 50 668364
314 16 668364
315 30 668364
318 96 668364
319 78 668364
317 194 668364
331 263 668364
320 116 668364
323 248 668364
324 144 668364
325 11 668364
326 14 668364
329 47 668364
327 45 668364
330 18 668364
328 156 668364
334 143 668364
332 151 668364
333 10 668364
336 131 668364
339 215 668364
337 233 668364
340 176 668364
338 5 668364
352 108 668364
341 193 668364
344 261 668364
342 16 668364
355 225 668364
343 2 668364
345 136 668364
346 229 668364
349 283 668364
350 234 668364
348 29 668364
398 393 668364
398 394 668364
398 395 668364
398 396 668364
398 397 668364
399 0 668364
351 241 668364
354 279 668364
353 30 668364
356 227 668364
359 251 668364
357 36 668364
360 192 668364
358 7 668364
371 255 668364
361 189 668364
364 197 668364
362 18 668364
374 315 668364
363 3 668364
365 52 668364
366 125 668364
369 119 668364
367 197 668364
370 50 668364
368 21 668364
372 103 668364
373 169 668364
410 234 668364
375 25 668364
376 4 668364
378 265 668364
377 40 668364
390 39 668364
380 165 668364
383 117 668364
381 223 668364
384 34 668364
382 7 668364
393 46 668364
385 8 668364
387 327 668364
386 61 668364
388 243 668364
471 49 668364
439 141 668364
419 31 668364
389 209 668364
392 134 668364
391 33 668364
407 278 668364
401 72 668364
400 6 668364
402 55 668364
403 7 668364
405 214 668364
406 109 668364
404 16 668364
409 339 668364
408 90 668364
411 177 668364
414 36 668364
412 204 668364
413 230 668364
424 230 668364
415 6 668364
418 125 668364
416 28 668364
427 131 668364
417 50 668364
420 27 668364
422 200 668364
423 78 668364
421 19 668364
464 5 668364
426 257 668364
425 25 668364
428 61 668364
430 298 668364
429 70 668364
431 168 668364
440 332 668364
434 323 668364
433 99 668364
435 108 668364
436 111 668364
438 333 668364
437 113 668364
442 327 668364
441 111 668364
443 104 668364
444 99 668364
445 93 668364
447 159 668364
456 178 668364
448 69 668364
450 266 668364
449 58 668364
458 441 668364
451 35 668364
452 22 668364
454 212 668364
453 8 668364
455 58 668364
457 0 668364
459 1 668364
462 55 668364
460 46 668364
461 24 668364
463 3 668364
465 417 668364
466 171 668364
467 143 668364
469 303 668364
468 114 668364
470 134 668364
473 173 668364
472 43 668364
