998
492 332 4481
193 52 172705
462 450 550753
482 329 592056
483 5 697992
417 59 717757
453 311 723521
432 171 734034
406 321 737064
396 317 742548
378 367 743984
322 194 745362
301 283 746457
186 179 747720
351 191 748673
496 380 748998
452 292 749028
408 147 749030
408 135 749030
408 136 749030
408 141 749030
408 137 749030
408 138 749030
408 142 749030
408 139 749030
408 140 749030
408 134 749030
408 133 749030
408 132 749030
408 131 749030
408 130 749030
408 129 749030
408 128 749030
408 127 749030
408 126 749030
408 125 749030
408 124 749030
408 123 749030
408 122 749030
408 121 749030
408 158 749030
408 172 749030
408 171 749030
408 170 749030
408 169 749030
408 168 749030
408 167 749030
408 166 749030
408 165 749030
408 164 749030
408 163 749030
408 162 749030
408 161 749030
408 160 749030
408 159 749030
408 143 749030
408 157 749030
408 156 749030
408 155 749030
408 154 749030
408 153 749030
408 152 749030
408 151 749030
408 150 749030
408 149 749030
408 148 749030
408 115 749030
408 146 749030
408 145 749030
408 144 749030
408 76 749030
408 90 749030
408 89 749030
408 88 749030
408 87 749030
408 86 749030
408 85 749030
408 84 749030
408 83 749030
408 82 749030
408 81 749030
408 80 749030
408 79 749030
408 78 749030
408 77 749030
408 91 749030
408 75 749030
408 74 749030
408 73 749030
408 72 749030
408 71 749030
408 70 749030
408 69 749030
408 68 749030
408 67 749030
408 66 749030
408 65 749030
408 64 749030
408 63 749030
408 62 749030
408 105 749030
408 119 749030
408 118 749030
408 117 749030
408 116 749030
408 177 749030
408 114 749030
408 113 749030
408 112 749030
408 111 749030
408 110 749030
408 109 749030
408 108 749030
408 107 749030
408 106 749030
408 120 749030
408 104 749030
408 103 749030
408 102 749030
408 101 749030
408 100 749030
408 99 749030
408 98 749030
408 97 749030
408 96 749030
408 95 749030
408 94 749030
408 93 749030
408 92 749030
408 249 749030
408 264 749030
408 263 749030
408 262 749030
408 261 749030
408 260 749030
408 259 749030
408 258 749030
408 257 749030
408 256 749030
408 255 749030
408 254 749030
408 253 749030
408 252 749030
408 251 749030
408 250 749030
408 265 749030
408 248 749030
408 247 749030
408 246 749030
408 245 749030
408 244 749030
408 243 749030
408 242 749030
408 241 749030
408 240 749030
408 239 749030
408 238 749030
408 237 749030
408 236 749030
408 235 749030
408 280 749030
408 294 749030
408 293 749030
408 292 749030
408 291 749030
408 290 749030
408 289 749030
408 288 749030
408 287 749030
408 286 749030
408 285 749030
408 284 749030
408 283 749030
408 282 749030
408 281 749030
408 234 749030
408 279 749030
408 278 749030
408 277 749030
408 276 749030
408 275 749030
408 274 749030
408 273 749030
408 272 749030
408 271 749030
408 270 749030
408 269 749030
408 268 749030
408 267 749030
408 266 749030
408 188 749030
408 203 749030
408 202 749030
408 201 749030
408 200 749030
408 199 749030
408 198 749030
408 197 749030
408 196 749030
408 195 749030
408 194 749030
408 193 749030
408 192 749030
408 191 749030
408 190 749030
408 189 749030
408 204 749030
408 187 749030
408 186 749030
408 185 749030
408 184 749030
408 183 749030
408 182 749030
408 181 749030
408 180 749030
408 178 749030
408 58 749030
408 176 749030
408 175 749030
408 174 749030
408 219 749030
408 233 749030
408 232 749030
408 231 749030
408 230 749030
408 229 749030
408 228 749030
408 227 749030
408 226 749030
408 225 749030
408 224 749030
408 223 749030
408 222 749030
408 221 749030
408 220 749030
408 173 749030
408 218 749030
408 217 749030
408 216 749030
408 215 749030
408 214 749030
408 213 749030
408 212 749030
408 211 749030
408 210 749030
408 209 749030
408 208 749030
408 207 749030
408 206 749030
408 205 749030
407 300 749030
407 315 749030
407 314 749030
407 313 749030
407 312 749030
407 311 749030
407 310 749030
407 309 749030
407 308 749030
407 307 749030
407 306 749030
407 305 749030
407 304 749030
407 303 749030
407 302 749030
407 301 749030
407 316 749030
407 299 749030
407 298 749030
407 297 749030
407 296 749030
407 295 749030
407 331 749030
407 345 749030
407 344 749030
407 343 749030
407 342 749030
407 341 749030
407 340 749030
407 339 749030
407 338 749030
407 337 749030
407 336 749030
407 335 749030
407 334 749030
407 333 749030
407 332 749030
407 330 749030
407 329 749030
407 328 749030
407 327 749030
407 326 749030
407 325 749030
407 324 749030
407 323 749030
407 321 749030
407 320 749030
407 319 749030
407 318 749030
407 317 749030
407 346 749030
408 15 749030
408 30 749030
408 29 749030
408 28 749030
408 27 749030
408 26 749030
408 25 749030
408 24 749030
408 23 749030
408 22 749030
408 21 749030
408 20 749030
408 19 749030
408 18 749030
408 17 749030
408 16 749030
408 31 749030
408 14 749030
408 13 749030
408 12 749030
408 11 749030
408 10 749030
408 9 749030
408 8 749030
408 7 749030
408 6 749030
408 5 749030
408 4 749030
408 3 749030
408 2 749030
408 1 749030
408 46 749030
408 60 749030
408 59 749030
408 57 749030
408 56 749030
408 55 749030
408 54 749030
408 53 749030
408 51 749030
408 50 749030
408 49 749030
408 48 749030
408 47 749030
408 0 749030
408 45 749030
408 44 749030
408 43 749030
408 42 749030
408 41 749030
408 40 749030
408 39 749030
408 38 749030
408 37 749030
408 36 749030
408 35 749030
408 34 749030
408 33 749030
408 32 749030
407 361 749030
407 376 749030
407 375 749030
407 374 749030
407 373 749030
407 372 749030
407 371 749030
407 370 749030
407 369 749030
407 368 749030
407 367 749030
407 366 749030
407 365 749030
407 364 749030
407 363 749030
407 362 749030
407 377 749030
407 360 749030
407 359 749030
407 358 749030
407 357 749030
407 356 749030
407 355 749030
407 354 749030
407 353 749030
407 352 749030
407 350 749030
407 349 749030
407 348 749030
407 347 749030
407 392 749030
407 405 749030
407 404 749030
407 403 749030
407 402 749030
407 401 749030
407 400 749030
407 399 749030
407 398 749030
407 397 749030
407 395 749030
407 394 749030
407 393 749030
408 61 749030
407 391 749030
407 390 749030
407 389 749030
407 388 749030
407 387 749030
407 386 749030
407 385 749030
407 384 749030
407 383 749030
407 382 749030
407 381 749030
407 380 749030
407 379 749030
409 207 749030
413 26 749030
412 377 749030
412 411 749030
412 410 749030
414 100 749030
427 3 749030
426 425 749030
426 424 749030
426 423 749030
426 422 749030
426 421 749030
426 420 749030
426 419 749030
426 418 749030
426 417 749030
426 416 749030
426 415 749030
428 63 749030
431 238 749030
430 424 749030
430 429 749030
433 0 749030
478 343 749030
478 465 749030
479 2 749030
478 477 749030
478 476 749030
478 475 749030
478 474 749030
478 473 749030
478 472 749030
478 471 749030
478 470 749030
478 469 749030
478 468 749030
478 467 749030
478 466 749030
478 464 749030
478 463 749030
478 462 749030
478 461 749030
478 460 749030
478 459 749030
478 458 749030
478 457 749030
478 456 749030
478 455 749030
478 454 749030
478 451 749030
478 435 749030
478 449 749030
478 448 749030
478 447 749030
478 446 749030
478 445 749030
478 444 749030
478 443 749030
478 442 749030
478 441 749030
478 440 749030
478 439 749030
478 438 749030
478 437 749030
478 436 749030
478 434 749030
480 10 749030
482 481 749030
484 20 749030
494 374 749030
495 2 749030
494 493 749030
494 491 749030
494 490 749030
494 489 749030
494 488 749030
494 487 749030
494 486 749030
494 485 749030
498 342 749030
499 11 749030
498 497 749030
279 55 771657
346 302 754879
496 210 753737
221 115 751377
301 255 751205
300 3 750732
470 222 749577
246 127 749039
5 0 749030
5 1 749030
5 2 749030
5 3 749030
5 4 749030
8 3 749030
6 1 749030
7 0 749030
14 2 749030
10 8 749030
9 3 749030
16 2 749030
11 0 749030
13 2 749030
12 0 749030
28 19 749030
28 20 749030
15 5 749030
17 8 749030
21 4 749030
19 2 749030
18 6 749030
31 22 749030
28 22 749030
23 9 749030
26 11 749030
24 16 749030
27 14 749030
25 0 749030
57 19 749030
30 23 749030
29 8 749030
32 14 749030
34 19 749030
33 12 749030
35 14 749030
42 23 749030
36 1 749030
37 35 749030
38 0 749030
62 58 749030
39 11 749030
41 3 749030
40 2 749030
43 42 749030
44 0 749030
45 2 749030
46 32 749030
47 15 749030
52 46 749030
49 13 749030
48 16 749030
54 31 749030
50 10 749030
51 36 749030
53 10 749030
55 8 749030
56 15 749030
61 29 749030
58 23 749030
59 12 749030
60 28 749030
63 18 749030
64 26 749030
69 0 749030
65 12 749030
66 18 749030
70 21 749030
67 3 749030
68 7 749030
84 78 749030
84 79 749030
84 80 749030
84 81 749030
84 82 749030
71 44 749030
72 2 749030
75 58 749030
73 22 749030
125 47 749030
74 9 749030
76 44 749030
84 83 749030
77 19 749030
78 13 749030
87 67 749030
85 55 749030
86 21 749030
88 41 749030
114 48 749030
89 13 749030
90 15 749030
94 15 749030
91 18 749030
93 18 749030
92 3 749030
95 14 749030
98 30 749030
96 40 749030
108 70 749030
97 4 749030
99 9 749030
105 54 749030
100 45 749030
104 5 749030
101 38 749030
103 18 749030
102 13 749030
107 87 749030
106 10 749030
109 55 749030
112 29 749030
110 5 749030
113 7 749030
111 4 749030
122 82 749030
116 62 749030
115 10 749030
117 7 749030
118 12 749030
120 80 749030
119 16 749030
121 50 749030
124 81 749030
123 21 749030
126 15 749030
128 66 749030
127 10 749030
129 28 749030
137 96 749030
130 21 749030
132 35 749030
140 16 749030
131 2 749030
133 14 749030
135 124 749030
134 3 749030
136 79 749030
169 88 749030
139 65 749030
138 20 749030
142 132 749030
141 18 749030
143 80 749030
151 36 749030
144 30 749030
146 45 749030
145 7 749030
250 63 749030
147 10 749030
149 92 749030
148 57 749030
150 33 749030
152 129 749030
153 38 749030
154 7 749030
156 2 749030
155 0 749030
163 107 749030
157 29 749030
159 18 749030
165 114 749030
158 13 749030
160 42 749030
162 26 749030
161 4 749030
228 105 749030
164 5 749030
166 42 749030
168 13 749030
167 0 749030
175 34 749030
170 163 749030
171 54 749030
172 5 749030
173 138 749030
174 55 749030
176 103 749030
177 9 749030
179 59 749030
178 54 749030
186 3 749030
180 1 749030
182 6 749030
181 4 749030
187 152 749030
183 7 749030
184 129 749030
185 35 749030
210 138 749030
188 58 749030
189 174 749030
190 75 749030
196 49 749030
191 7 749030
192 91 749030
216 172 749030
193 9 749030
195 1 749030
194 12 749030
197 97 749030
198 9 749030
199 190 749030
200 81 749030
205 199 749030
201 3 749030
202 77 749030
207 122 749030
203 58 749030
204 160 749030
456 206 749030
206 55 749030
208 8 749030
209 104 749030
215 53 749030
211 172 749030
212 22 749030
214 24 749030
213 54 749030
217 49 749030
218 136 749030
219 8 749030
224 31 749030
220 186 749030
225 141 749030
223 11 749030
222 50 749030
244 233 749030
226 9 749030
227 87 749030
232 160 749030
229 119 749030
230 11 749030
231 148 749030
233 172 749030
234 0 749030
235 192 749030
236 47 749030
240 225 749030
237 208 749030
242 78 749030
238 32 749030
239 221 749030
241 229 749030
243 233 749030
248 226 749030
245 233 749030
247 230 749030
249 222 749030
251 210 749030
252 49 749030
256 163 749030
253 194 749030
257 241 749030
254 2 749030
255 175 749030
275 1 749030
258 3 749030
259 123 749030
264 36 749030
260 47 749030
261 91 749030
262 13 749030
263 56 749030
265 16 749030
266 239 749030
267 63 749030
271 117 749030
268 193 749030
272 180 749030
269 5 749030
270 144 749030
338 216 749030
273 1 749030
274 32 749030
278 148 749030
276 31 749030
277 182 749030
280 47 749030
281 132 749030
282 170 749030
286 179 749030
283 10 749030
285 130 749030
284 261 749030
291 33 749030
287 15 749030
288 93 749030
289 124 749030
353 249 749030
292 63 749030
290 0 749030
293 15 749030
294 209 749030
295 5 749030
298 245 749030
296 107 749030
299 281 749030
297 23 749030
305 88 749030
302 266 749030
303 25 749030
304 149 749030
306 27 749030
307 208 749030
311 192 749030
308 12 749030
309 80 749030
312 215 749030
310 259 749030
326 296 749030
313 25 749030
314 77 749030
317 260 749030
315 160 749030
330 295 749030
316 28 749030
318 187 749030
319 52 749030
320 38 749030
323 294 749030
321 205 749030
324 305 749030
322 5 749030
325 3 749030
329 290 749030
327 214 749030
328 8 749030
331 58 749030
332 31 749030
335 250 749030
333 186 749030
336 249 749030
334 36 749030
349 341 749030
349 342 749030
337 6 749030
341 174 749030
339 122 749030
340 271 749030
349 343 749030
347 62 749030
344 0 749030
345 22 749030
348 49 749030
352 267 749030
350 236 749030
351 7 749030
354 18 749030
355 29 749030
358 89 749030
356 71 749030
359 65 749030
357 203 749030
371 230 749030
360 103 749030
363 238 749030
361 230 749030
375 49 749030
362 52 749030
364 119 749030
365 243 749030
368 363 749030
368 366 749030
368 367 749030
369 0 749030
420 360 749030
370 53 749030
374 89 749030
372 103 749030
373 219 749030
376 71 749030
379 159 749030
377 182 749030
380 114 749030
378 17 749030
392 26 749030
381 131 749030
384 203 749030
382 237 749030
395 156 749030
383 38 749030
385 63 749030
386 165 749030
389 222 749030
387 266 749030
390 167 749030
388 0 749030
391 174 749030
394 216 749030
393 61 749030
433 35 749030
396 158 749030
399 186 749030
397 250 749030
400 121 749030
398 36 749030
411 197 749030
401 118 749030
404 129 749030
402 204 749030
405 59 749030
403 14 749030
414 271 749030
406 52 749030
409 41 749030
407 134 749030
408 205 749030
452 292 749030
432 171 749030
453 311 749030
417 59 749030
483 5 749030
482 329 749030
462 450 749030
410 60 749030
413 347 749030
412 29 749030
415 252 749030
418 223 749030
416 20 749030
419 139 749030
430 14 749030
423 72 749030
421 184 749030
422 251 749030
424 6 749030
425 47 749030
427 324 749030
426 19 749030
428 231 749030
429 200 749030
431 11 749030
434 85 749030
436 344 749030
435 48 749030
437 242 749030
447 365 749030
438 202 749030
441 103 749030
439 251 749030
450 330 749030
440 24 749030
442 17 749030
443 41 749030
445 282 749030
446 171 749030
444 56 749030
489 225 749030
449 445 749030
449 448 749030
451 2 749030
454 141 749030
455 21 749030
464 429 749030
458 268 749030
492 332 749030
457 55 749030
459 54 749030
460 82 749030
461 109 749030
463 252 749030
467 9 749030
465 209 749030
466 232 749030
468 273 749030
471 84 749030
469 17 749030
481 201 749030
472 40 749030
475 143 749030
473 55 749030
484 66 749030
474 7 749030
476 0 749030
477 13 749030
479 186 749030
480 41 749030
478 0 749030
485 69 749030
487 226 749030
488 73 749030
486 42 749030
497 185 749030
491 221 749030
490 41 749030
493 60 749030
495 201 749030
494 25 749030
499 165 749030
498 12 749030
