998
376 264 177197
471 73 196487
416 395 306372
468 194 327625
470 46 356695
360 194 442521
445 399 448585
369 161 452704
20 16 452747
148 1 453093
475 349 453375
365 220 453642
100 21 453675
418 113 454131
331 107 454449
214 59 454543
110 54 454775
417 414 455021
474 389 455096
247 40 455106
457 352 455118
408 142 455130
408 139 455130
408 140 455130
408 143 455130
408 141 455130
408 126 455130
408 144 455130
408 138 455130
408 137 455130
408 136 455130
408 135 455130
408 134 455130
408 133 455130
408 132 455130
408 131 455130
408 130 455130
408 129 455130
408 128 455130
408 127 455130
408 120 455130
408 160 455130
408 174 455130
408 173 455130
408 172 455130
408 171 455130
408 170 455130
408 169 455130
408 168 455130
408 167 455130
408 166 455130
408 165 455130
408 164 455130
408 163 455130
408 162 455130
408 161 455130
408 145 455130
408 159 455130
408 158 455130
408 157 455130
408 156 455130
408 155 455130
408 154 455130
408 153 455130
408 152 455130
408 151 455130
408 150 455130
408 149 455130
408 148 455130
408 147 455130
408 146 455130
408 78 455130
408 93 455130
408 92 455130
408 91 455130
408 90 455130
408 89 455130
408 88 455130
408 87 455130
408 86 455130
408 85 455130
408 84 455130
408 83 455130
408 82 455130
408 81 455130
408 80 455130
408 79 455130
408 94 455130
408 77 455130
408 76 455130
408 75 455130
408 74 455130
408 73 455130
408 72 455130
408 71 455130
408 70 455130
408 69 455130
408 68 455130
408 67 455130
408 66 455130
408 65 455130
408 64 455130
408 109 455130
408 124 455130
408 123 455130
408 122 455130
408 121 455130
408 178 455130
408 119 455130
408 118 455130
408 117 455130
408 116 455130
408 115 455130
408 114 455130
408 113 455130
408 112 455130
408 111 455130
408 110 455130
408 125 455130
408 108 455130
408 107 455130
408 106 455130
408 105 455130
408 104 455130
408 103 455130
408 102 455130
408 101 455130
408 100 455130
408 99 455130
408 98 455130
408 97 455130
408 96 455130
408 95 455130
408 251 455130
408 266 455130
408 265 455130
408 264 455130
408 263 455130
408 262 455130
408 261 455130
408 260 455130
408 259 455130
408 258 455130
408 257 455130
408 256 455130
408 255 455130
408 254 455130
408 253 455130
408 252 455130
408 267 455130
408 250 455130
408 249 455130
408 248 455130
408 247 455130
408 246 455130
408 245 455130
408 244 455130
408 243 455130
408 242 455130
408 241 455130
408 240 455130
408 239 455130
408 238 455130
408 237 455130
408 282 455130
408 296 455130
408 295 455130
408 294 455130
408 293 455130
408 292 455130
408 291 455130
408 290 455130
408 289 455130
408 288 455130
408 287 455130
408 286 455130
408 285 455130
408 284 455130
408 283 455130
408 236 455130
408 281 455130
408 280 455130
408 279 455130
408 278 455130
408 277 455130
408 276 455130
408 275 455130
408 274 455130
408 273 455130
408 272 455130
408 271 455130
408 270 455130
408 269 455130
408 268 455130
408 190 455130
408 205 455130
408 204 455130
408 203 455130
408 202 455130
408 201 455130
408 200 455130
408 199 455130
408 198 455130
408 197 455130
408 196 455130
408 195 455130
408 194 455130
408 193 455130
408 192 455130
408 191 455130
408 206 455130
408 189 455130
408 188 455130
408 187 455130
408 186 455130
408 185 455130
408 184 455130
408 183 455130
408 182 455130
408 181 455130
408 180 455130
408 179 455130
408 58 455130
408 177 455130
408 176 455130
408 221 455130
408 235 455130
408 234 455130
408 233 455130
408 232 455130
408 231 455130
408 230 455130
408 229 455130
408 228 455130
408 227 455130
408 226 455130
408 225 455130
408 224 455130
408 223 455130
408 222 455130
408 175 455130
408 220 455130
408 219 455130
408 218 455130
408 217 455130
408 216 455130
408 215 455130
408 214 455130
408 213 455130
408 212 455130
408 211 455130
408 210 455130
408 209 455130
408 208 455130
408 207 455130
407 302 455130
407 317 455130
407 316 455130
407 315 455130
407 314 455130
407 313 455130
407 312 455130
407 311 455130
407 310 455130
407 309 455130
407 308 455130
407 307 455130
407 306 455130
407 305 455130
407 304 455130
407 303 455130
407 318 455130
407 301 455130
407 300 455130
407 299 455130
407 298 455130
407 297 455130
407 296 455130
407 333 455130
407 347 455130
407 346 455130
407 345 455130
407 344 455130
407 343 455130
407 342 455130
407 341 455130
407 340 455130
407 339 455130
407 338 455130
407 337 455130
407 336 455130
407 335 455130
407 334 455130
407 332 455130
407 330 455130
407 329 455130
407 328 455130
407 327 455130
407 326 455130
407 325 455130
407 324 455130
407 323 455130
407 322 455130
407 321 455130
407 320 455130
407 319 455130
407 348 455130
408 17 455130
408 32 455130
408 31 455130
408 30 455130
408 29 455130
408 28 455130
408 27 455130
408 26 455130
408 25 455130
408 24 455130
408 23 455130
408 22 455130
408 20 455130
408 19 455130
408 18 455130
408 33 455130
408 15 455130
408 14 455130
408 13 455130
408 12 455130
408 11 455130
408 10 455130
408 9 455130
408 8 455130
408 7 455130
408 6 455130
408 5 455130
408 4 455130
408 3 455130
408 48 455130
408 62 455130
408 61 455130
408 60 455130
408 57 455130
408 56 455130
408 55 455130
408 53 455130
408 52 455130
408 51 455130
408 50 455130
408 49 455130
408 2 455130
408 47 455130
408 46 455130
408 45 455130
408 44 455130
408 43 455130
408 42 455130
408 41 455130
408 39 455130
408 38 455130
408 37 455130
408 36 455130
408 35 455130
408 34 455130
407 363 455130
407 378 455130
407 377 455130
407 375 455130
407 374 455130
407 373 455130
407 372 455130
407 371 455130
407 370 455130
407 368 455130
407 367 455130
407 366 455130
407 364 455130
407 379 455130
407 362 455130
407 361 455130
407 359 455130
407 358 455130
407 357 455130
407 356 455130
407 355 455130
407 354 455130
407 353 455130
407 352 455130
407 351 455130
407 350 455130
407 349 455130
407 394 455130
408 0 455130
407 406 455130
407 405 455130
407 404 455130
407 403 455130
407 402 455130
407 401 455130
407 400 455130
407 399 455130
407 398 455130
407 397 455130
407 396 455130
407 395 455130
408 63 455130
407 393 455130
407 392 455130
407 391 455130
407 390 455130
407 389 455130
407 388 455130
407 387 455130
407 386 455130
407 385 455130
407 384 455130
407 383 455130
407 382 455130
407 381 455130
407 380 455130
409 208 455130
413 27 455130
412 378 455130
412 411 455130
412 410 455130
414 101 455130
427 5 455130
426 425 455130
426 424 455130
426 423 455130
426 422 455130
426 421 455130
426 420 455130
426 419 455130
426 418 455130
426 415 455130
428 65 455130
431 240 455130
430 426 455130
430 429 455130
432 296 455130
433 1 455130
478 348 455130
479 7 455130
478 477 455130
478 476 455130
478 473 455130
478 472 455130
478 469 455130
478 467 455130
478 466 455130
478 465 455130
478 464 455130
478 463 455130
478 462 455130
478 461 455130
478 460 455130
478 459 455130
478 458 455130
478 456 455130
478 455 455130
478 440 455130
478 454 455130
478 453 455130
478 452 455130
478 451 455130
478 450 455130
478 449 455130
478 448 455130
478 447 455130
478 446 455130
478 444 455130
478 443 455130
478 442 455130
478 441 455130
478 439 455130
478 438 455130
478 437 455130
478 436 455130
478 435 455130
478 434 455130
480 0 455130
482 379 455130
483 19 455130
482 481 455130
484 23 455130
494 375 455130
495 3 455130
494 493 455130
494 492 455130
494 491 455130
494 490 455130
494 489 455130
494 488 455130
494 487 455130
494 486 455130
494 485 455130
496 10 455130
498 342 455130
499 11 455130
498 497 455130
400 243 476184
437 244 470414
192 164 469937
343 32 469411
361 236 464442
277 112 463781
246 47 455640
479 68 455326
210 186 455172
365 197 455151
146 142 455143
290 53 455141
5 1 455130
5 4 455130
8 3 455130
5 3 455130
6 1 455130
5 2 455130
4 0 455130
7 0 455130
14 3 455130
10 7 455130
9 3 455130
16 2 455130
11 0 455130
12 11 455130
15 2 455130
13 0 455130
17 8 455130
21 5 455130
19 2 455130
18 5 455130
31 23 455130
20 15 455130
28 22 455130
22 5 455130
23 8 455130
24 15 455130
27 15 455130
26 12 455130
25 0 455130
30 7 455130
29 6 455130
32 14 455130
34 20 455130
33 12 455130
35 15 455130
42 24 455130
36 1 455130
37 36 455130
38 0 455130
62 59 455130
39 11 455130
41 4 455130
40 2 455130
57 24 455130
44 0 455130
43 2 455130
45 2 455130
47 16 455130
46 33 455130
48 0 455130
54 32 455130
49 14 455130
52 47 455130
50 11 455130
51 37 455130
53 10 455130
55 9 455130
56 16 455130
61 30 455130
58 24 455130
81 4 455130
59 12 455130
60 58 455130
63 20 455130
64 27 455130
69 1 455130
65 14 455130
66 19 455130
70 22 455130
67 4 455130
68 8 455130
84 79 455130
84 80 455130
84 81 455130
84 82 455130
84 83 455130
71 45 455130
72 3 455130
75 59 455130
73 23 455130
125 50 455130
74 1 455130
76 45 455130
85 0 455130
77 20 455130
78 14 455130
114 53 455130
87 68 455130
86 22 455130
88 42 455130
89 0 455130
90 16 455130
94 16 455130
91 19 455130
93 19 455130
92 4 455130
95 15 455130
98 31 455130
96 41 455130
108 72 455130
97 5 455130
99 10 455130
105 56 455130
100 47 455130
104 7 455130
101 40 455130
103 20 455130
102 14 455130
107 89 455130
106 12 455130
109 57 455130
112 32 455130
110 7 455130
113 10 455130
111 7 455130
122 85 455130
116 65 455130
115 13 455130
117 10 455130
118 15 455130
120 83 455130
119 19 455130
121 53 455130
124 84 455130
123 24 455130
126 18 455130
128 69 455130
127 13 455130
129 31 455130
137 99 455130
130 24 455130
132 38 455130
140 19 455130
131 6 455130
133 18 455130
135 127 455130
134 7 455130
136 82 455130
169 92 455130
139 68 455130
138 23 455130
141 1 455130
142 135 455130
143 83 455130
151 40 455130
144 33 455130
145 10 455130
250 67 455130
147 14 455130
149 96 455130
148 61 455130
150 37 455130
152 133 455130
153 42 455130
154 11 455130
156 6 455130
155 0 455130
163 111 455130
157 33 455130
159 22 455130
158 0 455130
165 118 455130
160 46 455130
162 30 455130
161 8 455130
228 108 455130
164 9 455130
166 46 455130
168 17 455130
167 1 455130
175 38 455130
170 167 455130
171 0 455130
172 9 455130
173 142 455130
174 59 455130
176 107 455130
177 14 455130
179 63 455130
178 58 455130
186 7 455130
180 5 455130
182 10 455130
181 8 455130
187 155 455130
183 11 455130
184 133 455130
185 39 455130
188 61 455130
189 177 455130
190 78 455130
196 51 455130
191 10 455130
216 175 455130
193 11 455130
195 3 455130
194 14 455130
197 99 455130
198 11 455130
199 192 455130
200 83 455130
205 201 455130
205 202 455130
201 5 455130
207 124 455130
205 203 455130
204 162 455130
456 206 455130
206 57 455130
208 10 455130
209 106 455130
215 56 455130
211 174 455130
212 24 455130
214 26 455130
213 56 455130
217 6 455130
219 11 455130
218 139 455130
220 111 455130
225 144 455130
221 13 455130
224 34 455130
222 7 455130
223 104 455130
231 73 455130
226 41 455130
227 180 455130
229 44 455130
232 163 455130
230 0 455130
233 175 455130
234 3 455130
235 195 455130
236 50 455130
240 228 455130
237 211 455130
242 81 455130
238 35 455130
239 224 455130
241 232 455130
243 236 455130
244 83 455130
248 230 455130
245 6 455130
247 234 455130
249 226 455130
251 214 455130
252 53 455130
256 167 455130
253 198 455130
257 245 455130
254 6 455130
255 179 455130
275 4 455130
258 6 455130
259 127 455130
264 40 455130
260 51 455130
261 95 455130
279 207 455130
262 17 455130
263 60 455130
265 20 455130
266 242 455130
267 66 455130
271 120 455130
268 196 455130
272 183 455130
269 7 455130
270 147 455130
338 218 455130
273 4 455130
274 35 455130
278 151 455130
276 34 455130
280 21 455130
281 45 455130
285 133 455130
282 251 455130
286 182 455130
283 30 455130
284 174 455130
287 18 455130
288 96 455130
289 127 455130
353 250 455130
292 66 455130
291 114 455130
293 18 455130
302 24 455130
294 212 455130
295 8 455130
298 248 455130
296 110 455130
299 284 455130
297 26 455130
300 3 455130
301 82 455130
305 90 455130
303 27 455130
304 151 455130
306 29 455130
307 210 455130
311 194 455130
308 14 455130
309 82 455130
312 217 455130
310 261 455130
326 297 455130
313 0 455130
314 79 455130
317 262 455130
315 162 455130
330 296 455130
316 30 455130
318 189 455130
319 54 455130
320 40 455130
323 295 455130
321 207 455130
324 306 455130
322 7 455130
325 4 455130
329 291 455130
327 215 455130
328 0 455130
331 59 455130
332 33 455130
335 252 455130
333 188 455130
336 251 455130
334 38 455130
349 343 455130
349 344 455130
337 8 455130
341 176 455130
339 124 455130
340 273 455130
342 79 455130
349 345 455130
347 64 455130
348 51 455130
346 167 455130
352 268 455130
350 238 455130
351 9 455130
354 19 455130
355 30 455130
358 90 455130
356 72 455130
359 66 455130
357 204 455130
371 233 455130
360 104 455130
363 240 455130
375 52 455130
362 54 455130
364 121 455130
368 365 455130
368 366 455130
368 367 455130
369 0 455130
420 362 455130
420 370 455130
420 372 455130
374 92 455130
373 222 455130
376 74 455130
379 162 455130
377 186 455130
380 117 455130
378 0 455130
392 28 455130
381 134 455130
384 205 455130
382 240 455130
395 158 455130
383 41 455130
385 65 455130
386 167 455130
389 224 455130
387 268 455130
390 169 455130
388 2 455130
391 176 455130
394 218 455130
393 1 455130
433 39 455130
396 161 455130
399 188 455130
397 252 455130
398 38 455130
411 197 455130
401 121 455130
404 133 455130
402 207 455130
405 63 455130
403 17 455130
414 275 455130
406 55 455130
409 42 455130
407 136 455130
408 207 455130
457 352 455130
474 389 455130
417 414 455130
418 113 455130
475 349 455130
445 399 455130
468 360 455130
470 46 455130
416 395 455130
471 73 455130
410 60 455130
413 348 455130
412 30 455130
415 252 455130
419 141 455130
430 16 455130
423 74 455130
421 186 455130
422 253 455130
424 13 455130
425 49 455130
427 326 455130
426 21 455130
428 233 455130
429 202 455130
432 130 455130
431 13 455130
434 86 455130
436 345 455130
435 49 455130
447 367 455130
438 203 455130
441 104 455130
439 252 455130
450 332 455130
440 25 455130
442 19 455130
443 42 455130
444 0 455130
446 173 455130
489 228 455130
449 447 455130
449 448 455130
451 4 455130
454 141 455130
452 11 455130
455 21 455130
453 46 455130
464 428 455130
458 268 455130
459 54 455130
460 82 455130
462 379 455130
461 109 455130
463 251 455130
467 8 455130
465 208 455130
466 231 455130
469 18 455130
481 206 455130
472 43 455130
473 58 455130
484 69 455130
476 0 455130
477 18 455130
480 46 455130
478 0 455130
483 218 455130
482 30 455130
485 72 455130
487 229 455130
488 76 455130
486 45 455130
497 185 455130
491 223 455130
490 44 455130
492 37 455130
493 61 455130
495 202 455130
496 41 455130
494 26 455130
499 165 455130
498 14 455130
