998
256 45 48515
410 184 90766
310 122 312971
336 312 351395
327 249 465013
455 374 581499
255 42 582350
91 87 583237
198 20 586629
92 29 586898
473 239 586969
235 135 587063
100 60 587162
319 296 587209
408 143 587216
408 142 587216
408 141 587216
408 146 587216
408 140 587216
408 144 587216
408 139 587216
408 138 587216
408 145 587216
408 150 587216
408 137 587216
408 136 587216
408 135 587216
408 134 587216
408 133 587216
408 132 587216
408 131 587216
408 130 587216
408 129 587216
408 128 587216
408 127 587216
408 126 587216
408 125 587216
408 124 587216
408 123 587216
408 162 587216
408 176 587216
408 175 587216
408 174 587216
408 173 587216
408 172 587216
408 171 587216
408 170 587216
408 169 587216
408 168 587216
408 167 587216
408 166 587216
408 165 587216
408 164 587216
408 163 587216
408 147 587216
408 161 587216
408 160 587216
408 159 587216
408 158 587216
408 157 587216
408 156 587216
408 155 587216
408 154 587216
408 153 587216
408 152 587216
408 151 587216
408 118 587216
408 149 587216
408 148 587216
408 78 587216
408 92 587216
408 91 587216
408 90 587216
408 89 587216
408 88 587216
408 86 587216
408 85 587216
408 84 587216
408 83 587216
408 82 587216
408 81 587216
408 80 587216
408 79 587216
408 93 587216
408 77 587216
408 76 587216
408 75 587216
408 74 587216
408 73 587216
408 72 587216
408 71 587216
408 70 587216
408 69 587216
408 68 587216
408 67 587216
408 66 587216
408 65 587216
408 64 587216
408 107 587216
408 121 587216
408 120 587216
408 119 587216
408 179 587216
408 117 587216
408 116 587216
408 115 587216
408 114 587216
408 113 587216
408 112 587216
408 111 587216
408 110 587216
408 109 587216
408 108 587216
408 122 587216
408 106 587216
408 105 587216
408 104 587216
408 103 587216
408 102 587216
408 101 587216
408 100 587216
408 99 587216
408 98 587216
408 97 587216
408 96 587216
408 95 587216
408 94 587216
408 253 587216
408 268 587216
408 267 587216
408 266 587216
408 265 587216
408 264 587216
408 263 587216
408 262 587216
408 261 587216
408 260 587216
408 259 587216
408 258 587216
408 257 587216
408 256 587216
408 255 587216
408 254 587216
408 269 587216
408 252 587216
408 251 587216
408 250 587216
408 249 587216
408 248 587216
408 247 587216
408 246 587216
408 245 587216
408 244 587216
408 243 587216
408 242 587216
408 241 587216
408 240 587216
408 239 587216
408 284 587216
408 299 587216
408 298 587216
408 297 587216
408 296 587216
408 295 587216
408 294 587216
408 293 587216
408 292 587216
408 291 587216
408 290 587216
408 289 587216
408 288 587216
408 287 587216
408 286 587216
408 285 587216
408 238 587216
408 283 587216
408 282 587216
408 281 587216
408 280 587216
408 279 587216
408 278 587216
408 277 587216
408 276 587216
408 275 587216
408 274 587216
408 273 587216
408 272 587216
408 271 587216
408 270 587216
408 192 587216
408 207 587216
408 206 587216
408 205 587216
408 204 587216
408 203 587216
408 202 587216
408 201 587216
408 200 587216
408 199 587216
408 198 587216
408 197 587216
408 196 587216
408 195 587216
408 194 587216
408 193 587216
408 208 587216
408 191 587216
408 190 587216
408 189 587216
408 188 587216
408 187 587216
408 186 587216
408 185 587216
408 184 587216
408 183 587216
408 182 587216
408 181 587216
408 180 587216
408 178 587216
408 223 587216
408 237 587216
408 236 587216
408 234 587216
408 233 587216
408 232 587216
408 231 587216
408 230 587216
408 229 587216
408 228 587216
408 227 587216
408 226 587216
408 225 587216
408 224 587216
408 177 587216
408 222 587216
408 221 587216
408 220 587216
408 219 587216
408 218 587216
408 217 587216
408 216 587216
408 215 587216
408 214 587216
408 213 587216
408 212 587216
408 211 587216
408 210 587216
408 209 587216
407 302 587216
407 317 587216
407 316 587216
407 315 587216
407 314 587216
407 313 587216
407 312 587216
407 311 587216
407 310 587216
407 309 587216
407 308 587216
407 307 587216
407 306 587216
407 305 587216
407 304 587216
407 303 587216
407 318 587216
407 301 587216
407 300 587216
407 333 587216
407 347 587216
407 346 587216
407 345 587216
407 344 587216
407 343 587216
407 342 587216
407 341 587216
407 340 587216
407 339 587216
407 338 587216
407 337 587216
407 335 587216
407 334 587216
407 332 587216
407 331 587216
407 330 587216
407 329 587216
407 328 587216
407 326 587216
407 325 587216
407 324 587216
407 323 587216
407 322 587216
407 321 587216
407 320 587216
407 348 587216
408 17 587216
408 32 587216
408 31 587216
408 30 587216
408 28 587216
408 27 587216
408 26 587216
408 25 587216
408 24 587216
408 23 587216
408 22 587216
408 21 587216
408 19 587216
408 18 587216
408 33 587216
408 16 587216
408 15 587216
408 14 587216
408 13 587216
408 12 587216
408 11 587216
408 10 587216
408 9 587216
408 8 587216
408 7 587216
408 6 587216
408 5 587216
408 4 587216
408 3 587216
408 48 587216
408 62 587216
408 61 587216
408 59 587216
408 58 587216
408 57 587216
408 56 587216
408 55 587216
408 54 587216
408 53 587216
408 52 587216
408 51 587216
408 50 587216
408 49 587216
408 2 587216
408 47 587216
408 46 587216
408 44 587216
408 43 587216
408 41 587216
408 40 587216
408 39 587216
408 38 587216
408 37 587216
408 36 587216
408 35 587216
408 34 587216
407 363 587216
407 378 587216
407 377 587216
407 376 587216
407 375 587216
407 374 587216
407 373 587216
407 372 587216
407 371 587216
407 370 587216
407 369 587216
407 368 587216
407 367 587216
407 366 587216
407 365 587216
407 364 587216
407 379 587216
407 362 587216
407 361 587216
407 360 587216
407 359 587216
407 358 587216
407 357 587216
407 356 587216
407 355 587216
407 354 587216
407 353 587216
407 352 587216
407 351 587216
407 350 587216
407 349 587216
407 394 587216
408 1 587216
408 0 587216
407 406 587216
407 405 587216
407 404 587216
407 403 587216
407 402 587216
407 401 587216
407 400 587216
407 399 587216
407 398 587216
407 397 587216
407 396 587216
407 395 587216
408 63 587216
407 393 587216
407 392 587216
407 391 587216
407 390 587216
407 389 587216
407 388 587216
407 387 587216
407 386 587216
407 385 587216
407 384 587216
407 383 587216
407 382 587216
407 381 587216
407 380 587216
409 210 587216
413 31 587216
412 382 587216
412 411 587216
414 105 587216
427 6 587216
426 425 587216
426 424 587216
426 423 587216
426 422 587216
426 421 587216
426 420 587216
426 419 587216
426 418 587216
426 417 587216
426 371 587216
426 416 587216
426 415 587216
428 66 587216
431 241 587216
430 427 587216
430 429 587216
432 297 587216
433 2 587216
478 346 587216
478 468 587216
479 5 587216
478 477 587216
478 476 587216
478 475 587216
478 474 587216
478 472 587216
478 471 587216
478 470 587216
478 469 587216
478 467 587216
478 466 587216
478 465 587216
478 464 587216
478 463 587216
478 462 587216
478 461 587216
478 460 587216
478 459 587216
478 458 587216
478 457 587216
478 456 587216
478 454 587216
478 453 587216
478 438 587216
478 452 587216
478 451 587216
478 450 587216
478 449 587216
478 448 587216
478 447 587216
478 446 587216
478 445 587216
478 444 587216
478 443 587216
478 442 587216
478 441 587216
478 440 587216
478 439 587216
478 437 587216
478 436 587216
478 435 587216
478 434 587216
480 13 587216
482 377 587216
483 17 587216
482 481 587216
484 21 587216
494 375 587216
495 3 587216
494 493 587216
494 492 587216
494 491 587216
494 490 587216
494 489 587216
494 488 587216
494 487 587216
494 486 587216
494 485 587216
496 10 587216
498 342 587216
499 11 587216
498 497 587216
290 70 895433
491 304 618018
449 323 615632
470 277 612758
170 131 598287
394 71 594178
471 268 590342
50 6 587761
219 104 587319
280 2 587240
126 77 587223
14 3 587216
8 1 587216
5 0 587216
5 1 587216
5 2 587216
14 2 587216
5 4 587216
6 1 587216
7 0 587216
11 0 587216
9 4 587216
10 0 587216
16 2 587216
13 2 587216
12 0 587216
28 19 587216
28 20 587216
15 5 587216
17 9 587216
21 4 587216
19 3 587216
18 7 587216
31 22 587216
28 24 587216
22 5 587216
23 8 587216
26 11 587216
27 14 587216
25 0 587216
57 19 587216
30 23 587216
29 8 587216
32 15 587216
34 19 587216
33 13 587216
35 14 587216
42 23 587216
36 3 587216
37 35 587216
38 0 587216
62 58 587216
39 12 587216
41 3 587216
40 3 587216
43 42 587216
44 0 587216
45 2 587216
46 32 587216
47 15 587216
52 46 587216
49 13 587216
48 16 587216
54 31 587216
51 36 587216
114 49 587216
53 10 587216
55 8 587216
56 15 587216
61 29 587216
58 23 587216
59 12 587216
60 28 587216
63 20 587216
64 26 587216
69 0 587216
65 14 587216
66 18 587216
70 21 587216
67 5 587216
68 7 587216
84 78 587216
84 79 587216
84 80 587216
84 81 587216
84 82 587216
84 83 587216
85 0 587216
71 44 587216
72 2 587216
75 58 587216
73 22 587216
125 49 587216
74 1 587216
76 44 587216
77 21 587216
78 13 587216
87 67 587216
86 23 587216
88 41 587216
89 2 587216
90 15 587216
93 19 587216
91 17 587216
94 16 587216
92 50 587216
105 56 587216
95 15 587216
98 31 587216
96 41 587216
108 72 587216
97 5 587216
99 12 587216
100 17 587216
103 20 587216
101 40 587216
104 7 587216
102 61 587216
228 104 587216
107 89 587216
106 12 587216
109 57 587216
112 31 587216
110 7 587216
113 9 587216
111 8 587216
122 84 587216
116 64 587216
115 14 587216
117 9 587216
118 14 587216
120 82 587216
119 18 587216
121 52 587216
124 83 587216
123 23 587216
128 68 587216
127 12 587216
129 30 587216
137 98 587216
130 23 587216
132 37 587216
140 18 587216
131 5 587216
133 18 587216
135 126 587216
134 7 587216
136 81 587216
169 90 587216
139 67 587216
138 22 587216
141 0 587216
142 134 587216
143 82 587216
151 38 587216
144 32 587216
146 47 587216
145 9 587216
250 65 587216
147 13 587216
149 94 587216
148 59 587216
150 35 587216
152 131 587216
153 40 587216
154 9 587216
156 4 587216
155 0 587216
163 109 587216
157 31 587216
159 20 587216
158 0 587216
165 116 587216
160 44 587216
162 28 587216
161 6 587216
164 7 587216
166 44 587216
168 15 587216
167 0 587216
175 36 587216
171 0 587216
172 7 587216
173 140 587216
174 57 587216
176 105 587216
177 12 587216
179 61 587216
178 56 587216
186 5 587216
180 3 587216
182 8 587216
181 6 587216
187 153 587216
183 9 587216
184 131 587216
185 37 587216
210 139 587216
188 59 587216
189 175 587216
190 76 587216
196 49 587216
191 8 587216
192 92 587216
216 173 587216
193 11 587216
195 1 587216
194 12 587216
197 97 587216
198 11 587216
199 191 587216
200 82 587216
205 200 587216
205 201 587216
205 202 587216
205 203 587216
207 123 587216
205 204 587216
456 208 587216
456 209 587216
456 210 587216
206 56 587216
215 54 587216
211 173 587216
212 23 587216
214 25 587216
213 55 587216
217 50 587216
218 137 587216
224 32 587216
220 187 587216
225 142 587216
221 28 587216
223 12 587216
222 51 587216
244 235 587216
244 236 587216
244 237 587216
226 10 587216
227 88 587216
232 161 587216
229 120 587216
230 1 587216
231 149 587216
233 173 587216
234 1 587216
244 238 587216
235 194 587216
240 227 587216
242 80 587216
239 223 587216
241 231 587216
243 235 587216
248 228 587216
245 235 587216
246 51 587216
247 232 587216
249 224 587216
251 212 587216
252 51 587216
256 167 587216
253 196 587216
257 245 587216
254 4 587216
255 178 587216
275 4 587216
258 8 587216
259 127 587216
264 40 587216
260 51 587216
261 95 587216
279 207 587216
262 17 587216
263 60 587216
265 20 587216
266 242 587216
267 66 587216
271 120 587216
268 196 587216
272 183 587216
269 8 587216
270 147 587216
338 220 587216
273 4 587216
274 35 587216
278 151 587216
276 34 587216
277 185 587216
281 45 587216
285 133 587216
282 251 587216
286 182 587216
283 30 587216
284 174 587216
302 24 587216
287 18 587216
288 96 587216
289 127 587216
353 252 587216
292 66 587216
291 114 587216
293 18 587216
294 212 587216
295 8 587216
298 248 587216
296 110 587216
299 284 587216
297 26 587216
300 5 587216
301 82 587216
305 90 587216
303 27 587216
304 151 587216
306 29 587216
307 210 587216
311 195 587216
308 14 587216
309 82 587216
312 218 587216
310 262 587216
326 298 587216
313 0 587216
314 80 587216
317 263 587216
315 163 587216
330 298 587216
316 31 587216
318 190 587216
319 55 587216
320 41 587216
323 296 587216
321 208 587216
324 307 587216
322 8 587216
325 5 587216
329 293 587216
327 216 587216
328 2 587216
331 61 587216
332 34 587216
335 253 587216
333 189 587216
336 252 587216
334 39 587216
349 345 587216
349 346 587216
349 347 587216
337 10 587216
341 178 587216
339 126 587216
340 275 587216
342 81 587216
349 348 587216
343 226 587216
347 66 587216
344 4 587216
352 270 587216
350 240 587216
351 1 587216
354 21 587216
355 32 587216
358 92 587216
356 74 587216
359 68 587216
357 206 587216
371 233 587216
360 106 587216
363 241 587216
361 233 587216
375 52 587216
362 55 587216
364 122 587216
365 246 587216
368 366 587216
368 367 587216
369 0 587216
366 2 587216
420 363 587216
370 56 587216
374 92 587216
372 106 587216
373 222 587216
376 74 587216
379 161 587216
377 185 587216
380 116 587216
378 20 587216
392 28 587216
381 133 587216
384 205 587216
382 239 587216
395 158 587216
383 40 587216
385 65 587216
386 167 587216
389 224 587216
387 268 587216
390 169 587216
388 2 587216
391 176 587216
393 1 587216
433 37 587216
396 161 587216
399 188 587216
397 252 587216
400 123 587216
398 38 587216
411 200 587216
401 120 587216
404 132 587216
402 206 587216
405 62 587216
403 16 587216
414 277 587216
406 55 587216
409 44 587216
407 136 587216
408 209 587216
473 239 587216
455 374 587216
410 184 587216
413 352 587216
412 33 587216
415 256 587216
418 226 587216
416 24 587216
419 142 587216
417 0 587216
430 17 587216
423 75 587216
421 187 587216
422 254 587216
424 10 587216
425 50 587216
427 327 587216
426 22 587216
428 234 587216
429 203 587216
432 131 587216
431 14 587216
434 0 587216
436 346 587216
435 50 587216
437 244 587216
447 368 587216
438 204 587216
441 105 587216
439 253 587216
450 333 587216
440 0 587216
442 20 587216
443 44 587216
445 285 587216
444 0 587216
446 174 587216
489 226 587216
449 448 587216
451 5 587216
454 142 587216
452 12 587216
453 47 587216
464 430 587216
458 270 587216
457 0 587216
459 56 587216
460 84 587216
462 381 587216
461 111 587216
463 253 587216
467 10 587216
465 210 587216
466 233 587216
468 274 587216
469 18 587216
481 204 587216
472 41 587216
475 145 587216
484 67 587216
474 0 587216
476 0 587216
477 16 587216
479 189 587216
480 44 587216
478 0 587216
483 216 587216
482 28 587216
485 70 587216
487 227 587216
488 74 587216
486 43 587216
497 185 587216
490 42 587216
492 36 587216
493 61 587216
495 202 587216
496 41 587216
494 26 587216
499 165 587216
498 14 587216
