998
313 312 1
361 360 1
75 74 1
345 344 1
161 160 1
461 460 1
73 72 1
191 190 1
239 238 1
297 296 1
401 400 1
71 70 1
163 162 1
69 68 1
259 258 1
261 260 1
189 188 1
389 388 1
67 66 1
427 426 1
359 358 1
241 240 1
437 436 1
65 64 1
347 346 1
471 470 1
165 164 1
299 298 1
495 494 1
63 62 1
157 156 1
197 196 1
385 384 1
87 86 1
155 154 1
317 316 1
85 84 1
363 362 1
459 458 1
235 234 1
343 342 1
83 82 1
195 194 1
263 262 1
403 402 1
187 186 1
81 80 1
295 294 1
237 236 1
79 78 1
425 424 1
193 192 1
159 158 1
387 386 1
439 438 1
473 472 1
493 492 1
315 314 1
77 76 1
393 392 1
497 496 1
397 396 1
43 42 1
41 40 1
253 252 1
303 302 1
465 464 1
39 38 1
181 180 1
355 354 1
351 350 1
173 172 1
247 246 1
37 36 1
45 44 1
35 34 1
33 32 1
31 30 1
431 430 1
307 306 1
29 28 1
433 432 1
179 178 1
27 26 1
175 174 1
251 250 1
25 24 1
23 22 1
53 52 1
61 60 1
257 256 1
399 398 1
59 58 1
463 462 1
167 166 1
311 310 1
243 242 1
57 56 1
55 54 1
185 184 1
391 390 1
357 356 1
301 300 1
293 292 1
349 348 1
169 168 1
429 428 1
255 254 1
51 50 1
435 434 1
49 48 1
245 244 1
183 182 1
469 468 1
47 46 1
309 308 1
171 170 1
137 136 1
117 116 1
221 220 1
283 282 1
411 410 1
211 210 1
275 274 1
135 134 1
115 114 1
447 446 1
371 370 1
417 416 1
453 452 1
113 112 1
223 222 1
333 332 1
209 208 1
325 324 1
285 284 1
335 334 1
111 110 1
379 378 1
273 272 1
139 138 1
109 108 1
479 478 1
487 486 1
409 408 1
225 224 1
451 450 1
483 482 1
125 124 1
279 278 1
375 374 1
217 216 1
127 126 1
215 214 1
413 412 1
123 122 1
329 328 1
331 330 1
449 448 1
129 128 1
281 280 1
207 206 1
121 120 1
415 414 1
373 372 1
219 218 1
277 276 1
213 212 1
131 130 1
119 118 1
377 376 1
481 480 1
485 484 1
133 132 1
327 326 1
151 150 1
339 338 1
443 442 1
421 420 1
97 96 1
201 200 1
149 148 1
383 382 1
457 456 1
231 230 1
95 94 1
267 266 1
291 290 1
365 364 1
93 92 1
99 98 1
319 318 1
405 404 1
199 198 1
341 340 1
91 90 1
233 232 1
475 474 1
153 152 1
491 490 1
265 264 1
89 88 1
423 422 1
441 440 1
381 380 1
369 368 1
141 140 1
107 106 1
445 444 1
287 286 1
419 418 1
271 270 1
323 322 1
337 336 1
105 104 1
143 142 1
205 204 1
455 454 1
227 226 1
499 498 1
103 102 1
145 144 1
101 100 1
407 406 1
367 366 1
203 202 1
269 268 1
289 288 1
229 228 1
477 476 1
489 488 1
321 320 1
147 146 1
395 394 1
13 12 1
305 304 1
15 14 1
177 176 1
353 352 1
11 10 1
7 6 1
5 4 1
9 8 1
1 0 1
17 16 1
21 20 1
19 18 1
3 2 1
467 466 1
249 248 1
408 407 2
406 405 2
412 411 2
410 409 2
398 397 2
396 395 2
404 403 2
400 399 2
402 401 2
426 425 2
424 423 2
430 429 2
432 431 2
428 427 2
418 417 2
414 413 2
416 415 2
422 421 2
420 419 2
368 367 2
364 363 2
366 365 2
372 371 2
374 373 2
370 369 2
356 355 2
358 357 2
354 353 2
362 361 2
360 359 2
388 387 2
386 385 2
394 393 2
390 389 2
392 391 2
378 377 2
376 375 2
384 383 2
380 379 2
382 381 2
478 477 2
476 475 2
482 481 2
480 479 2
470 469 2
468 467 2
474 473 2
472 471 2
494 493 2
492 491 2
498 497 2
496 495 2
486 485 2
484 483 2
490 489 2
488 487 2
444 443 2
442 441 2
448 447 2
446 445 2
436 435 2
434 433 2
440 439 2
438 437 2
462 461 2
460 459 2
466 465 2
464 463 2
452 451 2
454 453 2
450 449 2
458 457 2
456 455 2
204 203 2
206 205 2
198 197 2
202 201 2
200 199 2
212 211 2
216 215 2
214 213 2
208 207 2
210 209 2
184 183 2
182 181 2
186 185 2
178 177 2
180 179 2
194 193 2
196 195 2
188 187 2
192 191 2
190 189 2
238 237 2
240 239 2
234 233 2
236 235 2
246 245 2
248 247 2
242 241 2
244 243 2
222 221 2
224 223 2
218 217 2
220 219 2
230 229 2
232 231 2
226 225 2
228 227 2
102 101 2
100 99 2
106 105 2
108 107 2
104 103 2
92 91 2
90 89 2
98 97 2
94 93 2
96 95 2
120 119 2
118 117 2
124 123 2
122 121 2
112 111 2
110 109 2
116 115 2
114 113 2
50 49 2
54 53 2
52 51 2
46 45 2
48 47 2
60 59 2
62 61 2
56 55 2
58 57 2
26 25 2
24 23 2
30 29 2
28 27 2
12 11 2
14 13 2
6 5 2
4 3 2
2 1 2
10 9 2
8 7 2
20 19 2
22 21 2
16 15 2
18 17 2
40 39 2
44 43 2
42 41 2
34 33 2
32 31 2
38 37 2
36 35 2
80 79 2
82 81 2
78 77 2
86 85 2
88 87 2
84 83 2
68 67 2
64 63 2
66 65 2
74 73 2
76 75 2
70 69 2
72 71 2
162 161 2
160 159 2
164 163 2
154 153 2
158 157 2
156 155 2
172 171 2
176 175 2
174 173 2
168 167 2
166 165 2
170 169 2
134 133 2
138 137 2
136 135 2
128 127 2
126 125 2
132 131 2
130 129 2
148 147 2
152 151 2
150 149 2
142 141 2
140 139 2
146 145 2
144 143 2
322 321 2
324 323 2
320 319 2
328 327 2
330 329 2
326 325 2
310 309 2
306 305 2
308 307 2
316 315 2
318 317 2
312 311 2
314 313 2
346 345 2
342 341 2
344 343 2
352 351 2
348 347 2
350 349 2
334 333 2
332 331 2
336 335 2
340 339 2
338 337 2
270 269 2
266 265 2
268 267 2
276 275 2
278 277 2
272 271 2
274 273 2
254 253 2
256 255 2
250 249 2
252 251 2
262 261 2
264 263 2
258 257 2
260 259 2
296 295 2
298 297 2
294 293 2
304 303 2
300 299 2
302 301 2
284 283 2
280 279 2
282 281 2
290 289 2
292 291 2
286 285 2
288 287 2
244 243 2
270 269 2
52 51 2
200 199 2
158 157 2
412 411 2
484 483 2
94 93 2
442 441 2
326 325 2
262 261 2
402 401 2
414 413 2
316 315 2
30 29 2
248 247 2
274 273 2
128 127 2
6 5 2
202 201 2
204 203 2
112 111 2
480 479 2
40 39 2
100 99 2
416 415 2
330 329 2
42 41 2
118 117 2
300 299 2
212 211 2
498 497 2
88 87 2
446 445 2
14 13 2
132 131 2
410 409 2
482 481 2
4 3 2
120 119 2
96 95 2
448 447 2
336 335 2
48 47 2
418 417 2
24 23 2
190 189 2
216 215 2
54 53 2
130 129 2
396 395 2
468 467 2
198 197 2
176 175 2
444 443 2
392 391 2
2 1 2
494 493 2
66 65 2
288 287 2
250 249 2
18 17 2
398 397 2
478 477 2
280 279 2
466 465 2
320 319 2
34 33 2
350 349 2
476 475 2
362 361 2
424 423 2
258 257 2
334 333 2
184 183 2
460 459 2
368 367 2
152 151 2
470 469 2
86 85 2
284 283 2
404 403 2
324 323 2
364 363 2
268 267 2
378 377 2
264 263 2
340 339 2
124 123 2
12 11 2
170 169 2
294 293 2
342 341 2
306 305 2
496 495 2
458 457 2
98 97 2
486 485 2
138 137 2
432 431 2
292 291 2
354 353 2
218 217 2
74 73 2
390 389 2
192 191 2
68 67 2
282 281 2
318 317 2
302 301 2
430 429 2
434 433 2
356 355 2
162 161 2
76 75 2
242 241 2
240 239 2
304 303 2
46 45 2
492 491 2
116 115 2
380 379 2
146 145 2
220 219 2
62 61 2
346 345 2
298 297 2
246 245 2
126 125 2
80 79 2
214 213 2
490 489 2
28 27 2
104 103 2
168 167 2
182 181 2
296 295 2
142 141 2
56 55 2
44 43 2
454 453 2
456 455 2
344 343 2
236 235 2
166 165 2
382 381 2
148 147 2
238 237 2
372 371 2
82 81 2
72 71 2
474 473 2
92 91 2
314 313 2
70 69 2
222 221 2
172 171 2
186 185 2
352 351 2
136 135 2
84 83 2
260 259 2
370 369 2
26 25 2
438 437 2
400 399 2
408 407 2
180 179 2
226 225 2
164 163 2
272 271 2
32 31 2
228 227 2
310 309 2
290 289 2
472 471 2
276 275 2
376 375 2
122 121 2
114 113 2
348 347 2
420 419 2
140 139 2
206 205 2
436 435 2
328 327 2
374 373 2
450 449 2
230 229 2
208 207 2
266 265 2
106 105 2
312 311 2
8 7 2
358 357 2
464 463 2
440 439 2
278 277 2
150 149 2
90 89 2
194 193 2
386 385 2
224 223 2
406 405 2
462 461 2
426 425 2
332 331 2
488 487 2
286 285 2
102 101 2
232 231 2
234 233 2
58 57 2
256 255 2
174 173 2
394 393 2
22 21 2
10 9 2
160 159 2
20 19 2
144 143 2
78 77 2
388 387 2
308 307 2
108 107 2
196 195 2
360 359 2
452 451 2
16 15 2
50 49 2
428 427 2
154 153 2
60 59 2
338 337 2
254 253 2
322 321 2
64 63 2
178 177 2
188 187 2
38 37 2
422 421 2
252 251 2
384 383 2
366 365 2
134 133 2
110 109 2
210 209 2
156 155 2
36 35 2
249 248 1
467 466 1
3 2 1
19 18 1
21 20 1
17 16 1
1 0 1
33 32 1
399 398 1
257 256 1
61 60 1
53 52 1
23 22 1
25 24 1
251 250 1
175 174 1
27 26 1
179 178 1
433 432 1
29 28 1
307 306 1
431 430 1
31 30 1
59 58 1
35 34 1
45 44 1
37 36 1
247 246 1
173 172 1
351 350 1
355 354 1
181 180 1
39 38 1
465 464 1
303 302 1
253 252 1
41 40 1
43 42 1
255 254 1
411 410 1
283 282 1
221 220 1
117 116 1
137 136 1
171 170 1
309 308 1
47 46 1
469 468 1
183 182 1
245 244 1
49 48 1
435 434 1
51 50 1
397 396 1
429 428 1
169 168 1
349 348 1
293 292 1
301 300 1
357 356 1
391 390 1
185 184 1
55 54 1
57 56 1
243 242 1
311 310 1
167 166 1
463 462 1
261 260 1
157 156 1
63 62 1
495 494 1
299 298 1
165 164 1
471 470 1
347 346 1
65 64 1
437 436 1
241 240 1
359 358 1
427 426 1
67 66 1
389 388 1
189 188 1
197 196 1
259 258 1
69 68 1
163 162 1
71 70 1
401 400 1
297 296 1
239 238 1
191 190 1
73 72 1
461 460 1
161 160 1
345 344 1
75 74 1
361 360 1
81 80 1
497 496 1
393 392 1
77 76 1
315 314 1
493 492 1
473 472 1
439 438 1
387 386 1
159 158 1
193 192 1
425 424 1
79 78 1
237 236 1
295 294 1
211 210 1
187 186 1
403 402 1
263 262 1
195 194 1
83 82 1
343 342 1
235 234 1
459 458 1
363 362 1
85 84 1
317 316 1
155 154 1
87 86 1
385 384 1
475 474 1
323 322 1
271 270 1
419 418 1
287 286 1
445 444 1
107 106 1
141 140 1
369 368 1
381 380 1
441 440 1
423 422 1
89 88 1
265 264 1
491 490 1
153 152 1
337 336 1
233 232 1
91 90 1
341 340 1
199 198 1
405 404 1
319 318 1
99 98 1
93 92 1
365 364 1
291 290 1
267 266 1
95 94 1
231 230 1
457 456 1
229 228 1
9 8 1
5 4 1
7 6 1
11 10 1
353 352 1
177 176 1
15 14 1
305 304 1
13 12 1
395 394 1
147 146 1
321 320 1
489 488 1
477 476 1
383 382 1
289 288 1
269 268 1
203 202 1
367 366 1
407 406 1
101 100 1
145 144 1
103 102 1
499 498 1
227 226 1
455 454 1
205 204 1
143 142 1
105 104 1
111 110 1
217 216 1
375 374 1
279 278 1
125 124 1
483 482 1
451 450 1
225 224 1
409 408 1
487 486 1
479 478 1
109 108 1
139 138 1
273 272 1
379 378 1
127 126 1
335 334 1
285 284 1
325 324 1
209 208 1
333 332 1
223 222 1
113 112 1
453 452 1
417 416 1
371 370 1
447 446 1
115 114 1
135 134 1
275 274 1
213 212 1
149 148 1
201 200 1
97 96 1
421 420 1
443 442 1
339 338 1
151 150 1
327 326 1
133 132 1
485 484 1
481 480 1
377 376 1
119 118 1
131 130 1
277 276 1
219 218 1
373 372 1
415 414 1
121 120 1
207 206 1
281 280 1
129 128 1
449 448 1
331 330 1
329 328 1
123 122 1
413 412 1
215 214 1
313 312 1
