998
408 323 24
469 465 1311
425 318 1866
190 56 4353
440 174 4832
251 229 4977
218 204 5204
222 107 5216
463 355 5811
326 320 5829
298 38 6439
197 44 6504
239 3 7336
450 281 8302
171 141 10495
464 196 10555
409 274 10620
329 99 11687
423 160 11800
369 194 13331
488 467 14732
499 406 15194
396 143 16383
312 34 16735
459 341 18092
468 186 18205
148 103 18452
286 171 19330
421 164 19542
343 277 19545
271 41 19837
468 4 20681
395 190 20868
246 153 22140
246 90 22766
301 74 24256
393 388 25155
285 251 26363
465 79 27123
123 30 29564
439 238 31221
268 211 31274
323 58 31345
210 72 32310
291 111 32813
482 121 32919
383 245 33321
279 73 36485
265 164 36923
462 303 37583
328 296 39061
349 226 39252
487 475 42046
474 90 42275
487 360 42666
295 136 42729
280 234 44180
300 276 45640
197 20 47384
365 139 47676
202 114 48081
179 118 48538
330 297 49443
364 37 49878
137 42 50438
224 192 51349
156 110 51805
106 51 54010
449 133 56128
438 170 56816
62 9 56980
262 44 57706
465 235 58109
447 392 58114
453 83 58285
39 10 59825
402 369 59862
118 48 61188
367 3 61380
456 387 61473
243 187 61523
212 158 61716
484 126 61901
344 155 64506
450 389 64816
494 47 65097
281 147 65313
330 326 66381
226 69 66995
389 195 67484
155 15 67958
350 22 68896
378 89 69591
373 198 69862
477 0 69872
188 127 69945
344 159 70340
422 329 71329
162 53 71343
427 364 71351
166 147 73277
358 98 74261
426 210 74569
490 269 74792
196 118 74888
350 296 75707
184 79 75948
430 275 76021
469 6 76061
202 73 77919
383 187 78001
374 85 78211
497 303 78881
495 356 79566
163 62 79939
395 7 81226
452 293 82542
206 52 83225
232 214 83676
406 337 84463
149 102 84644
429 428 85456
165 104 86415
365 42 87156
204 67 88185
352 341 88382
358 337 88517
426 367 88796
403 231 89350
374 293 89737
382 191 91883
292 23 92005
431 267 92527
247 178 93634
159 16 93859
464 406 94415
34 33 94812
457 397 95300
404 68 95584
235 137 96536
398 173 96874
149 20 96878
272 245 97002
328 227 97074
276 19 97187
287 159 97758
161 47 97931
355 291 98057
302 294 98414
364 146 99091
240 129 100386
123 51 100510
467 56 100604
300 222 100677
472 360 100989
411 270 101010
385 58 101045
476 399 102270
451 77 102803
263 78 103164
400 38 104155
426 360 104217
292 149 104927
183 69 105801
445 368 105844
452 201 106242
368 138 106403
361 268 106456
496 141 107067
437 307 107309
287 64 107554
393 247 107730
335 288 108106
333 102 108778
128 55 108893
51 35 108983
418 210 109018
215 193 110326
258 235 112260
121 10 112525
374 243 113168
155 149 113406
370 1 113452
454 283 113908
280 144 114367
285 143 115828
261 39 115909
190 171 116273
399 6 118863
494 482 119860
199 168 120288
65 25 120977
493 324 121611
370 32 122565
276 242 122737
443 109 122910
168 23 124406
447 53 125586
458 408 127025
227 207 129195
384 210 129608
494 420 130048
101 81 130219
362 162 130493
316 297 131004
360 40 131118
25 12 132723
458 344 133852
428 178 136431
358 180 137008
375 363 137415
382 270 138330
363 210 138643
311 91 138804
364 81 139417
184 73 139700
153 86 140411
304 38 140775
478 318 141331
238 62 142433
458 114 142666
437 241 142666
491 71 144819
414 38 145875
296 142 146452
477 257 146646
209 14 146717
312 77 147295
384 332 147571
451 244 148485
213 10 149510
171 152 149676
164 59 150937
399 302 153108
398 73 153709
498 146 153817
409 384 154804
419 137 155375
59 56 157074
278 72 157171
230 180 158405
480 1 158588
356 170 158762
363 134 158823
404 18 160062
315 95 160176
413 224 160189
191 10 161331
488 179 161625
417 31 162961
383 130 163770
483 152 164452
175 135 164855
202 25 165761
148 116 166138
345 129 166150
250 216 167041
51 21 167868
324 255 168572
457 2 168968
281 184 168992
248 236 169219
135 92 169540
338 167 170096
495 25 170498
404 100 170503
438 428 170776
465 322 171259
367 216 171406
425 13 171715
405 357 173331
278 214 173461
481 362 174289
451 273 175435
153 43 175660
392 210 176318
407 319 178445
163 43 180139
127 91 181453
111 108 181487
416 301 182537
461 397 182855
227 145 183228
277 195 183277
316 81 183486
464 26 184218
174 145 184282
378 32 184927
367 288 185407
485 226 186285
224 34 186901
491 198 187163
433 367 191197
345 28 192418
70 19 193496
407 351 194270
483 297 194578
415 258 195272
376 11 196513
446 131 196627
437 420 197000
375 328 198413
434 66 199764
337 256 200135
381 295 202955
338 328 203516
110 25 204388
419 289 204613
488 31 204613
475 442 205682
279 251 207710
433 146 208399
469 13 208686
314 11 210180
283 21 210708
325 83 211073
319 88 211175
468 82 211192
262 47 212374
469 312 213085
357 222 214907
227 136 214961
314 210 215752
471 451 216122
436 324 216597
461 338 217990
385 234 219273
488 300 223474
112 51 223479
492 12 223685
354 90 224805
124 120 225106
489 172 226303
489 119 227103
114 103 227726
456 76 227798
473 186 228952
146 29 228987
444 297 230444
481 66 232072
334 298 232631
342 18 233454
113 105 234540
393 164 234756
379 119 237654
347 124 237994
370 323 238546
441 287 239897
81 5 242356
155 41 243031
195 105 244048
202 131 244407
462 193 245373
165 68 246328
266 260 247611
458 219 250897
342 231 251733
342 264 251872
455 439 252062
316 38 255507
253 230 257306
407 166 257342
388 249 257935
343 76 258045
451 99 259385
452 274 261513
85 61 261567
217 60 265576
237 188 266252
423 215 266468
487 340 266476
405 317 267992
345 80 271324
299 160 271789
489 305 272068
354 55 272933
455 182 274228
296 96 276686
386 109 276690
126 57 276745
468 178 279379
486 470 280705
167 135 281600
294 95 282143
416 415 282676
118 49 283957
435 282 284002
60 33 285488
454 381 286254
245 140 289257
57 29 289608
165 141 291645
388 62 293634
404 346 297430
218 108 298877
293 63 299296
383 208 300704
367 327 301033
479 155 301534
280 45 301944
274 218 302909
223 71 303956
333 177 305329
377 252 305452
266 126 306556
319 169 310046
342 336 310157
443 345 310651
437 394 310829
464 69 311017
451 410 311650
359 100 313176
386 285 315795
373 311 319207
339 112 319630
324 259 320798
425 119 324252
352 80 324685
215 110 325644
430 415 327647
213 151 330060
414 368 330165
356 347 332762
439 268 333130
371 173 335262
481 325 335763
290 155 337852
206 131 339575
423 255 343842
222 150 344277
341 284 345268
490 174 346342
412 336 346691
477 452 347392
471 188 349422
122 11 352087
181 24 352812
370 97 353310
488 17 353367
204 194 354580
384 263 354758
474 205 357246
233 88 358075
306 252 358954
361 267 364859
448 369 365369
310 77 365730
327 306 368357
366 305 368942
390 260 377893
229 203 379282
114 27 382108
348 85 383011
439 8 386243
344 157 387445
166 117 387892
198 36 393562
449 76 393981
396 282 397662
432 348 400879
87 82 404528
453 225 405061
461 391 405846
193 14 407561
125 42 410784
380 339 420459
401 169 425635
259 200 429838
346 50 441864
466 315 455993
228 46 461929
418 154 464034
433 221 468584
474 189 472554
213 212 473461
460 255 479797
321 107 480478
312 309 483212
486 176 489430
449 220 491142
196 46 498790
345 236 503707
358 132 521608
321 93 530749
445 308 531157
381 313 532991
331 212 535951
486 420 543961
254 178 557728
375 84 567300
214 75 567891
481 424 575886
304 115 578906
377 94 586018
47 24 586485
458 353 586741
372 337 610348
230 185 672176
135 54 672204
312 76 998311
353 141 998114
299 67 997745
341 23 994875
258 166 993686
478 237 993604
395 389 993262
300 117 992764
123 19 991731
302 107 991643
442 20 991513
396 187 991114
186 120 990187
488 394 990097
425 418 988519
366 65 988437
463 163 988203
443 133 987861
362 196 987185
220 213 985211
125 116 983715
222 10 983202
426 135 982069
426 202 982043
241 129 982022
187 106 981970
445 237 981707
198 161 980686
258 167 979767
375 40 979668
428 243 978766
141 12 978560
434 160 978472
229 177 978233
213 112 977834
408 44 976619
291 287 976510
158 58 976078
325 261 976076
213 200 975656
226 191 975558
488 148 975381
456 368 974938
476 164 974247
279 12 974067
275 260 973605
347 198 972506
184 21 972066
319 250 971476
399 212 971389
446 287 969481
425 208 969319
234 52 969134
129 55 968890
421 331 967946
204 138 967499
484 40 966494
252 31 964540
402 218 964102
314 62 964002
445 189 963700
372 198 963688
471 180 963051
444 345 961081
461 70 959777
404 247 956428
282 106 955272
263 52 955215
235 145 953535
371 78 953353
108 19 952855
361 159 952833
446 192 952712
385 345 952542
96 30 950657
178 156 950104
129 99 950098
439 182 950048
198 124 949805
268 235 949569
269 201 949264
203 193 949221
485 343 948202
189 161 947663
17 8 946403
395 86 946155
405 80 945968
481 233 945526
351 318 945203
333 64 944936
456 428 944267
442 420 943896
270 35 943822
465 89 943147
491 74 942983
377 330 941285
441 109 940342
162 61 939750
439 114 939325
123 51 936587
291 284 934738
394 109 934197
470 212 933927
342 326 933905
362 37 933761
260 188 933621
225 134 932971
280 209 932604
436 231 932548
289 172 931052
344 133 930692
149 78 930607
438 428 930222
56 20 929237
364 78 929169
370 340 929133
412 208 928427
424 108 927843
279 181 927777
149 46 927488
184 52 926898
424 218 926576
441 52 926324
332 105 924593
483 100 923683
496 128 922333
400 234 921998
300 145 921432
443 354 920790
321 241 920602
172 50 919864
489 317 919832
417 343 918493
427 169 918431
354 123 917044
424 337 916711
496 474 915982
490 53 913856
109 2 913581
327 16 913162
402 65 913138
367 98 912341
253 26 910826
443 345 910710
432 153 908310
187 54 908187
409 215 907140
164 95 906690
460 354 906120
304 275 906008
487 33 905698
441 19 905076
288 55 903397
325 8 902813
382 107 902434
490 469 902288
166 70 901735
394 121 901520
344 98 901491
227 133 898423
326 116 897471
175 78 897052
305 201 896314
201 134 894737
435 199 894404
315 313 893895
72 58 892655
422 194 892497
144 59 891899
492 385 891288
266 263 891094
484 208 890622
33 5 889765
373 238 889355
55 37 887883
345 155 885959
388 185 885323
454 66 881856
396 214 880623
409 311 880332
400 340 879611
450 133 879040
308 0 878804
278 136 878344
465 140 877957
283 204 877592
172 171 877162
333 8 876911
208 23 876572
33 14 876504
281 200 875458
341 227 875393
445 188 871096
336 95 870560
297 113 869642
235 188 869008
296 97 868820
268 225 868609
194 69 867999
469 146 867223
479 218 864386
450 138 863939
234 175 863903
89 20 863748
191 164 863639
484 90 863633
485 326 863552
386 191 863364
387 260 862983
315 259 862691
273 202 862481
421 233 861752
366 4 859634
484 150 859292
252 123 858360
405 100 858333
479 430 858148
446 381 857133
489 252 856773
466 178 855271
459 319 855100
268 95 854290
224 140 853889
488 299 852463
468 352 851873
419 299 850196
94 35 849248
438 147 849143
218 122 848595
167 72 848296
429 390 847646
444 440 847359
402 229 844564
37 5 844512
383 354 844115
210 67 844007
442 40 843857
343 169 843405
444 320 842996
446 64 842845
444 393 842200
281 28 840820
415 11 838643
151 60 838599
300 81 838173
172 20 837234
410 34 836247
339 269 836189
401 371 835725
471 123 835648
319 306 834998
30 4 834697
377 279 834467
432 23 833700
288 198 833463
249 124 833222
248 38 833175
221 218 832959
411 348 831551
337 0 831294
384 48 830823
453 416 830342
476 396 829064
463 94 828600
473 24 828324
147 63 827515
163 154 827294
265 96 826776
270 146 826305
80 11 825282
472 42 824904
380 243 824540
369 18 824451
352 232 823945
108 100 822733
487 254 822715
451 21 822674
331 253 821163
68 64 818456
400 188 818334
330 75 818104
385 222 818077
182 51 817672
480 344 817125
349 15 816487
472 194 812429
236 137 810086
54 38 809672
468 413 809333
357 250 807711
482 375 807077
385 83 806508
309 253 806207
427 418 806067
458 126 805708
292 103 805343
359 54 804276
422 108 803617
453 414 803196
387 205 802726
433 1 801651
242 118 801247
457 437 801005
493 388 800389
357 161 800364
186 159 799987
367 361 798148
165 132 797846
494 258 796182
231 2 796063
301 206 795975
256 28 795341
116 88 795222
247 53 794195
494 446 793895
273 203 793722
107 29 793020
372 338 792987
450 102 791387
363 274 788803
424 24 787122
203 164 786703
406 59 786492
473 119 786072
157 47 785482
438 178 784185
489 318 783306
290 109 782965
382 200 782765
436 209 781201
330 84 779874
86 32 779261
130 0 777915
226 62 776872
283 165 775463
416 61 774715
482 74 774299
264 153 773663
390 382 772819
315 121 772556
489 26 771531
137 27 771417
391 388 771335
468 12 770898
412 384 769628
473 251 769560
391 125 767375
322 99 767339
243 168 765500
406 77 765359
212 67 763681
429 103 763387
109 107 762993
322 25 762889
461 317 762016
230 148 761320
291 126 760367
408 136 759663
445 245 759060
87 71 757420
433 282 757294
365 348 756942
303 48 756179
448 298 756096
312 232 755387
254 3 754973
499 9 751912
111 39 751406
328 217 751284
229 101 746128
410 114 744179
244 34 742853
355 140 742548
421 36 742452
463 459 741468
380 43 740762
462 183 740248
335 328 736883
267 219 736595
495 124 736098
279 147 734073
249 223 732853
151 132 732709
219 200 732025
332 75 731272
398 75 730428
440 170 729230
457 449 729212
372 246 726795
195 73 726571
312 137 725912
326 66 725625
97 73 723910
392 89 723120
460 152 722858
202 9 722776
373 118 721021
240 155 720873
477 153 720491
315 272 715163
395 50 714458
329 100 710636
485 87 709893
404 111 709172
134 77 709171
291 157 708385
365 203 707569
403 369 706272
349 230 703658
496 100 703095
326 142 702697
143 20 702475
290 239 701425
376 269 701123
448 262 700279
397 98 699178
190 23 697457
455 451 696145
393 75 694697
494 91 693637
266 174 688922
179 40 683854
184 7 680714
297 286 679945
453 208 679653
41 23 676915
139 7 675656
373 123 672176
443 360 672165
346 112 670494
475 423 664143
279 199 659293
324 73 657238
285 137 656804
464 307 655295
206 123 654119
452 248 654078
368 356 650860
129 16 650466
216 52 648889
489 228 648090
136 98 646322
271 134 645792
127 119 643280
104 93 643270
370 286 640088
329 293 639381
434 82 639367
486 449 637998
379 143 637129
449 320 636077
398 207 635596
467 290 632326
427 131 631102
286 277 628343
407 35 624863
499 423 622270
195 177 617362
409 352 613173
490 298 613005
255 115 612977
363 167 612543
334 65 607615
114 85 607302
88 45 601313
426 217 594014
211 179 589816
195 110 583046
255 4 578906
241 176 573449
423 173 571565
160 85 567300
389 104 564267
449 57 561543
178 22 557915
323 317 551074
310 22 550855
223 6 548760
276 261 547098
492 403 543961
307 118 543803
383 197 534056
377 13 532928
359 257 524227
488 358 522069
109 79 508741
350 11 508390
139 92 507843
295 187 500297
423 374 486308
498 195 468991
316 22 441175
452 294 397913
190 49 389668
497 266 381535
378 130 371807
431 267 364859
447 199 285931
497 462 266468
