998
257 221 0
366 246 0
446 91 0
385 196 0
398 66 0
225 151 0
351 225 0
276 127 0
227 82 0
434 302 0
396 367 0
367 331 0
433 419 0
433 254 0
257 226 0
431 173 0
248 183 0
447 124 0
486 193 0
367 317 0
488 176 0
456 227 0
300 186 0
300 179 0
259 106 0
123 81 0
245 150 0
210 124 0
353 52 0
285 249 0
194 133 0
425 140 0
429 35 0
499 132 0
293 14 0
460 281 0
323 234 0
342 49 0
378 47 0
341 233 0
287 46 0
426 65 0
385 377 0
375 91 0
467 30 0
169 28 0
435 196 0
56 5 0
404 169 0
407 171 0
186 168 0
328 37 0
298 146 0
219 60 0
358 260 0
288 126 0
133 87 0
287 23 0
280 110 0
244 165 0
339 286 0
373 50 0
417 119 0
273 91 0
235 105 0
338 78 0
162 8 0
201 102 0
437 12 0
325 243 0
44 4 0
422 13 0
301 54 0
483 430 0
253 93 1
277 253 1
448 8 1
339 188 1
389 302 1
253 246 1
493 86 1
334 207 1
253 146 1
162 91 1
334 28 1
325 136 1
465 317 1
437 380 1
396 290 1
79 37 1
403 396 1
196 112 1
42 14 1
107 45 1
477 429 1
398 389 1
187 42 1
446 156 1
208 134 1
368 110 1
452 137 1
123 26 1
466 215 1
479 321 1
286 161 1
478 150 1
372 306 1
69 18 1
154 14 1
383 354 1
334 129 1
497 477 1
204 172 1
340 152 1
374 175 1
456 202 1
374 324 1
258 136 1
404 346 1
498 18 1
479 24 1
404 387 1
357 51 1
418 142 1
404 336 1
402 201 1
301 104 1
308 176 1
261 223 1
295 278 1
430 427 1
383 172 1
339 34 1
421 201 1
310 71 1
440 181 1
255 41 1
469 61 1
155 134 1
316 164 1
370 318 1
149 0 1
335 22 1
330 211 1
95 59 1
403 227 2
319 211 2
450 249 2
402 204 2
164 14 2
189 155 2
197 59 2
129 23 2
302 81 2
403 244 2
186 0 2
186 50 2
421 301 2
413 13 2
321 284 2
422 158 2
402 119 2
469 202 2
375 240 2
222 173 2
122 106 2
430 422 2
483 480 2
484 14 2
434 152 2
230 2 2
164 127 2
168 74 2
370 353 2
419 137 2
252 118 2
401 372 2
274 267 2
110 6 2
477 132 2
494 91 2
334 59 2
472 440 2
472 435 2
351 80 2
257 235 2
467 397 2
467 352 2
277 85 2
495 484 2
450 399 2
322 45 2
412 309 2
192 166 2
143 88 2
350 347 2
463 242 2
231 218 2
426 264 2
288 44 2
401 18 2
279 122 2
464 221 2
491 112 2
167 39 2
379 20 2
101 57 2
310 131 2
163 115 2
100 3 2
220 90 2
215 66 3
215 64 3
398 186 3
398 287 3
348 136 3
165 91 3
215 63 3
215 61 3
215 139 3
398 285 3
398 187 3
348 80 3
398 243 3
348 105 3
348 100 3
215 112 3
301 15 3
165 51 3
300 27 3
300 32 3
300 13 3
300 7 3
446 147 3
297 276 3
446 289 3
446 296 3
298 17 3
446 157 3
298 294 3
298 190 3
118 87 3
118 35 3
444 420 3
444 443 3
442 112 3
124 107 3
304 18 3
124 37 3
441 146 3
440 438 3
440 428 3
124 34 3
399 362 3
440 337 3
454 58 3
451 444 3
192 29 3
114 77 3
423 109 3
321 176 3
321 206 3
321 238 3
411 18 3
333 192 3
326 92 3
411 128 3
411 250 3
305 145 3
429 390 3
482 162 3
384 208 3
482 475 3
481 166 3
270 247 3
363 345 3
364 103 3
496 454 3
468 449 3
474 65 3
473 178 3
334 53 4
372 368 4
370 316 4
334 90 4
372 328 4
334 56 4
334 54 4
333 0 4
337 134 4
331 324 4
370 339 4
337 122 4
373 222 4
373 288 4
372 35 4
373 25 4
331 247 4
337 171 4
337 131 4
331 255 4
331 232 4
372 326 4
334 88 4
331 283 4
372 307 4
331 178 4
334 73 4
373 20 4
331 191 4
334 77 4
372 303 4
331 223 4
337 153 4
337 170 4
331 314 4
373 99 4
372 120 4
335 315 4
373 94 4
341 329 4
341 236 4
282 218 4
271 251 4
278 269 4
274 137 4
275 24 4
264 84 4
451 131 4
450 391 4
450 395 4
450 414 4
450 415 4
450 416 4
454 72 4
454 185 4
449 345 4
461 365 4
460 400 4
441 376 4
494 485 4
490 70 4
392 299 4
381 19 4
405 9 4
405 160 4
408 49 4
410 234 4
217 195 4
108 76 4
31 10 4
317 275 5
207 146 5
345 94 5
345 218 5
207 138 5
413 409 5
474 94 5
454 431 5
317 271 5
410 63 5
425 399 5
475 437 5
317 274 5
345 117 5
461 123 5
345 213 5
151 19 5
345 216 5
33 17 5
317 262 5
422 319 5
345 142 5
443 21 5
443 343 5
479 436 5
317 239 5
480 359 5
317 237 5
345 182 5
460 366 5
475 470 5
349 332 5
495 492 5
358 111 5
108 31 5
311 48 5
369 146 6
489 122 6
236 88 6
182 38 6
374 352 6
492 355 6
374 364 6
374 109 6
374 108 6
181 68 6
496 338 6
422 408 6
407 295 6
369 150 6
182 47 6
182 48 6
489 101 6
402 36 6
428 266 6
374 335 6
374 97 6
488 445 6
428 272 6
240 193 6
240 203 6
467 394 6
489 1 6
374 184 6
374 320 6
432 228 6
424 321 7
494 159 7
422 388 7
496 228 7
51 40 7
414 305 7
414 195 7
414 62 7
151 113 7
456 205 7
422 344 7
152 11 7
150 111 7
422 406 7
412 386 7
455 60 7
209 183 7
268 177 7
299 96 7
167 86 7
453 56 8
453 313 8
453 241 8
422 405 8
453 242 8
423 386 8
452 163 8
111 60 8
451 393 8
452 148 8
422 327 8
423 70 8
422 332 8
452 130 8
423 98 8
452 356 8
452 214 8
495 476 8
198 16 8
209 180 8
382 292 8
487 243 9
491 371 9
489 180 9
54 39 9
491 392 9
58 55 9
491 350 9
491 360 9
59 2 9
486 16 9
486 67 9
489 75 9
485 457 9
490 459 9
487 212 9
495 224 9
491 312 9
199 146 10
83 36 10
432 256 10
292 271 10
432 265 10
291 4 10
451 439 10
263 22 11
237 200 11
277 43 11
229 113 11
490 144 11
225 141 11
489 361 11
486 471 11
135 113 12
238 89 12
121 68 12
494 177 13
170 125 13
499 462 13
496 458 13
228 174 14
116 37 15
468 210 20
451 73 20
267 28 20
269 64 20
200 67 20
483 200 20
163 100 20
342 163 20
156 130 20
219 112 20
156 144 20
374 70 20
314 129 20
353 189 20
410 31 20
383 163 20
370 186 20
316 16 20
124 64 20
214 61 20
197 66 20
347 200 20
420 306 20
393 91 20
297 287 20
439 395 20
249 2 20
286 256 20
233 89 20
480 231 20
494 48 20
404 78 20
131 22 20
483 141 20
475 128 20
452 393 20
231 135 20
494 111 20
306 116 20
415 60 20
486 303 20
416 104 20
78 62 20
363 167 20
407 89 20
342 137 20
431 134 20
449 339 20
372 147 20
166 45 20
121 112 20
353 246 20
482 374 20
274 52 20
477 118 20
329 171 20
439 158 20
327 128 20
489 38 20
462 364 20
248 153 20
254 88 20
392 37 20
263 173 20
311 146 20
477 240 20
348 194 20
478 92 20
203 30 20
451 247 20
224 86 20
32 17 20
257 52 20
171 1 20
493 16 20
260 237 20
485 213 20
461 175 20
193 110 20
378 95 20
463 264 20
205 39 20
451 303 19
426 104 19
438 374 19
299 163 19
241 193 19
303 246 19
459 25 19
249 248 19
172 104 19
339 320 19
381 241 19
332 18 19
433 244 19
438 370 19
328 116 19
492 223 19
116 36 19
448 43 19
426 226 19
368 326 19
164 148 19
346 116 19
475 64 19
468 394 19
483 409 19
433 394 19
420 74 19
453 221 19
473 176 19
327 60 19
463 95 19
468 170 19
268 263 19
449 302 19
302 207 19
39 34 19
190 5 19
139 27 19
226 180 19
435 200 19
173 43 19
202 52 19
413 193 19
350 286 19
257 227 19
484 400 19
461 385 19
479 260 19
460 443 19
421 224 19
480 66 19
465 21 19
85 75 19
203 85 19
324 223 19
205 12 19
126 49 19
225 49 19
458 311 19
380 259 19
270 252 19
454 250 19
150 27 19
367 133 19
499 329 19
471 240 19
384 337 19
467 295 19
87 59 19
405 183 19
397 308 19
429 11 19
426 184 18
459 231 18
221 95 18
326 264 18
435 291 18
163 95 18
448 219 18
218 44 18
383 226 18
446 395 18
421 180 18
488 163 18
227 72 18
154 11 18
250 111 18
330 153 18
124 13 18
446 270 18
483 412 18
364 343 18
459 244 18
326 188 18
473 73 18
234 31 18
97 25 18
294 158 18
138 97 18
132 13 18
473 290 18
419 148 18
426 422 18
308 133 18
475 384 18
148 41 18
470 400 18
435 235 18
101 39 18
291 35 18
399 222 18
262 31 18
286 19 18
218 33 18
222 205 18
428 268 18
321 277 18
400 329 18
270 69 18
320 310 18
133 3 18
474 138 18
279 103 18
442 89 18
405 190 18
443 257 18
285 38 18
478 243 18
427 181 18
273 48 18
162 33 18
371 300 18
374 58 18
173 15 18
292 265 18
385 191 18
429 77 18
259 174 18
140 84 18
271 136 18
491 490 18
440 292 18
237 54 18
282 88 18
469 341 18
208 105 18
302 132 17
210 5 17
219 167 17
301 208 17
321 67 17
97 11 17
422 36 17
347 228 17
449 430 17
226 19 17
326 15 17
321 224 17
302 45 17
363 337 17
79 3 17
210 3 17
496 111 17
290 180 17
15 1 17
173 5 17
429 111 17
363 343 17
378 113 17
79 28 17
449 338 17
397 88 17
288 86 17
488 300 17
464 62 17
385 11 17
363 314 17
172 114 17
220 86 17
173 156 17
274 240 17
301 149 17
485 111 17
437 273 17
363 351 17
419 17 17
445 228 17
401 67 17
414 248 17
422 386 17
359 62 17
294 26 17
453 440 17
450 148 17
274 117 17
395 369 17
307 105 17
354 62 17
300 199 17
330 143 17
159 42 17
297 185 17
455 291 17
352 155 17
259 204 17
466 98 17
313 232 17
218 146 17
336 98 17
383 125 17
472 271 17
315 255 17
245 83 17
289 10 17
382 71 17
202 48 16
283 206 16
100 38 16
117 109 16
338 279 16
370 327 16
128 8 16
407 303 16
218 68 16
222 28 16
189 122 16
492 60 16
315 142 16
222 29 16
250 9 16
245 190 16
427 182 16
341 19 16
407 41 16
91 60 16
338 259 16
315 175 16
102 101 16
407 119 16
407 23 16
104 21 16
368 349 16
245 241 16
316 233 16
403 321 16
91 37 16
407 390 16
338 335 16
399 206 16
407 402 16
311 87 16
221 201 16
407 325 16
399 238 16
431 21 16
463 71 16
369 214 16
338 275 16
423 166 16
245 182 16
245 196 16
87 69 16
403 379 16
218 49 16
446 355 16
92 65 16
489 476 16
407 387 16
478 311 16
289 262 16
476 432 16
436 61 16
476 434 16
481 364 16
280 214 16
20 0 16
466 76 16
372 84 16
187 57 16
333 258 16
275 229 16
348 296 16
377 63 16
418 194 16
457 425 16
345 230 16
429 369 15
338 4 15
342 237 15
233 149 15
109 22 15
421 31 15
142 93 15
233 153 15
108 95 15
415 298 15
341 179 15
306 24 15
451 78 15
492 425 15
238 20 15
342 157 15
315 123 15
342 161 15
456 233 15
495 203 15
245 169 15
403 266 15
101 18 15
315 127 15
341 261 15
454 391 15
258 236 15
299 242 15
299 212 15
312 310 15
299 209 15
424 371 15
406 347 15
236 145 15
344 313 15
159 66 14
105 85 14
147 102 14
348 184 14
415 297 14
413 336 14
361 181 14
490 288 14
267 80 14
208 115 14
375 104 14
247 56 14
321 318 14
418 331 14
247 63 14
139 22 14
424 408 14
408 358 14
107 55 14
360 107 14
487 253 14
367 155 13
305 75 13
94 44 13
195 75 13
352 230 13
373 44 13
448 6 13
307 90 13
350 322 13
310 99 13
491 46 13
280 14 13
398 83 13
476 365 13
312 253 13
455 281 13
388 361 13
313 187 13
310 177 13
362 284 13
269 258 12
380 313 12
317 112 12
295 236 12
374 178 12
189 96 12
473 251 12
98 40 12
441 233 12
470 396 12
495 447 12
160 53 12
284 175 11
244 151 11
136 88 11
233 47 11
491 340 11
233 55 11
244 152 11
422 356 11
82 26 11
370 304 11
428 293 11
392 376 11
222 216 11
170 51 11
417 365 11
272 228 11
389 26 11
439 411 11
498 323 11
334 197 10
59 50 10
290 165 10
366 83 10
333 106 10
292 239 10
451 444 10
367 192 10
225 217 9
346 53 9
410 198 9
357 264 8
437 309 8
321 276 8
497 409 8
400 120 7
470 278 7
496 323 7
81 68 7
402 168 7
284 215 6
460 319 6
106 7 5
330 211 2
