998
450 320 0
245 104 0
450 327 0
332 27 0
245 107 0
245 108 0
332 26 0
450 324 0
332 25 0
245 113 0
450 321 0
245 102 0
450 319 0
245 117 0
332 23 0
245 119 0
245 120 0
450 317 0
245 122 0
245 123 0
332 22 0
245 91 0
245 80 0
245 81 0
450 335 0
245 84 0
245 85 0
332 31 0
245 87 0
245 88 0
450 332 0
450 315 0
245 92 0
245 93 0
245 94 0
450 330 0
245 96 0
245 97 0
245 99 0
245 100 0
245 101 0
450 297 0
245 149 0
245 150 0
450 301 0
245 152 0
245 153 0
245 154 0
245 155 0
450 300 0
450 298 0
245 148 0
245 159 0
245 160 0
245 161 0
245 162 0
245 164 0
245 165 0
245 166 0
245 167 0
245 168 0
245 137 0
245 126 0
450 314 0
450 313 0
245 130 0
332 19 0
450 309 0
450 308 0
245 135 0
245 136 0
245 79 0
245 138 0
245 139 0
450 307 0
450 306 0
450 305 0
245 143 0
245 144 0
450 304 0
245 147 0
450 365 0
450 371 0
450 370 0
245 14 0
245 15 0
245 16 0
450 368 0
450 367 0
245 19 0
450 366 0
245 9 0
450 364 0
450 363 0
450 362 0
332 48 0
244 242 0
450 381 0
332 53 0
244 235 0
450 379 0
244 237 0
244 238 0
244 239 0
450 378 0
450 377 0
244 243 0
245 0 0
245 1 0
450 376 0
245 3 0
332 52 0
245 5 0
450 373 0
245 8 0
332 38 0
245 54 0
245 55 0
245 56 0
245 57 0
245 59 0
245 60 0
245 61 0
245 63 0
245 65 0
450 344 0
245 68 0
245 69 0
245 70 0
245 71 0
332 36 0
450 340 0
450 339 0
332 33 0
245 42 0
450 359 0
332 46 0
450 357 0
450 356 0
332 45 0
450 354 0
245 169 0
245 43 0
450 353 0
450 349 0
450 181 0
450 179 0
450 177 0
450 173 0
450 172 0
450 170 0
450 183 0
450 207 0
450 228 0
450 225 0
450 223 0
450 221 0
450 219 0
450 218 0
450 216 0
450 212 0
450 209 0
450 206 0
450 205 0
450 197 0
450 195 0
450 194 0
450 192 0
450 188 0
450 187 0
450 185 0
246 109 0
450 232 0
246 116 0
450 276 0
450 284 0
450 281 0
450 280 0
450 278 0
450 277 0
450 285 0
450 275 0
450 273 0
450 272 0
450 295 0
450 293 0
450 291 0
450 290 0
450 287 0
450 286 0
450 251 0
245 238 0
450 254 0
450 253 0
450 252 0
450 267 0
450 265 0
450 263 0
450 261 0
450 260 0
450 258 0
450 257 0
450 256 0
450 416 0
450 420 0
450 418 0
450 417 0
450 415 0
450 414 0
450 424 0
450 425 0
450 410 0
450 423 0
450 422 0
450 389 0
450 395 0
450 392 0
450 390 0
450 396 0
450 388 0
450 387 0
450 386 0
450 403 0
450 407 0
450 406 0
450 404 0
450 399 0
450 398 0
450 397 0
450 440 0
450 439 0
450 436 0
450 435 0
450 433 0
450 441 0
450 431 0
450 428 0
450 449 0
450 448 0
450 445 0
450 444 0
450 443 0
450 442 0
249 73 0
453 84 0
452 440 0
451 336 0
240 50 0
333 316 0
240 184 0
240 227 0
408 343 0
408 380 0
329 222 0
329 303 0
447 66 0
447 133 0
329 200 0
329 214 0
329 190 0
329 189 0
447 271 0
447 408 0
446 268 0
328 246 0
446 110 0
255 145 0
446 58 0
446 41 0
446 37 0
446 13 0
446 12 0
255 215 0
446 7 0
446 114 0
255 224 0
446 230 0
446 174 0
446 402 0
446 394 0
446 372 0
446 351 0
462 13 0
217 21 0
462 454 0
460 423 0
460 457 0
460 459 0
460 456 0
460 455 0
467 258 0
463 437 0
229 44 0
400 163 0
401 151 0
427 129 0
292 227 0
411 361 0
438 208 0
274 204 0
412 229 0
412 282 0
266 51 0
432 213 0
434 196 0
487 65 0
486 397 0
486 475 0
486 483 0
486 482 0
486 478 0
486 477 0
486 474 0
486 473 0
486 472 0
486 471 0
486 470 0
486 469 0
486 468 0
488 13 0
485 325 0
485 352 0
489 257 0
490 110 0
124 35 0
118 115 0
385 64 0
385 176 0
385 171 0
383 347 0
480 190 0
383 28 0
383 78 0
382 121 0
382 146 0
142 39 0
142 4 0
383 202 0
369 246 0
495 428 0
495 493 0
495 492 0
495 491 0
497 26 0
375 145 0
62 20 0
98 74 0
350 203 0
391 83 0
404 105 1
417 83 1
417 118 1
397 10 1
417 116 1
391 112 1
396 394 1
377 66 1
391 98 1
385 272 1
405 283 1
377 67 1
397 2 1
417 95 1
397 4 1
397 6 1
417 111 1
417 90 1
417 89 1
417 86 1
409 364 1
417 32 1
417 24 1
397 40 1
385 269 1
417 28 1
417 29 1
417 30 1
382 42 1
417 34 1
417 35 1
397 49 1
377 72 1
397 47 1
417 11 1
397 44 1
417 17 1
417 18 1
405 282 1
417 20 1
417 21 1
417 73 1
417 75 1
417 76 1
417 77 1
417 50 1
417 51 1
417 82 1
385 270 1
396 329 1
396 333 1
417 231 1
417 233 1
417 234 1
417 236 1
417 241 1
396 326 1
396 325 1
385 279 1
417 208 1
396 341 1
417 210 1
417 211 1
417 213 1
417 215 1
417 247 1
396 338 1
396 337 1
417 220 1
396 336 1
396 334 1
417 226 1
396 311 1
396 310 1
417 274 1
417 288 1
417 248 1
396 323 1
396 322 1
396 318 1
396 342 1
417 262 1
417 264 1
396 312 1
396 374 1
417 151 1
417 156 1
417 157 1
417 158 1
417 132 1
417 125 1
417 128 1
417 131 1
417 134 1
417 141 1
396 345 1
396 350 1
417 191 1
396 348 1
396 346 1
417 196 1
417 186 1
417 198 1
417 199 1
417 201 1
396 361 1
396 360 1
396 358 1
396 355 1
417 178 1
417 180 1
397 296 1
397 294 1
397 289 1
416 413 1
477 476 1
477 466 1
477 464 1
477 463 1
477 461 1
477 429 1
477 458 1
477 430 1
477 426 1
477 421 1
479 68 1
481 211 1
465 259 1
494 480 1
494 484 1
496 131 1
499 11 1
498 464 1
103 68 2
331 101 2
384 291 2
428 400 2
428 393 2
406 127 2
383 259 2
324 302 2
324 299 2
293 193 2
331 106 2
491 419 2
279 250 2
200 140 2
212 175 2
384 182 2
348 129 3
477 95 3
477 112 3
477 132 3
341 230 3
477 128 3
477 125 3
477 124 3
477 121 3
477 118 3
341 219 3
477 114 3
477 35 3
477 111 3
477 109 3
477 105 3
477 98 3
477 37 3
477 86 3
477 83 3
476 472 3
476 471 3
476 470 3
476 468 3
476 467 3
476 466 3
476 464 3
476 463 3
476 473 3
476 459 3
476 458 3
476 456 3
476 454 3
477 75 3
341 231 3
341 220 3
476 450 3
476 390 3
476 389 3
476 388 3
476 387 3
341 221 3
476 385 3
476 383 3
476 382 3
341 222 3
477 62 3
477 77 3
477 76 3
476 453 3
477 74 3
477 73 3
477 72 3
341 224 3
477 66 3
341 225 3
477 82 3
341 227 3
477 50 3
477 49 3
477 47 3
477 44 3
341 228 3
477 40 3
477 39 3
340 203 3
340 39 3
340 204 3
340 213 3
340 214 3
340 215 3
340 217 3
340 220 3
340 236 3
340 240 3
340 241 3
340 141 3
477 34 3
477 32 3
477 21 3
477 20 3
477 18 3
477 12 3
477 11 3
477 7 3
477 6 3
477 4 3
477 2 3
476 475 3
476 474 3
476 395 3
340 133 3
477 437 3
477 401 3
477 360 3
477 355 3
477 351 3
477 350 3
477 348 3
477 347 3
477 346 3
477 345 3
477 429 3
477 458 3
477 447 3
477 446 3
477 372 3
477 434 3
477 430 3
477 426 3
477 421 3
477 413 3
477 412 3
477 411 3
477 409 3
477 408 3
341 239 3
477 402 3
476 425 3
341 166 3
341 199 3
341 201 3
341 202 3
341 206 3
341 157 3
341 158 3
341 159 3
341 160 3
341 164 3
341 167 3
341 168 3
341 173 3
341 174 3
341 176 3
341 177 3
341 178 3
341 179 3
341 180 3
477 380 3
477 375 3
477 374 3
476 368 3
476 433 3
341 253 3
476 431 3
341 254 3
476 379 3
476 376 3
476 373 3
341 209 3
476 435 3
476 365 3
476 362 3
341 216 3
476 403 3
476 399 3
476 398 3
476 397 3
341 218 3
476 406 3
476 423 3
341 207 3
476 420 3
476 418 3
476 417 3
476 416 3
476 428 3
341 243 3
476 407 3
340 145 3
341 245 3
476 439 3
341 247 3
476 445 3
476 444 3
476 443 3
476 442 3
476 440 3
476 404 3
341 251 3
341 252 3
475 323 3
341 139 3
475 325 3
475 338 3
475 336 3
475 334 3
475 333 3
475 329 3
341 143 3
475 326 3
341 138 3
475 316 3
475 312 3
475 311 3
475 310 3
475 303 3
341 146 3
341 147 3
341 148 3
475 343 3
475 292 3
475 289 3
475 288 3
475 282 3
475 279 3
341 79 3
475 271 3
475 270 3
341 80 3
341 69 3
475 266 3
341 137 3
341 119 3
341 120 3
341 117 3
341 123 3
341 126 3
474 191 3
474 190 3
474 186 3
474 184 3
341 107 3
341 151 3
341 155 3
341 144 3
341 108 3
341 113 3
341 94 3
341 91 3
341 93 3
341 99 3
341 100 3
341 87 3
341 70 3
341 71 3
341 101 3
341 102 3
341 104 3
341 92 3
341 192 3
341 59 3
409 273 3
401 14 3
336 300 3
336 301 3
336 305 3
336 308 3
336 313 3
336 317 3
336 321 3
401 26 3
401 19 3
401 22 3
337 110 3
401 27 3
401 25 3
336 324 3
336 330 3
401 8 3
336 332 3
338 1 3
338 3 3
401 31 3
338 0 3
401 188 3
408 349 3
338 285 3
338 286 3
338 287 3
338 276 3
338 284 3
338 275 3
338 278 3
338 280 3
408 357 3
408 353 3
401 185 3
408 356 3
341 260 3
341 261 3
401 130 3
341 263 3
341 265 3
341 267 3
401 54 3
401 53 3
401 48 3
401 45 3
341 290 3
401 46 3
341 293 3
341 295 3
341 256 3
341 257 3
341 258 3
337 211 3
401 57 3
401 56 3
401 55 3
401 38 3
401 33 3
481 74 3
482 118 3
480 476 3
381 211 3
405 171 3
496 141 3
495 202 3
495 484 3
492 408 3
495 488 3
495 490 3
495 485 3
498 362 3
499 373 3
497 2 3
499 491 3
499 489 3
499 487 3
499 486 3
156 28 3
465 259 3
156 134 3
469 366 3
170 149 3
361 152 3
386 268 3
234 90 3
223 189 3
451 318 3
451 314 3
451 149 3
451 208 3
451 244 3
135 41 3
248 36 3
262 85 3
274 78 3
274 210 3
438 381 3
438 432 3
81 24 3
84 24 3
24 23 3
455 24 3
424 210 3
424 322 3
175 19 3
310 182 3
174 106 3
340 259 3
174 163 3
454 103 3
398 250 3
340 299 3
473 419 3
477 127 3
419 393 3
400 58 3
415 5 3
291 10 3
363 187 3
364 327 3
363 5 3
363 237 3
298 193 3
427 129 3
298 43 3
297 223 3
415 371 3
318 302 3
235 16 3
447 129 3
294 65 3
391 384 3
452 205 3
352 17 3
161 61 3
306 89 3
41 14 2
44 30 2
44 36 2
302 151 2
237 106 2
342 106 2
42 35 2
307 193 2
453 400 2
306 299 2
245 211 2
34 24 2
352 215 2
17 9 2
245 226 2
245 198 2
420 384 2
302 150 2
304 175 2
238 103 2
307 182 2
398 140 2
171 103 2
17 10 2
245 210 2
42 28 2
452 419 2
478 331 2
302 122 2
478 259 2
245 131 2
247 242 2
42 29 2
394 103 2
302 154 2
244 116 2
302 152 2
245 196 2
245 200 2
169 163 2
245 142 2
245 90 2
245 51 2
302 165 2
172 163 2
244 67 2
246 209 2
244 233 2
232 106 2
302 161 2
244 189 2
244 64 2
441 182 2
269 224 2
494 259 2
269 268 2
269 264 2
272 250 2
460 193 2
269 262 2
328 103 2
269 183 2
414 259 2
493 302 2
269 255 2
269 181 2
269 195 2
269 194 2
88 58 2
461 193 2
270 212 2
270 52 2
270 60 2
270 97 2
270 96 2
90 63 2
90 65 2
270 68 2
269 197 2
422 408 2
479 259 2
396 140 2
296 175 2
315 140 2
419 359 2
419 358 2
419 354 2
419 367 2
419 366 2
419 364 2
419 378 2
419 377 2
339 302 2
419 344 2
400 283 2
419 320 2
419 319 2
457 393 2
449 384 2
462 299 2
436 193 2
410 13 2
229 122 1
335 52 1
235 217 1
277 28 1
229 115 1
453 309 1
297 153 1
229 136 1
229 162 1
425 370 1
454 13 1
215 15 1
249 20 1
339 281 1
448 25 1
397 392 1
483 13 1
369 116 0
