998
326 325 179711
196 195 179711
456 455 179711
306 305 179711
191 190 179711
36 35 179711
186 185 179711
311 310 179711
181 180 179711
461 460 179711
316 315 179711
176 175 179711
416 415 179711
321 320 179711
171 170 179711
166 165 179711
421 420 179711
466 465 179711
161 160 179711
156 155 179711
151 150 179711
331 330 179711
146 145 179711
471 470 179711
336 335 179711
141 140 179711
136 135 179711
11 10 179711
26 25 179711
341 340 179711
131 130 179711
281 280 179711
261 260 179711
266 265 179711
431 430 179711
256 255 179711
436 435 179711
271 270 179711
251 250 179711
31 30 179711
246 245 179711
276 275 179711
241 240 179711
441 440 179711
236 235 179711
16 15 179711
411 410 179711
231 230 179711
286 285 179711
226 225 179711
426 425 179711
446 445 179711
221 220 179711
291 290 179711
216 215 179711
211 210 179711
296 295 179711
451 450 179711
206 205 179711
301 300 179711
201 200 179711
76 75 179711
101 100 179711
486 485 179711
361 360 179711
96 95 179711
41 40 179711
91 90 179711
366 365 179711
21 20 179711
86 85 179711
491 490 179711
81 80 179711
371 370 179711
396 395 179711
406 405 179711
376 375 179711
6 5 179711
71 70 179711
381 380 179711
496 495 179711
66 65 179711
61 60 179711
386 385 179711
391 390 179711
56 55 179711
1 0 179711
51 50 179711
46 45 179711
476 475 179711
121 120 179711
111 110 179711
346 345 179711
351 350 179711
126 125 179711
481 480 179711
356 355 179711
106 105 179711
401 400 179711
116 115 179711
377 376 245155
347 346 245155
282 281 245155
332 331 245155
277 276 245155
382 381 245155
337 336 245155
272 271 245155
342 341 245155
387 386 245155
267 266 245155
22 21 245155
262 261 245155
327 326 245155
317 316 245155
322 321 245155
357 356 245155
312 311 245155
352 351 245155
307 306 245155
362 361 245155
302 301 245155
27 26 245155
367 366 245155
297 296 245155
292 291 245155
372 371 245155
287 286 245155
97 96 245155
102 101 245155
107 106 245155
112 111 245155
117 116 245155
122 121 245155
127 126 245155
132 131 245155
137 136 245155
142 141 245155
147 146 245155
152 151 245155
72 71 245155
47 46 245155
52 51 245155
57 56 245155
62 61 245155
67 66 245155
42 41 245155
77 76 245155
82 81 245155
87 86 245155
92 91 245155
237 236 245155
212 211 245155
217 216 245155
222 221 245155
227 226 245155
232 231 245155
207 206 245155
242 241 245155
247 246 245155
252 251 245155
32 31 245155
257 256 245155
157 156 245155
162 161 245155
167 166 245155
37 36 245155
172 171 245155
177 176 245155
182 181 245155
187 186 245155
192 191 245155
197 196 245155
202 201 245155
422 421 245155
427 426 245155
12 11 245155
492 491 245155
7 6 245155
447 446 245155
397 396 245155
457 456 245155
442 441 245155
472 471 245155
417 416 245155
407 406 245155
487 486 245155
392 391 245155
2 1 245155
452 451 245155
432 431 245155
477 476 245155
412 411 245155
467 466 245155
482 481 245155
402 401 245155
17 16 245155
462 461 245155
497 496 245155
437 436 245155
203 202 573180
198 197 573180
453 452 573180
268 267 573180
13 12 573180
463 462 573180
173 172 573180
178 177 573180
193 192 573180
183 182 573180
458 457 573180
188 187 573180
253 252 573180
243 242 573180
438 437 573180
248 247 573180
33 32 573180
258 257 573180
433 432 573180
263 262 573180
223 222 573180
208 207 573180
213 212 573180
448 447 573180
218 217 573180
228 227 573180
443 442 573180
233 232 573180
238 237 573180
73 72 573180
78 77 573180
83 82 573180
88 87 573180
8 7 573180
488 487 573180
93 92 573180
98 97 573180
103 102 573180
48 47 573180
3 2 573180
53 52 573180
43 42 573180
498 497 573180
483 482 573180
58 57 573180
63 62 573180
68 67 573180
493 492 573180
138 137 573180
143 142 573180
148 147 573180
153 152 573180
38 37 573180
468 467 573180
158 157 573180
163 162 573180
108 107 573180
113 112 573180
118 117 573180
478 477 573180
168 167 573180
123 122 573180
128 127 573180
133 132 573180
473 472 573180
373 372 573180
318 317 573180
368 367 573180
298 297 573180
413 412 573180
348 347 573180
323 322 573180
403 402 573180
293 292 573180
423 422 573180
288 287 573180
393 392 573180
23 22 573180
398 397 573180
358 357 573180
313 312 573180
28 27 573180
308 307 573180
418 417 573180
353 352 573180
363 362 573180
303 302 573180
18 17 573180
343 342 573180
408 407 573180
273 272 573180
383 382 573180
278 277 573180
333 332 573180
283 282 573180
378 377 573180
338 337 573180
388 387 573180
428 427 573180
328 327 573180
354 353 623453
479 478 623453
404 403 623453
339 338 623453
399 398 623453
104 103 623453
109 108 623453
139 138 623453
474 473 623453
129 128 623453
124 123 623453
344 343 623453
114 113 623453
134 133 623453
349 348 623453
119 118 623453
59 58 623453
64 63 623453
494 493 623453
379 378 623453
69 68 623453
374 373 623453
389 388 623453
44 43 623453
499 498 623453
49 48 623453
384 383 623453
54 53 623453
359 358 623453
89 88 623453
94 93 623453
99 98 623453
484 483 623453
79 78 623453
74 73 623453
394 393 623453
369 368 623453
489 488 623453
84 83 623453
364 363 623453
224 223 623453
294 293 623453
229 228 623453
234 233 623453
289 288 623453
439 438 623453
449 448 623453
209 208 623453
214 213 623453
419 418 623453
299 298 623453
219 218 623453
444 443 623453
254 253 623453
259 258 623453
274 273 623453
264 263 623453
429 428 623453
269 268 623453
239 238 623453
424 423 623453
284 283 623453
244 243 623453
249 248 623453
279 278 623453
434 433 623453
409 408 623453
159 158 623453
464 463 623453
324 323 623453
164 163 623453
169 168 623453
319 318 623453
144 143 623453
469 468 623453
334 333 623453
149 148 623453
154 153 623453
329 328 623453
189 188 623453
454 453 623453
309 308 623453
194 193 623453
199 198 623453
204 203 623453
304 303 623453
174 173 623453
179 178 623453
459 458 623453
414 413 623453
184 183 623453
314 313 623453
19 18 623453
39 38 623453
9 8 623453
34 33 623453
29 28 623453
24 23 623453
14 13 623453
4 3 623453
20 19 706004
405 404 706004
410 409 706004
400 399 706004
425 424 706004
430 429 706004
415 414 706004
420 419 706004
370 369 706004
365 364 706004
375 374 706004
355 354 706004
360 359 706004
390 389 706004
395 394 706004
380 379 706004
385 384 706004
10 9 706004
480 479 706004
470 469 706004
475 474 706004
495 494 706004
5 4 706004
485 484 706004
490 489 706004
445 444 706004
15 14 706004
450 449 706004
435 434 706004
440 439 706004
460 459 706004
465 464 706004
455 454 706004
35 34 706004
210 209 706004
205 204 706004
215 214 706004
190 189 706004
185 184 706004
200 199 706004
195 194 706004
240 239 706004
250 249 706004
245 244 706004
225 224 706004
220 219 706004
235 234 706004
230 229 706004
110 109 706004
40 39 706004
115 114 706004
100 99 706004
105 104 706004
125 124 706004
130 129 706004
120 119 706004
65 64 706004
75 74 706004
70 69 706004
50 49 706004
45 44 706004
60 59 706004
55 54 706004
90 89 706004
95 94 706004
80 79 706004
85 84 706004
165 164 706004
160 159 706004
180 179 706004
170 169 706004
175 174 706004
140 139 706004
145 144 706004
135 134 706004
155 154 706004
150 149 706004
325 324 706004
320 319 706004
330 329 706004
310 309 706004
315 314 706004
345 344 706004
25 24 706004
350 349 706004
335 334 706004
340 339 706004
270 269 706004
280 279 706004
275 274 706004
255 254 706004
265 264 706004
260 259 706004
300 299 706004
295 294 706004
305 304 706004
285 284 706004
30 29 706004
290 289 706004
50 49 706004
345 344 706004
260 259 706004
195 194 706004
125 124 706004
210 209 706004
70 69 706004
330 329 706004
470 469 706004
35 34 706004
130 129 706004
280 279 706004
315 314 706004
95 94 706004
235 234 706004
105 104 706004
310 309 706004
475 474 706004
305 304 706004
15 14 706004
455 454 706004
375 374 706004
295 294 706004
265 264 706004
490 489 706004
425 424 706004
225 224 706004
340 339 706004
435 434 706004
495 494 706004
420 419 706004
355 354 706004
90 89 706004
75 74 706004
240 239 706004
245 244 706004
460 459 706004
215 214 706004
45 44 706004
205 204 706004
10 9 706004
390 389 706004
335 334 706004
155 154 706004
80 79 706004
380 379 706004
230 229 706004
430 429 706004
445 444 706004
450 449 706004
100 99 706004
385 384 706004
115 114 706004
320 319 706004
180 179 706004
485 484 706004
185 184 706004
400 399 706004
415 414 706004
40 39 706004
150 149 706004
290 289 706004
255 254 706004
25 24 706004
165 164 706004
140 139 706004
370 369 706004
410 409 706004
285 284 706004
405 404 706004
365 364 706004
160 159 706004
300 299 706004
275 274 706004
465 464 706004
395 394 706004
480 479 706004
135 134 706004
170 169 706004
20 19 706004
120 119 706004
175 174 706004
65 64 706004
250 249 706004
110 109 706004
5 4 706004
220 219 706004
60 59 706004
85 84 706004
200 199 706004
350 349 706004
55 54 706004
440 439 706004
270 269 706004
360 359 706004
30 29 706004
325 324 706004
190 189 706004
145 144 706004
189 188 623453
324 323 623453
204 203 623453
394 393 623453
454 453 623453
79 78 623453
199 198 623453
149 148 623453
154 153 623453
309 308 623453
74 73 623453
174 173 623453
329 328 623453
194 193 623453
369 368 623453
304 303 623453
354 353 623453
489 488 623453
264 263 623453
244 243 623453
449 448 623453
284 283 623453
424 423 623453
239 238 623453
209 208 623453
269 268 623453
429 428 623453
439 438 623453
214 213 623453
419 418 623453
299 298 623453
274 273 623453
259 258 623453
219 218 623453
444 443 623453
254 253 623453
469 468 623453
84 83 623453
144 143 623453
364 363 623453
319 318 623453
169 168 623453
224 223 623453
164 163 623453
334 333 623453
464 463 623453
159 158 623453
294 293 623453
229 228 623453
409 408 623453
234 233 623453
434 433 623453
289 288 623453
279 278 623453
249 248 623453
349 348 623453
134 133 623453
114 113 623453
359 358 623453
4 3 623453
389 388 623453
14 13 623453
24 23 623453
344 343 623453
124 123 623453
44 43 623453
499 498 623453
59 58 623453
64 63 623453
494 493 623453
379 378 623453
89 88 623453
119 118 623453
69 68 623453
374 373 623453
94 93 623453
479 478 623453
109 108 623453
414 413 623453
339 338 623453
9 8 623453
404 403 623453
39 38 623453
19 18 623453
104 103 623453
49 48 623453
184 183 623453
314 313 623453
384 383 623453
399 398 623453
99 98 623453
29 28 623453
129 128 623453
179 178 623453
474 473 623453
459 458 623453
484 483 623453
34 33 623453
139 138 623453
54 53 623453
133 132 573180
318 317 573180
128 127 573180
63 62 573180
138 137 573180
373 372 573180
298 297 573180
473 472 573180
493 492 573180
68 67 573180
368 367 573180
148 147 573180
468 467 573180
158 157 573180
38 37 573180
163 162 573180
153 152 573180
108 107 573180
113 112 573180
118 117 573180
478 477 573180
168 167 573180
123 122 573180
143 142 573180
333 332 573180
278 277 573180
383 382 573180
273 272 573180
283 282 573180
408 407 573180
343 342 573180
18 17 573180
433 432 573180
328 327 573180
428 427 573180
388 387 573180
338 337 573180
378 377 573180
293 292 573180
398 397 573180
23 22 573180
393 392 573180
288 287 573180
423 422 573180
403 402 573180
323 322 573180
348 347 573180
413 412 573180
303 302 573180
363 362 573180
353 352 573180
418 417 573180
308 307 573180
28 27 573180
313 312 573180
358 357 573180
453 452 573180
198 197 573180
203 202 573180
58 57 573180
98 97 573180
258 257 573180
268 267 573180
33 32 573180
248 247 573180
93 92 573180
438 437 573180
243 242 573180
103 102 573180
48 47 573180
83 82 573180
208 207 573180
223 222 573180
73 72 573180
78 77 573180
263 262 573180
213 212 573180
88 87 573180
8 7 573180
488 487 573180
448 447 573180
238 237 573180
483 482 573180
53 52 573180
233 232 573180
183 182 573180
193 192 573180
178 177 573180
228 227 573180
498 497 573180
43 42 573180
443 442 573180
173 172 573180
463 462 573180
13 12 573180
458 457 573180
218 217 573180
253 252 573180
3 2 573180
188 187 573180
422 421 245155
427 426 245155
12 11 245155
492 491 245155
7 6 245155
447 446 245155
202 201 245155
397 396 245155
457 456 245155
442 441 245155
472 471 245155
417 416 245155
407 406 245155
487 486 245155
247 246 245155
252 251 245155
32 31 245155
257 256 245155
157 156 245155
162 161 245155
167 166 245155
37 36 245155
172 171 245155
177 176 245155
182 181 245155
187 186 245155
192 191 245155
197 196 245155
392 391 245155
2 1 245155
452 451 245155
432 431 245155
477 476 245155
412 411 245155
467 466 245155
482 481 245155
402 401 245155
242 241 245155
17 16 245155
462 461 245155
497 496 245155
437 436 245155
377 376 245155
312 311 245155
352 351 245155
307 306 245155
362 361 245155
302 301 245155
27 26 245155
367 366 245155
357 356 245155
297 296 245155
292 291 245155
372 371 245155
287 286 245155
97 96 245155
102 101 245155
107 106 245155
22 21 245155
277 276 245155
382 381 245155
337 336 245155
272 271 245155
342 341 245155
387 386 245155
267 266 245155
332 331 245155
262 261 245155
327 326 245155
282 281 245155
317 316 245155
347 346 245155
322 321 245155
92 91 245155
62 61 245155
67 66 245155
42 41 245155
77 76 245155
82 81 245155
87 86 245155
57 56 245155
237 236 245155
212 211 245155
217 216 245155
222 221 245155
227 226 245155
232 231 245155
207 206 245155
142 141 245155
112 111 245155
117 116 245155
122 121 245155
127 126 245155
132 131 245155
137 136 245155
147 146 245155
152 151 245155
72 71 245155
47 46 245155
52 51 245155
406 405 179711
121 120 179711
476 475 179711
46 45 179711
51 50 179711
1 0 179711
56 55 179711
391 390 179711
386 385 179711
61 60 179711
66 65 179711
496 495 179711
381 380 179711
71 70 179711
6 5 179711
376 375 179711
111 110 179711
396 395 179711
371 370 179711
81 80 179711
491 490 179711
86 85 179711
21 20 179711
366 365 179711
91 90 179711
41 40 179711
96 95 179711
361 360 179711
486 485 179711
101 100 179711
76 75 179711
201 200 179711
116 115 179711
401 400 179711
106 105 179711
356 355 179711
481 480 179711
126 125 179711
351 350 179711
346 345 179711
166 165 179711
341 340 179711
26 25 179711
11 10 179711
136 135 179711
141 140 179711
336 335 179711
471 470 179711
146 145 179711
331 330 179711
151 150 179711
156 155 179711
161 160 179711
466 465 179711
421 420 179711
131 130 179711
171 170 179711
321 320 179711
416 415 179711
176 175 179711
316 315 179711
461 460 179711
181 180 179711
311 310 179711
186 185 179711
36 35 179711
191 190 179711
306 305 179711
456 455 179711
196 195 179711
16 15 179711
301 300 179711
206 205 179711
451 450 179711
296 295 179711
211 210 179711
216 215 179711
291 290 179711
221 220 179711
446 445 179711
426 425 179711
226 225 179711
286 285 179711
231 230 179711
411 410 179711
236 235 179711
441 440 179711
241 240 179711
276 275 179711
246 245 179711
31 30 179711
251 250 179711
271 270 179711
436 435 179711
256 255 179711
431 430 179711
266 265 179711
261 260 179711
281 280 179711
326 325 179711
