998
1 0 807
2 1 1992
3 2 2244
4 3 2620
5 4 3958
6 5 4135
7 6 8414
8 7 9026
9 8 11053
10 9 11092
11 10 11698
12 11 11752
13 12 12530
14 13 14298
15 14 14409
16 15 14476
17 16 15232
18 17 16515
19 18 18426
20 19 18455
21 20 19686
22 21 19927
23 22 20372
24 23 22375
25 24 24377
26 25 26228
27 26 26556
28 27 26711
29 28 27609
30 29 28006
31 30 28115
32 31 28214
33 32 30680
34 33 32464
35 34 35441
36 35 38416
37 36 39719
38 37 40995
39 38 41439
40 39 43806
41 40 44018
42 41 45014
43 42 47021
44 43 47809
45 44 49662
46 45 50256
47 46 50379
48 47 50836
49 48 50886
50 49 51701
51 50 51784
52 51 53581
53 52 54336
54 53 54899
55 54 54959
56 55 55160
57 56 55301
58 57 59386
59 58 59418
60 59 61385
61 60 61763
62 61 62128
63 62 62274
64 63 62849
65 64 65133
66 65 66743
67 66 67622
68 67 67706
69 68 68874
70 69 68887
71 70 70193
72 71 70620
73 72 72864
74 73 73637
75 74 75780
76 75 77872
77 76 77975
78 77 82467
79 78 82818
80 79 83602
81 80 83939
82 81 84215
83 82 85047
84 83 85081
85 84 86295
86 85 87140
87 86 88819
88 87 89106
89 88 89291
90 89 89550
91 90 90684
92 91 91527
93 92 91591
94 93 92165
95 94 93077
96 95 94007
97 96 94593
98 97 95471
99 98 95835
100 99 97634
101 100 97750
102 101 97957
103 102 99180
104 103 99596
105 104 100136
106 105 100626
107 106 102437
108 107 102941
109 108 105027
110 109 109362
111 110 109610
112 111 110844
113 112 111424
114 113 112236
115 114 112388
116 115 113105
117 116 115934
118 117 118079
119 118 118888
120 119 120780
121 120 121026
122 121 121893
123 122 123330
124 123 124899
125 124 126213
126 125 129431
127 126 129631
128 127 131292
129 128 132344
130 129 134046
131 130 134456
132 131 134676
133 132 136009
134 133 136147
135 134 137027
136 135 137072
137 136 137330
138 137 138521
139 138 138735
140 139 139710
141 140 140356
142 141 141609
143 142 141953
144 143 143236
145 144 143247
146 145 144036
147 146 147095
148 147 147782
149 148 148670
150 149 149674
151 150 150512
152 151 151530
153 152 152111
154 153 154681
155 154 155701
156 155 155993
157 156 157721
158 157 161147
159 158 161441
160 159 163266
161 160 163945
162 161 164732
163 162 168086
164 163 169307
165 164 170811
166 165 170905
167 166 170943
168 167 171292
169 168 171485
170 169 171524
171 170 171744
172 171 172672
173 172 173030
174 173 173709
175 174 173713
176 175 186314
177 176 187344
178 177 187930
179 178 188849
180 179 194080
181 180 195412
182 181 197284
183 182 197381
184 183 198830
185 184 200454
186 185 201604
187 186 201610
188 187 203219
189 188 205175
190 189 206329
191 190 207023
192 191 207503
193 192 208689
194 193 208788
195 194 210088
196 195 210713
197 196 211673
198 197 211711
199 198 211991
200 199 212256
201 200 212691
202 201 214607
203 202 215756
204 203 217435
205 204 219263
206 205 221524
207 206 221644
208 207 222743
209 208 222909
210 209 223812
211 210 224599
212 211 225158
213 212 226855
214 213 227339
215 214 227469
216 215 228450
217 216 230458
218 217 230818
219 218 231738
220 219 234662
221 220 234689
222 221 235532
223 222 236065
224 223 237471
225 224 239383
226 225 239712
227 226 240520
228 227 242628
229 228 242977
230 229 243154
231 230 244191
232 231 244368
233 232 245933
234 233 248065
235 234 250397
236 235 251983
237 236 252202
238 237 255575
239 238 255639
240 239 256363
241 240 258329
242 241 260370
243 242 262118
244 243 264108
245 244 265111
246 245 265249
247 246 266379
248 247 268627
249 248 269951
250 249 270653
251 250 272466
252 251 276334
253 252 276645
254 253 277457
255 254 279086
256 255 279345
257 256 280479
258 257 280533
259 258 280692
260 259 283892
261 260 284450
262 261 286040
263 262 286263
264 263 286418
265 264 287259
266 265 289083
267 266 290108
268 267 291473
269 268 291848
270 269 292284
271 270 293661
272 271 293702
273 272 293811
274 273 293945
275 274 295891
276 275 296313
277 276 297428
278 277 299396
279 278 299662
280 279 301052
281 280 301242
282 281 301440
283 282 302574
284 283 303795
285 284 304672
286 285 304756
287 286 305127
288 287 306354
289 288 306386
290 289 306753
291 290 307134
292 291 307305
293 292 309172
294 293 309638
295 294 309809
296 295 310082
297 296 311743
298 297 311783
299 298 311838
300 299 313234
301 300 314250
302 301 316139
303 302 316934
304 303 317109
305 304 317429
306 305 318047
307 306 319020
308 307 320232
309 308 320932
310 309 321837
311 310 322106
312 311 322495
313 312 322529
314 313 324264
315 314 324879
316 315 325116
317 316 327000
318 317 328162
319 318 328216
320 319 328635
321 320 329177
322 321 329301
323 322 329308
324 323 330955
325 324 333164
326 325 334053
327 326 335432
328 327 335663
329 328 336925
330 329 336968
331 330 338644
332 331 339073
333 332 342951
334 333 344625
335 334 346184
336 335 346931
337 336 348022
338 337 349806
339 338 351842
340 339 353696
341 340 354312
342 341 355120
343 342 355451
344 343 361406
345 344 361983
346 345 362079
347 346 362820
348 347 363175
349 348 363986
350 349 364077
351 350 365231
352 351 365995
353 352 366271
354 353 368427
355 354 369086
356 355 370334
357 356 370950
358 357 371641
359 358 372246
360 359 372524
361 360 373446
362 361 373548
363 362 373711
364 363 374767
365 364 375934
366 365 377248
367 366 378260
368 367 378817
369 368 379002
370 369 379545
371 370 381363
372 371 382252
373 372 384070
374 373 387275
375 374 388878
376 375 390243
377 376 391409
378 377 393333
379 378 393495
380 379 393942
381 380 394409
382 381 394788
383 382 397400
384 383 397960
385 384 400029
386 385 400260
387 386 400924
388 387 402294
389 388 406885
390 389 407060
391 390 407455
392 391 409278
393 392 410496
394 393 412098
395 394 412435
396 395 413152
397 396 413368
398 397 413700
399 398 414888
400 399 415467
401 400 416796
402 401 417428
403 402 418016
404 403 418505
405 404 420047
406 405 421780
407 406 423167
408 407 424288
409 408 425681
410 409 426621
411 410 427116
412 411 427862
413 412 428073
414 413 432773
415 414 432904
416 415 433214
417 416 433348
418 417 434632
419 418 434733
420 419 435922
421 420 439820
422 421 439908
423 422 442111
424 423 444657
425 424 444721
426 425 445141
427 426 447805
428 427 450905
429 428 451847
430 429 452531
431 430 452801
432 431 454643
433 432 454791
434 433 456221
435 434 458023
436 435 458420
437 436 458987
438 437 459139
439 438 459382
440 439 459579
441 440 459711
442 441 459748
443 442 459841
444 443 461216
445 444 462569
446 445 462605
447 446 462908
448 447 463240
449 448 463584
450 449 463771
451 450 463807
452 451 463970
453 452 464693
454 453 467937
455 454 468195
456 455 469097
457 456 471740
458 457 472193
459 458 473383
460 459 473671
461 460 473833
462 461 475610
463 462 477291
464 463 477817
465 464 478777
466 465 478845
467 466 481234
468 467 481608
469 468 483470
470 469 483616
471 470 484081
472 471 484129
473 472 484360
474 473 485568
475 474 486040
476 475 486096
477 476 488072
478 477 488404
479 478 488470
480 479 489640
481 480 491702
482 481 491750
483 482 491881
484 483 493072
485 484 493090
486 485 494128
487 486 498245
488 487 498429
489 488 498731
490 489 498790
491 490 499984
492 491 500181
493 492 501294
494 493 501893
495 494 503088
496 495 505785
497 496 506290
498 497 508405
499 498 509337
499 498 509337
498 497 508405
497 496 506290
496 495 505785
495 494 503088
494 493 501893
493 492 501294
492 491 500181
491 490 499984
490 489 498790
489 488 498731
488 487 498429
487 486 498245
486 485 494128
485 484 493090
484 483 493072
483 482 491881
482 481 491750
481 480 491702
480 479 489640
479 478 488470
478 477 488404
477 476 488072
476 475 486096
475 474 486040
474 473 485568
473 472 484360
472 471 484129
471 470 484081
470 469 483616
469 468 483470
468 467 481608
467 466 481234
466 465 478845
465 464 478777
464 463 477817
463 462 477291
462 461 475610
461 460 473833
460 459 473671
459 458 473383
458 457 472193
457 456 471740
456 455 469097
455 454 468195
454 453 467937
453 452 464693
452 451 463970
451 450 463807
450 449 463771
449 448 463584
448 447 463240
447 446 462908
446 445 462605
445 444 462569
444 443 461216
443 442 459841
442 441 459748
441 440 459711
440 439 459579
439 438 459382
438 437 459139
437 436 458987
436 435 458420
435 434 458023
434 433 456221
433 432 454791
432 431 454643
431 430 452801
430 429 452531
429 428 451847
428 427 450905
427 426 447805
426 425 445141
425 424 444721
424 423 444657
423 422 442111
422 421 439908
421 420 439820
420 419 435922
419 418 434733
418 417 434632
417 416 433348
416 415 433214
415 414 432904
414 413 432773
413 412 428073
412 411 427862
411 410 427116
410 409 426621
409 408 425681
408 407 424288
407 406 423167
406 405 421780
405 404 420047
404 403 418505
403 402 418016
402 401 417428
401 400 416796
400 399 415467
399 398 414888
398 397 413700
397 396 413368
396 395 413152
395 394 412435
394 393 412098
393 392 410496
392 391 409278
391 390 407455
390 389 407060
389 388 406885
388 387 402294
387 386 400924
386 385 400260
385 384 400029
384 383 397960
383 382 397400
382 381 394788
381 380 394409
380 379 393942
379 378 393495
378 377 393333
377 376 391409
376 375 390243
375 374 388878
374 373 387275
373 372 384070
372 371 382252
371 370 381363
370 369 379545
369 368 379002
368 367 378817
367 366 378260
366 365 377248
365 364 375934
364 363 374767
363 362 373711
362 361 373548
361 360 373446
360 359 372524
359 358 372246
358 357 371641
357 356 370950
356 355 370334
355 354 369086
354 353 368427
353 352 366271
352 351 365995
351 350 365231
350 349 364077
349 348 363986
348 347 363175
347 346 362820
346 345 362079
345 344 361983
344 343 361406
343 342 355451
342 341 355120
341 340 354312
340 339 353696
339 338 351842
338 337 349806
337 336 348022
336 335 346931
335 334 346184
334 333 344625
333 332 342951
332 331 339073
331 330 338644
330 329 336968
329 328 336925
328 327 335663
327 326 335432
326 325 334053
325 324 333164
324 323 330955
323 322 329308
322 321 329301
321 320 329177
320 319 328635
319 318 328216
318 317 328162
317 316 327000
316 315 325116
315 314 324879
314 313 324264
313 312 322529
312 311 322495
311 310 322106
310 309 321837
309 308 320932
308 307 320232
307 306 319020
306 305 318047
305 304 317429
304 303 317109
303 302 316934
302 301 316139
301 300 314250
300 299 313234
299 298 311838
298 297 311783
297 296 311743
296 295 310082
295 294 309809
294 293 309638
293 292 309172
292 291 307305
291 290 307134
290 289 306753
289 288 306386
288 287 306354
287 286 305127
286 285 304756
285 284 304672
284 283 303795
283 282 302574
282 281 301440
281 280 301242
280 279 301052
279 278 299662
278 277 299396
277 276 297428
276 275 296313
275 274 295891
274 273 293945
273 272 293811
272 271 293702
271 270 293661
270 269 292284
269 268 291848
268 267 291473
267 266 290108
266 265 289083
265 264 287259
264 263 286418
263 262 286263
262 261 286040
261 260 284450
260 259 283892
259 258 280692
258 257 280533
257 256 280479
256 255 279345
255 254 279086
254 253 277457
253 252 276645
252 251 276334
251 250 272466
250 249 270653
249 248 269951
248 247 268627
247 246 266379
246 245 265249
245 244 265111
244 243 264108
243 242 262118
242 241 260370
241 240 258329
240 239 256363
239 238 255639
238 237 255575
237 236 252202
236 235 251983
235 234 250397
234 233 248065
233 232 245933
232 231 244368
231 230 244191
230 229 243154
229 228 242977
228 227 242628
227 226 240520
226 225 239712
225 224 239383
224 223 237471
223 222 236065
222 221 235532
221 220 234689
220 219 234662
219 218 231738
218 217 230818
217 216 230458
216 215 228450
215 214 227469
214 213 227339
213 212 226855
212 211 225158
211 210 224599
210 209 223812
209 208 222909
208 207 222743
207 206 221644
206 205 221524
205 204 219263
204 203 217435
203 202 215756
202 201 214607
201 200 212691
200 199 212256
199 198 211991
198 197 211711
197 196 211673
196 195 210713
195 194 210088
194 193 208788
193 192 208689
192 191 207503
191 190 207023
190 189 206329
189 188 205175
188 187 203219
187 186 201610
186 185 201604
185 184 200454
184 183 198830
183 182 197381
182 181 197284
181 180 195412
180 179 194080
179 178 188849
178 177 187930
177 176 187344
176 175 186314
175 174 173713
174 173 173709
173 172 173030
172 171 172672
171 170 171744
170 169 171524
169 168 171485
168 167 171292
167 166 170943
166 165 170905
165 164 170811
164 163 169307
163 162 168086
162 161 164732
161 160 163945
160 159 163266
159 158 161441
158 157 161147
157 156 157721
156 155 155993
155 154 155701
154 153 154681
153 152 152111
152 151 151530
151 150 150512
150 149 149674
149 148 148670
148 147 147782
147 146 147095
146 145 144036
145 144 143247
144 143 143236
143 142 141953
142 141 141609
141 140 140356
140 139 139710
139 138 138735
138 137 138521
137 136 137330
136 135 137072
135 134 137027
134 133 136147
133 132 136009
132 131 134676
131 130 134456
130 129 134046
129 128 132344
128 127 131292
127 126 129631
126 125 129431
125 124 126213
124 123 124899
123 122 123330
122 121 121893
121 120 121026
120 119 120780
119 118 118888
118 117 118079
117 116 115934
116 115 113105
115 114 112388
114 113 112236
113 112 111424
112 111 110844
111 110 109610
110 109 109362
109 108 105027
108 107 102941
107 106 102437
106 105 100626
105 104 100136
104 103 99596
103 102 99180
102 101 97957
101 100 97750
100 99 97634
99 98 95835
98 97 95471
97 96 94593
96 95 94007
95 94 93077
94 93 92165
93 92 91591
92 91 91527
91 90 90684
90 89 89550
89 88 89291
88 87 89106
87 86 88819
86 85 87140
85 84 86295
84 83 85081
83 82 85047
82 81 84215
81 80 83939
80 79 83602
79 78 82818
78 77 82467
77 76 77975
76 75 77872
75 74 75780
74 73 73637
73 72 72864
72 71 70620
71 70 70193
70 69 68887
69 68 68874
68 67 67706
67 66 67622
66 65 66743
65 64 65133
64 63 62849
63 62 62274
62 61 62128
61 60 61763
60 59 61385
59 58 59418
58 57 59386
57 56 55301
56 55 55160
55 54 54959
54 53 54899
53 52 54336
52 51 53581
51 50 51784
50 49 51701
49 48 50886
48 47 50836
47 46 50379
46 45 50256
45 44 49662
44 43 47809
43 42 47021
42 41 45014
41 40 44018
40 39 43806
39 38 41439
38 37 40995
37 36 39719
36 35 38416
35 34 35441
34 33 32464
33 32 30680
32 31 28214
31 30 28115
30 29 28006
29 28 27609
28 27 26711
27 26 26556
26 25 26228
25 24 24377
24 23 22375
23 22 20372
22 21 19927
21 20 19686
20 19 18455
19 18 18426
18 17 16515
17 16 15232
16 15 14476
15 14 14409
14 13 14298
13 12 12530
12 11 11752
11 10 11698
10 9 11092
9 8 11053
8 7 9026
7 6 8414
6 5 4135
5 4 3958
4 3 2620
3 2 2244
2 1 1992
1 0 807
