998
175 0 508985
175 7 508985
351 64 508985
247 159 508985
421 60 508985
175 5 508985
303 171 508985
175 3 508985
175 2 508985
175 1 508985
175 9 508985
421 58 508985
424 271 508985
58 48 508985
153 55 508985
375 95 508985
405 31 508985
421 55 508985
405 29 508985
175 17 508985
480 240 508985
424 258 508985
375 111 508985
175 24 508985
58 14 508985
58 17 508985
303 181 508985
400 64 508985
375 103 508985
58 29 508985
303 175 508985
303 122 508985
424 293 508985
303 127 508985
375 60 508985
424 303 508985
334 185 508985
334 170 508985
303 117 508985
303 116 508985
59 47 508985
162 56 508985
480 218 508985
206 69 508985
480 216 508985
375 85 508985
424 282 508985
303 151 508985
351 34 508985
351 32 508985
303 146 508985
480 208 508985
247 123 508985
340 14 508985
124 64 508985
303 242 508985
303 240 508985
359 215 508985
258 248 508985
247 227 508985
394 40 508985
351 166 508985
123 74 508985
61 51 508985
360 100 508985
424 353 508985
360 125 508985
61 37 508985
470 1 508985
292 41 508985
485 253 508985
292 83 508985
385 34 508985
424 387 508985
62 43 508985
360 18 508985
189 148 508985
424 324 508985
360 4 508985
424 310 508985
189 187 508985
360 75 508985
61 19 508985
189 168 508985
273 90 508985
213 156 508985
123 44 508985
424 330 508985
206 97 508985
162 105 508985
430 146 508985
222 200 508985
322 105 508985
412 163 508985
484 334 508985
272 234 508985
497 213 508985
311 63 508985
412 119 508985
292 200 508985
497 356 508985
464 316 508985
272 164 508985
177 10 508985
352 182 508985
380 149 508985
399 182 508985
358 281 508985
380 172 508985
272 193 508985
237 132 508985
491 403 508985
380 191 508985
200 30 508985
206 21 508985
394 135 508985
53 26 508985
351 329 508985
206 10 508985
380 289 508985
359 106 508985
394 113 508985
54 46 508985
477 44 508985
383 382 508985
472 345 508985
418 247 508985
382 306 508985
243 148 508985
289 96 508985
362 193 508985
477 472 508985
418 291 508985
494 347 508985
325 157 508985
298 290 508985
418 264 508985
477 458 508985
418 278 508985
471 281 508985
193 51 508985
486 252 508985
495 40 508985
346 100 508985
277 121 508985
371 212 508985
165 49 508985
197 54 508985
243 236 508985
290 27 508985
325 11 508985
461 163 508985
77 62 508985
419 41 508985
78 6 508985
325 28 508985
115 36 508985
390 257 508985
325 25 508985
461 250 508985
409 317 508985
372 173 508985
314 287 508985
81 39 508985
276 235 508985
373 8 508985
419 307 508985
276 233 508985
362 294 508985
362 305 508985
402 268 508985
478 73 508985
478 76 508985
263 192 508985
196 84 508985
486 473 508985
374 107 508985
473 169 508985
120 79 508985
428 235 508985
87 13 508985
323 72 508985
143 66 508985
143 118 508985
473 198 508985
463 91 508985
365 33 508985
411 23 508985
417 306 508985
365 71 508985
437 228 508985
371 38 508985
485 481 508985
365 45 508985
440 381 508985
312 204 508985
207 22 508985
108 98 508985
335 102 508985
239 101 508985
246 42 508985
211 147 508985
110 86 508985
262 26 508985
454 231 508985
462 270 508985
471 35 508985
361 176 508985
225 155 508985
437 313 508985
373 319 508985
364 339 508985
357 69 508985
431 292 508985
498 419 508985
220 196 508985
355 321 508985
283 279 508985
179 144 508985
406 305 508985
466 465 508985
309 81 508985
498 451 508985
221 10 508985
482 229 508985
284 6 508985
178 167 508985
450 8 508985
490 139 508985
15 12 508985
295 184 508985
395 188 508985
128 68 508985
186 16 508985
321 230 508985
376 349 508985
413 78 508985
341 196 508985
442 402 508985
331 325 508985
320 129 508985
255 13 508985
368 327 508985
457 304 508985
378 372 508985
433 295 508985
397 335 508985
308 203 508985
183 129 508985
136 15 508985
369 70 508985
414 288 508985
449 287 508985
388 20 508985
441 434 508985
93 77 508985
464 452 508985
423 383 508985
205 138 508985
343 297 508985
366 333 508985
160 104 508985
201 92 508985
407 377 601042
408 28 601042
407 150 601042
408 279 601042
407 124 601042
410 145 601042
410 131 601042
410 14 601042
410 39 601042
410 30 601042
410 16 601042
410 367 601042
401 313 601042
398 9 601042
398 90 601042
398 35 601042
398 253 601042
398 170 601042
404 197 601042
403 227 601042
426 349 601042
426 381 601042
426 326 601042
426 114 601042
426 56 601042
426 46 601042
426 38 601042
426 36 601042
426 79 601042
426 66 601042
426 261 601042
426 257 601042
426 254 601042
426 245 601042
426 241 601042
426 169 601042
426 156 601042
426 204 601042
426 202 601042
426 182 601042
427 265 601042
427 242 601042
425 259 601042
426 10 601042
426 2 601042
425 45 601042
425 63 601042
432 269 601042
432 288 601042
432 280 601042
432 210 601042
432 226 601042
432 318 601042
432 348 601042
432 339 601042
432 336 601042
432 48 601042
432 52 601042
432 82 601042
432 70 601042
432 65 601042
432 119 601042
432 104 601042
432 96 601042
429 78 601042
429 338 601042
416 391 601042
416 234 601042
415 61 601042
415 188 601042
422 167 601042
422 103 601042
420 147 601042
420 141 601042
420 77 601042
420 231 601042
420 176 601042
370 317 601042
370 308 601042
363 359 601042
392 49 601042
392 44 601042
392 43 601042
392 67 601042
392 22 601042
392 13 601042
392 7 601042
389 87 601042
396 395 601042
392 350 601042
392 333 601042
392 138 601042
392 137 601042
392 133 601042
393 239 601042
379 334 601042
384 304 601042
386 256 601042
386 337 601042
386 23 601042
386 72 601042
386 68 601042
386 57 601042
386 11 601042
386 5 601042
386 86 601042
386 129 601042
384 106 601042
384 89 601042
384 12 601042
384 1 601042
384 33 601042
384 195 601042
384 126 601042
479 259 601042
476 192 601042
476 108 601042
476 139 601042
483 240 601042
469 381 601042
468 242 601042
467 348 601042
467 436 601042
474 181 601042
475 185 601042
493 53 601042
492 459 601042
492 94 601042
492 88 601042
492 75 601042
492 109 601042
499 255 601042
496 457 601042
487 470 601042
488 424 601042
489 37 601042
489 47 601042
489 456 601042
489 194 601042
489 91 601042
444 121 601042
444 85 601042
445 403 601042
443 260 601042
443 180 601042
443 173 601042
443 136 601042
448 263 601042
448 286 601042
447 26 601042
447 19 601042
447 8 601042
447 6 601042
447 4 601042
447 0 601042
447 92 601042
447 134 601042
447 40 601042
447 32 601042
447 73 601042
447 84 601042
446 209 601042
446 127 601042
447 438 601042
447 230 601042
435 155 601042
435 144 601042
435 302 601042
435 316 601042
435 69 601042
434 248 601042
439 392 601042
460 453 601042
460 291 601042
465 237 601042
455 407 601042
203 172 601042
214 157 601042
217 107 601042
217 83 601042
184 160 601042
199 101 601042
199 64 601042
190 27 601042
190 3 601042
190 50 601042
190 42 601042
190 152 601042
190 102 601042
190 99 601042
190 98 601042
238 214 601042
249 58 601042
251 107 601042
251 224 601042
244 118 601042
244 140 601042
223 34 601042
223 154 601042
219 117 601042
232 54 601042
233 215 601042
228 100 601042
229 130 601042
229 125 601042
112 111 601042
20 15 601042
80 59 601042
161 148 601042
161 142 601042
161 18 601042
158 128 601042
174 143 601042
132 20 601042
332 143 601042
327 243 601042
328 162 601042
315 175 601042
347 293 601042
344 190 601042
354 246 601042
342 81 601042
270 225 601042
268 120 601042
267 258 601042
274 220 601042
275 41 601042
266 158 601042
299 161 601042
300 60 601042
296 258 601042
297 211 601042
306 172 601042
301 296 601042
285 118 601042
287 223 601042
138 44 601042
434 248 601042
251 83 601042
349 46 601042
231 147 601042
349 56 601042
138 22 601042
349 66 601042
199 101 601042
231 176 601042
138 43 601042
474 181 601042
326 10 601042
251 224 601042
223 154 601042
152 3 601042
287 223 601042
280 48 601042
79 46 601042
217 83 601042
137 133 601042
106 89 601042
445 403 601042
84 32 601042
349 38 601042
288 82 601042
336 96 601042
348 336 601042
84 40 601042
348 339 601042
318 52 601042
479 45 601042
318 65 601042
349 10 601042
336 104 601042
188 61 601042
349 2 601042
84 26 601042
479 63 601042
318 48 601042
300 60 601042
84 19 601042
137 67 601042
106 1 601042
426 245 601042
436 48 601042
348 269 601042
426 254 601042
285 140 601042
422 167 601042
426 261 601042
436 119 601042
348 280 601042
426 241 601042
326 182 601042
348 288 601042
259 63 601042
106 12 601042
349 254 601042
349 257 601042
426 202 601042
79 36 601042
348 210 601042
173 136 601042
138 7 601042
436 70 601042
479 425 601042
138 13 601042
348 226 601042
426 204 601042
426 156 601042
107 83 601042
232 54 601042
426 169 601042
199 64 601042
460 291 601042
126 106 601042
317 308 601042
435 69 601042
180 173 601042
453 291 601042
287 34 601042
94 75 601042
57 23 601042
435 316 601042
174 143 601042
370 317 601042
91 47 601042
39 30 601042
57 11 601042
392 43 601042
392 49 601042
398 253 601042
91 37 601042
131 39 601042
398 170 601042
195 1 601042
150 124 601042
448 286 601042
126 33 601042
84 8 601042
435 144 601042
84 6 601042
84 4 601042
84 0 601042
92 84 601042
435 155 601042
448 263 601042
268 120 601042
415 188 601042
332 174 601042
137 43 601042
132 20 601042
132 15 601042
94 88 601042
435 302 601042
114 38 601042
344 98 601042
469 349 601042
432 288 601042
256 5 601042
439 350 601042
386 256 601042
209 127 601042
439 13 601042
256 11 601042
233 215 601042
439 333 601042
344 102 601042
344 99 601042
465 237 601042
170 90 601042
315 175 601042
306 203 601042
467 104 601042
256 68 601042
256 72 601042
459 75 601042
469 381 601042
102 50 601042
410 367 601042
274 220 601042
231 141 601042
102 27 601042
256 86 601042
347 293 601042
90 9 601042
270 225 601042
102 42 601042
109 75 601042
102 3 601042
475 185 601042
148 142 601042
404 197 601042
429 338 601042
444 121 601042
342 81 601042
384 304 601042
285 244 601042
266 158 601042
422 103 601042
444 85 601042
337 23 601042
299 18 601042
80 59 601042
112 111 601042
266 128 601042
363 359 601042
285 118 601042
256 129 601042
483 240 601042
393 239 601042
327 243 601042
90 35 601042
161 142 601042
30 14 601042
30 16 601042
297 211 601042
487 470 601042
407 377 601042
408 28 601042
130 125 601042
492 109 601042
296 258 601042
249 58 601042
296 267 601042
443 260 601042
416 234 601042
238 157 601042
139 108 601042
279 28 601042
219 117 601042
468 427 601042
377 150 601042
306 172 601042
401 313 601042
427 265 601042
416 391 601042
134 73 601042
445 227 601042
379 334 601042
344 190 601042
214 157 601042
338 78 601042
427 242 601042
134 32 601042
367 131 601042
367 145 601042
161 18 601042
443 180 601042
476 139 601042
141 77 601042
493 53 601042
389 87 601042
476 192 601042
420 147 601042
229 130 601042
447 230 601042
384 12 601042
446 127 601042
447 40 601042
328 162 601042
455 377 601042
489 194 601042
488 424 601042
456 194 601042
354 246 601042
456 47 601042
438 230 601042
275 41 601042
301 258 601042
184 160 601042
396 395 601042
228 100 601042
496 457 601042
499 255 601042
284 6 508985
14 9 508985
178 167 508985
498 292 508985
159 123 508985
387 293 508985
353 218 508985
387 282 508985
218 29 508985
218 31 508985
216 181 508985
271 24 508985
282 31 508985
451 30 508985
451 222 508985
272 19 508985
482 229 508985
181 171 508985
216 175 508985
100 75 508985
221 10 508985
451 41 508985
498 451 508985
282 24 508985
271 14 508985
18 4 508985
309 81 508985
466 465 508985
353 242 508985
95 24 508985
14 3 508985
458 418 508985
295 184 508985
357 221 508985
14 2 508985
329 64 508985
103 58 508985
95 58 508985
15 12 508985
103 60 508985
305 193 508985
218 208 508985
490 139 508985
218 48 508985
95 55 508985
353 240 508985
221 69 508985
431 200 508985
450 8 508985
498 307 508985
216 60 508985
357 177 508985
406 19 508985
293 85 508985
451 83 508985
340 330 508985
294 51 508985
329 166 508985
181 151 508985
294 19 508985
181 153 508985
234 61 508985
357 21 508985
353 340 508985
17 7 508985
17 5 508985
305 272 508985
294 164 508985
103 1 508985
17 3 508985
458 345 508985
293 122 508985
353 324 508985
357 97 508985
271 248 508985
17 0 508985
421 405 508985
235 233 508985
181 146 508985
34 32 508985
179 144 508985
341 196 508985
458 227 508985
329 124 508985
294 37 508985
387 258 508985
421 375 508985
234 193 508985
431 222 508985
385 351 508985
413 78 508985
331 325 508985
135 113 508985
442 402 508985
216 116 508985
321 230 508985
216 111 508985
186 16 508985
421 353 508985
216 117 508985
481 253 508985
357 206 508985
128 68 508985
387 303 508985
395 188 508985
385 329 508985
216 127 508985
185 170 508985
353 310 508985
376 349 508985
159 74 508985
262 53 508985
477 278 508985
486 169 508985
291 74 508985
454 231 508985
346 4 508985
418 44 508985
262 26 508985
110 86 508985
211 147 508985
477 291 508985
495 135 508985
362 37 508985
472 458 508985
118 66 508985
462 270 508985
278 247 508985
486 198 508985
71 33 508985
71 45 508985
312 204 508985
470 151 508985
473 252 508985
400 385 508985
172 149 508985
291 264 508985
278 227 508985
480 29 508985
207 22 508985
64 34 508985
440 381 508985
246 42 508985
212 38 508985
239 101 508985
163 119 508985
360 346 508985
335 102 508985
108 98 508985
364 339 508985
470 430 508985
373 319 508985
470 424 508985
313 228 508985
283 279 508985
355 321 508985
220 196 508985
498 419 508985
471 35 508985
25 11 508985
437 313 508985
225 155 508985
361 176 508985
298 27 508985
417 383 508985
417 382 508985
100 4 508985
205 138 508985
322 56 508985
412 250 508985
343 297 508985
157 25 508985
449 314 508985
423 382 508985
464 452 508985
281 35 508985
397 102 508985
331 28 508985
250 119 508985
378 173 508985
157 28 508985
423 306 508985
236 148 508985
452 316 508985
160 104 508985
366 333 508985
93 62 508985
484 185 508985
236 168 508985
93 43 508985
319 8 508985
380 96 508985
433 184 508985
308 203 508985
356 213 508985
309 39 508985
183 129 508985
252 198 508985
457 304 508985
378 372 508985
368 327 508985
255 13 508985
320 129 508985
413 284 508985
356 156 508985
135 40 508985
93 77 508985
215 106 508985
441 434 508985
358 35 508985
388 20 508985
449 287 508985
369 70 508985
414 288 508985
442 268 508985
341 84 508985
136 15 508985
255 87 508985
484 334 508985
322 105 508985
125 100 508985
311 63 508985
497 213 508985
189 187 508985
162 105 508985
273 90 508985
189 168 508985
491 403 508985
380 191 508985
237 132 508985
380 172 508985
352 182 508985
399 182 508985
394 40 508985
359 215 508985
59 47 508985
485 253 508985
289 172 508985
409 317 508985
276 233 508985
461 163 508985
290 27 508985
390 257 508985
115 36 508985
411 23 508985
365 33 508985
463 91 508985
428 276 508985
143 118 508985
371 38 508985
76 73 508985
263 192 508985
478 76 508985
323 72 508985
120 79 508985
374 107 508985
54 46 508985
243 148 508985
197 54 508985
165 49 508985
277 121 508985
494 347 508985
201 92 508985
