566
183 180 346353
247 198 354628
209 114 358957
182 40 361714
245 172 363283
260 118 363550
113 112 364150
165 123 364194
186 80 364307
48 43 364597
170 105 364607
256 17 364651
263 90 364653
232 0 364655
231 225 364655
231 205 364655
231 226 364655
231 227 364655
231 228 364655
231 229 364655
231 230 364655
232 5 364655
232 1 364655
232 7 364655
232 2 364655
232 6 364655
232 3 364655
232 4 364655
231 214 364655
231 202 364655
231 206 364655
231 207 364655
231 208 364655
231 209 364655
231 210 364655
231 211 364655
231 212 364655
231 213 364655
231 224 364655
231 215 364655
231 216 364655
231 217 364655
231 218 364655
231 219 364655
231 220 364655
231 221 364655
231 222 364655
231 223 364655
232 37 364655
232 28 364655
232 29 364655
232 30 364655
232 31 364655
232 32 364655
232 33 364655
232 34 364655
232 35 364655
232 36 364655
232 27 364655
232 38 364655
232 39 364655
232 40 364655
232 41 364655
232 42 364655
232 43 364655
232 44 364655
232 45 364655
232 18 364655
232 9 364655
232 10 364655
232 11 364655
232 12 364655
232 13 364655
232 14 364655
232 15 364655
232 16 364655
232 17 364655
232 8 364655
232 19 364655
232 20 364655
232 21 364655
232 22 364655
232 23 364655
232 24 364655
232 25 364655
232 26 364655
231 154 364655
231 145 364655
231 146 364655
231 147 364655
231 148 364655
231 149 364655
231 150 364655
231 151 364655
231 152 364655
231 153 364655
231 144 364655
231 155 364655
231 156 364655
231 157 364655
231 158 364655
231 159 364655
231 160 364655
231 161 364655
231 162 364655
231 163 364655
231 134 364655
231 125 364655
231 126 364655
231 127 364655
231 128 364655
231 129 364655
231 130 364655
231 131 364655
231 132 364655
231 133 364655
231 164 364655
231 135 364655
231 136 364655
231 137 364655
231 138 364655
231 139 364655
231 140 364655
231 141 364655
231 142 364655
231 143 364655
231 194 364655
231 185 364655
231 186 364655
231 187 364655
231 188 364655
231 189 364655
231 190 364655
231 191 364655
231 192 364655
231 193 364655
231 184 364655
231 195 364655
231 196 364655
231 197 364655
231 198 364655
231 199 364655
231 200 364655
231 201 364655
232 50 364655
231 203 364655
231 174 364655
231 165 364655
231 166 364655
231 167 364655
231 168 364655
231 169 364655
231 170 364655
231 171 364655
231 172 364655
231 173 364655
231 204 364655
231 175 364655
231 176 364655
231 177 364655
231 178 364655
231 179 364655
231 180 364655
231 181 364655
231 182 364655
232 124 364655
232 75 364655
232 66 364655
232 67 364655
232 68 364655
232 69 364655
232 70 364655
232 71 364655
232 72 364655
232 73 364655
232 74 364655
232 65 364655
232 76 364655
232 77 364655
232 78 364655
232 79 364655
232 81 364655
232 82 364655
232 83 364655
232 84 364655
232 56 364655
232 47 364655
232 49 364655
231 120 364655
232 51 364655
232 52 364655
232 53 364655
232 54 364655
232 55 364655
232 85 364655
232 57 364655
232 58 364655
232 59 364655
232 60 364655
232 61 364655
232 62 364655
232 63 364655
232 64 364655
232 106 364655
232 107 364655
232 108 364655
232 109 364655
232 110 364655
232 111 364655
232 112 364655
232 104 364655
232 115 364655
232 116 364655
232 117 364655
232 118 364655
232 119 364655
232 121 364655
232 122 364655
232 95 364655
232 86 364655
232 87 364655
232 88 364655
232 89 364655
232 90 364655
232 91 364655
232 92 364655
232 93 364655
232 94 364655
232 46 364655
232 96 364655
232 97 364655
232 98 364655
232 99 364655
232 100 364655
232 101 364655
232 102 364655
232 103 364655
234 157 364655
235 80 364655
234 233 364655
242 141 364655
243 56 364655
242 239 364655
242 236 364655
242 237 364655
242 238 364655
242 240 364655
242 241 364655
244 205 364655
246 0 364655
271 256 364655
271 248 364655
271 249 364655
271 250 364655
271 251 364655
271 252 364655
271 253 364655
271 254 364655
271 255 364655
271 257 364655
271 258 364655
271 259 364655
271 261 364655
271 262 364655
271 264 364655
271 265 364655
271 266 364655
272 24 364655
271 267 364655
271 268 364655
271 269 364655
271 270 364655
274 68 364655
273 262 364655
275 0 364655
281 12 364655
280 272 364655
280 276 364655
280 277 364655
280 278 364655
280 279 364655
283 77 364655
282 280 364655
3 2 364655
8 7 364655
9 0 364655
9 1 364655
9 2 364655
5 0 364655
8 6 364655
4 0 364655
7 3 364655
16 13 364655
16 14 364655
16 15 364655
17 0 364655
12 8 364655
12 10 364655
12 11 364655
18 4 364655
16 12 364655
32 30 364655
32 31 364655
33 0 364655
20 2 364655
19 0 364655
24 14 364655
22 0 364655
21 20 364655
35 33 364655
23 18 364655
25 9 364655
32 29 364655
26 24 364655
27 0 364655
30 12 364655
28 10 364655
65 16 364655
34 24 364655
36 3 364655
37 0 364655
39 20 364655
38 0 364655
40 5 364655
48 25 364655
41 1 364655
43 15 364655
42 0 364655
71 27 364655
44 0 364655
46 39 364655
45 25 364655
47 17 364655
50 7 364655
49 0 364655
51 16 364655
53 11 364655
52 4 364655
60 12 364655
54 17 364655
56 6 364655
55 2 364655
61 54 364655
57 9 364655
58 50 364655
59 16 364655
129 120 364655
129 121 364655
129 122 364655
62 28 364655
64 1 364655
63 5 364655
69 64 364655
69 66 364655
67 22 364655
68 53 364655
70 14 364655
73 18 364655
72 1 364655
78 36 364655
74 4 364655
75 28 364655
79 59 364655
76 12 364655
77 34 364655
96 48 364655
80 16 364655
81 34 364655
86 11 364655
82 13 364655
83 28 364655
142 36 364655
84 3 364655
85 17 364655
87 3 364655
88 73 364655
89 8 364655
93 16 364655
90 53 364655
94 24 364655
91 22 364655
92 29 364655
95 64 364655
99 71 364655
97 30 364655
98 90 364655
100 50 364655
129 119 364655
101 8 364655
102 5 364655
105 89 364655
103 60 364655
106 86 364655
104 16 364655
119 99 364655
107 15 364655
108 6 364655
111 72 364655
109 55 364655
123 33 364655
110 5 364655
112 39 364655
113 84 364655
117 20 364655
114 1 364655
115 15 364655
118 5 364655
116 57 364655
259 79 364655
124 42 364655
127 60 364655
125 75 364655
128 36 364655
126 9 364655
139 39 364655
132 42 364655
130 68 364655
131 0 364655
133 7 364655
134 13 364655
137 1 364655
135 36 364655
136 58 364655
138 0 364655
141 74 364655
140 0 364655
143 30 364655
144 44 364655
146 90 364655
145 135 364655
147 80 364655
148 22 364655
158 155 364655
150 27 364655
149 0 364655
156 54 364655
151 15 364655
152 21 364655
154 149 364655
153 26 364655
155 3 364655
157 6 364655
169 40 364655
159 5 364655
160 3 364655
162 145 364655
161 0 364655
163 21 364655
164 15 364655
200 196 364655
166 19 364655
165 7 364655
171 122 364655
167 21 364655
168 51 364655
170 77 364655
172 159 364655
173 93 364655
174 19 364655
192 91 364655
175 3 364655
177 23 364655
176 22 364655
185 150 364655
178 81 364655
180 116 364655
179 60 364655
188 7 364655
181 14 364655
182 12 364655
184 20 364655
183 25 364655
187 94 364655
186 43 364655
190 158 364655
189 13 364655
191 68 364655
198 179 364655
194 19 364655
193 5 364655
195 61 364655
196 23 364655
197 162 364655
199 59 364655
201 29 364655
203 117 364655
202 83 364655
204 18 364655
211 36 364655
206 133 364655
205 4 364655
213 31 364655
207 5 364655
209 141 364655
208 14 364655
210 36 364655
239 21 364655
212 139 364655
215 128 364655
214 8 364655
216 17 364655
222 171 364655
218 107 364655
217 89 364655
224 144 364655
219 26 364655
221 78 364655
220 62 364655
223 27 364655
246 5 364655
225 52 364655
226 220 364655
227 97 364655
233 180 364655
228 2 364655
229 167 364655
230 41 364655
235 131 364655
232 98 364655
231 1 364655
247 198 364655
245 172 364655
260 118 364655
256 17 364655
263 90 364655
234 24 364655
236 25 364655
237 182 364655
238 49 364655
244 72 364655
240 96 364655
241 92 364655
243 2 364655
242 8 364655
248 35 364655
254 101 364655
249 22 364655
250 165 364655
251 12 364655
253 40 364655
252 56 364655
278 11 364655
255 161 364655
258 22 364655
257 43 364655
264 30 364655
261 11 364655
262 241 364655
265 80 364655
266 50 364655
267 177 364655
268 13 364655
273 130 364655
270 1 364655
269 34 364655
275 0 364655
272 88 364655
271 25 364655
274 171 364655
276 249 364655
277 77 364655
282 147 364655
279 45 364655
280 2 364655
281 115 364655
283 179 364655
