992
348 268 149008
259 192 346466
194 30 393199
432 289 411965
467 335 415372
426 313 417438
276 225 417992
180 105 419043
362 244 419145
381 377 419194
88 13 419295
199 106 419307
469 347 419309
302 210 419325
471 112 419346
124 14 419346
243 1 419350
128 28 419350
309 17 419351
405 348 419352
405 354 419352
405 367 419352
405 366 419352
405 365 419352
405 364 419352
405 349 419352
405 350 419352
405 363 419352
405 362 419352
405 361 419352
405 360 419352
405 359 419352
405 358 419352
405 351 419352
405 357 419352
405 371 419352
405 352 419352
405 356 419352
405 355 419352
405 353 419352
405 383 419352
405 398 419352
405 397 419352
405 396 419352
405 395 419352
405 394 419352
405 393 419352
405 392 419352
405 391 419352
405 390 419352
405 389 419352
405 388 419352
405 387 419352
405 386 419352
405 385 419352
405 384 419352
405 368 419352
405 382 419352
405 381 419352
405 380 419352
405 379 419352
405 378 419352
405 376 419352
405 375 419352
405 374 419352
405 373 419352
405 372 419352
405 345 419352
405 370 419352
405 369 419352
405 301 419352
405 316 419352
405 315 419352
405 314 419352
405 313 419352
405 312 419352
405 311 419352
405 310 419352
405 309 419352
405 308 419352
405 307 419352
405 306 419352
405 305 419352
405 304 419352
405 303 419352
405 302 419352
405 317 419352
405 300 419352
405 299 419352
405 298 419352
405 297 419352
405 296 419352
405 295 419352
405 294 419352
405 293 419352
405 292 419352
405 291 419352
405 290 419352
405 289 419352
405 288 419352
405 287 419352
405 332 419352
405 346 419352
406 1 419352
405 344 419352
405 343 419352
405 342 419352
405 341 419352
405 340 419352
405 339 419352
405 338 419352
405 337 419352
405 336 419352
405 335 419352
405 334 419352
405 333 419352
405 347 419352
405 331 419352
405 330 419352
405 329 419352
405 328 419352
405 327 419352
405 326 419352
405 325 419352
405 324 419352
405 323 419352
405 322 419352
405 321 419352
405 320 419352
405 319 419352
405 318 419352
406 68 419352
406 82 419352
406 81 419352
406 80 419352
406 79 419352
406 78 419352
406 77 419352
406 76 419352
406 75 419352
406 74 419352
406 73 419352
406 72 419352
406 71 419352
406 70 419352
406 69 419352
406 83 419352
406 67 419352
406 66 419352
406 65 419352
406 64 419352
406 63 419352
406 62 419352
406 61 419352
406 60 419352
406 59 419352
406 58 419352
406 57 419352
406 56 419352
406 55 419352
406 54 419352
406 97 419352
406 111 419352
406 110 419352
406 109 419352
406 108 419352
406 107 419352
406 106 419352
406 105 419352
406 104 419352
406 103 419352
406 102 419352
406 101 419352
406 100 419352
406 99 419352
406 98 419352
406 53 419352
406 96 419352
406 95 419352
406 94 419352
406 93 419352
406 92 419352
406 91 419352
406 90 419352
406 89 419352
406 88 419352
406 87 419352
406 86 419352
406 85 419352
406 84 419352
406 9 419352
406 23 419352
406 22 419352
406 21 419352
406 20 419352
406 19 419352
406 18 419352
406 17 419352
406 16 419352
406 15 419352
406 14 419352
406 12 419352
406 11 419352
406 10 419352
406 24 419352
406 8 419352
406 7 419352
406 6 419352
406 5 419352
406 4 419352
406 3 419352
406 2 419352
405 282 419352
406 0 419352
405 404 419352
405 403 419352
405 402 419352
405 401 419352
405 400 419352
406 38 419352
406 52 419352
406 51 419352
406 50 419352
406 49 419352
406 48 419352
406 47 419352
406 46 419352
406 45 419352
406 44 419352
406 43 419352
406 42 419352
406 41 419352
406 40 419352
406 39 419352
405 399 419352
406 37 419352
406 36 419352
406 35 419352
406 34 419352
406 33 419352
406 32 419352
406 31 419352
406 30 419352
406 29 419352
406 28 419352
406 27 419352
406 26 419352
406 25 419352
405 119 419352
405 134 419352
405 133 419352
405 132 419352
405 131 419352
405 130 419352
405 129 419352
405 127 419352
405 126 419352
405 125 419352
405 123 419352
405 122 419352
405 121 419352
405 120 419352
405 135 419352
405 118 419352
405 117 419352
405 116 419352
405 115 419352
405 114 419352
405 113 419352
405 112 419352
405 150 419352
405 164 419352
405 163 419352
405 162 419352
405 161 419352
405 160 419352
405 159 419352
405 158 419352
405 157 419352
405 156 419352
405 155 419352
405 154 419352
405 153 419352
405 152 419352
405 151 419352
405 149 419352
405 148 419352
405 147 419352
405 146 419352
405 145 419352
405 144 419352
405 143 419352
405 142 419352
405 141 419352
405 140 419352
405 139 419352
405 138 419352
405 137 419352
405 136 419352
405 165 419352
405 240 419352
405 255 419352
405 254 419352
405 253 419352
405 252 419352
405 251 419352
405 250 419352
405 249 419352
405 248 419352
405 247 419352
405 246 419352
405 245 419352
405 242 419352
405 241 419352
405 256 419352
405 239 419352
405 238 419352
405 237 419352
405 236 419352
405 235 419352
405 234 419352
405 233 419352
405 232 419352
405 231 419352
405 230 419352
405 229 419352
405 228 419352
405 227 419352
405 226 419352
405 271 419352
405 285 419352
405 284 419352
405 283 419352
405 281 419352
405 280 419352
405 279 419352
405 278 419352
405 277 419352
405 276 419352
405 275 419352
405 274 419352
405 273 419352
405 272 419352
405 270 419352
405 269 419352
405 267 419352
405 266 419352
405 265 419352
405 264 419352
405 263 419352
405 262 419352
405 261 419352
405 260 419352
405 259 419352
405 258 419352
405 257 419352
405 193 419352
405 191 419352
405 190 419352
405 189 419352
405 188 419352
405 187 419352
405 186 419352
405 185 419352
405 184 419352
405 183 419352
405 182 419352
405 181 419352
405 195 419352
405 179 419352
405 178 419352
405 177 419352
405 176 419352
405 175 419352
405 174 419352
405 173 419352
405 172 419352
405 171 419352
405 170 419352
405 169 419352
405 168 419352
405 167 419352
405 166 419352
405 224 419352
405 223 419352
405 222 419352
405 221 419352
405 220 419352
405 219 419352
405 218 419352
405 217 419352
405 216 419352
405 215 419352
405 214 419352
405 213 419352
405 212 419352
405 211 419352
405 286 419352
405 209 419352
405 208 419352
405 207 419352
405 206 419352
405 205 419352
405 204 419352
405 203 419352
405 202 419352
405 201 419352
405 200 419352
405 198 419352
405 197 419352
405 196 419352
407 22 419352
410 244 419352
410 409 419352
410 408 419352
411 0 419352
412 25 419352
424 191 419352
423 373 419352
423 418 419352
423 417 419352
423 416 419352
423 415 419352
423 414 419352
423 413 419352
423 419 419352
423 422 419352
423 421 419352
423 420 419352
425 248 419352
428 416 419352
429 3 419352
428 427 419352
430 40 419352
475 405 419352
475 436 419352
475 450 419352
475 449 419352
475 448 419352
475 447 419352
475 446 419352
475 445 419352
475 444 419352
475 443 419352
475 442 419352
475 441 419352
475 440 419352
475 439 419352
475 438 419352
475 437 419352
475 435 419352
475 434 419352
475 433 419352
475 431 419352
475 451 419352
476 51 419352
475 466 419352
475 474 419352
475 473 419352
475 472 419352
475 470 419352
475 468 419352
475 465 419352
475 464 419352
475 463 419352
475 462 419352
475 461 419352
475 460 419352
475 459 419352
475 458 419352
475 457 419352
475 456 419352
475 455 419352
475 454 419352
475 453 419352
475 452 419352
477 56 419352
479 425 419352
480 67 419352
479 478 419352
481 68 419352
491 388 419352
492 18 419352
491 490 419352
491 489 419352
491 488 419352
491 487 419352
491 486 419352
491 485 419352
491 484 419352
491 483 419352
491 482 419352
493 7 419352
495 344 419352
496 0 419352
495 494 419352
7 0 419352
4 0 419352
4 1 419352
4 2 419352
4 3 419352
5 0 419352
8 2 419352
6 1 419352
14 1 419352
10 5 419352
9 0 419352
16 1 419352
11 0 419352
13 3 419352
12 1 419352
28 15 419352
28 16 419352
28 17 419352
28 18 419352
21 2 419352
19 0 419352
31 17 419352
20 11 419352
22 0 419352
23 9 419352
26 8 419352
24 15 419352
27 11 419352
25 0 419352
57 0 419352
30 18 419352
29 6 419352
32 7 419352
34 12 419352
33 4 419352
35 7 419352
42 13 419352
36 2 419352
37 27 419352
62 35 419352
38 9 419352
39 2 419352
40 34 419352
41 23 419352
43 31 419352
44 8 419352
45 3 419352
46 20 419352
47 3 419352
52 30 419352
48 47 419352
49 0 419352
54 14 419352
50 0 419352
51 21 419352
113 83 419352
113 84 419352
113 85 419352
113 86 419352
53 38 419352
55 51 419352
56 0 419352
61 7 419352
58 3 419352
59 4 419352
60 7 419352
63 3 419352
64 1 419352
68 40 419352
65 57 419352
69 61 419352
66 10 419352
67 47 419352
84 35 419352
70 12 419352
71 13 419352
75 24 419352
72 1 419352
124 79 419352
73 8 419352
74 38 419352
76 9 419352
77 54 419352
78 6 419352
81 41 419352
79 19 419352
82 49 419352
80 61 419352
87 21 419352
88 15 419352
89 28 419352
92 59 419352
90 59 419352
93 56 419352
91 19 419352
104 92 419352
104 94 419352
104 95 419352
97 70 419352
108 0 419352
96 4 419352
98 33 419352
99 56 419352
102 57 419352
100 6 419352
103 44 419352
101 0 419352
227 21 419352
107 18 419352
105 48 419352
106 2 419352
109 13 419352
111 66 419352
112 44 419352
110 14 419352
121 114 419352
121 115 419352
121 116 419352
121 117 419352
115 97 419352
121 118 419352
119 113 419352
120 83 419352
123 112 419352
122 53 419352
125 47 419352
127 97 419352
126 42 419352
128 60 419352
136 122 419352
129 23 419352
131 65 419352
130 14 419352
139 41 419352
132 13 419352
133 12 419352
135 17 419352
134 19 419352
168 87 419352
138 90 419352
137 46 419352
140 22 419352
142 13 419352
141 0 419352
150 52 419352
143 51 419352
145 65 419352
144 28 419352
248 190 419352
146 0 419352
148 109 419352
147 3 419352
149 50 419352
151 143 419352
152 52 419352
153 21 419352
155 15 419352
154 6 419352
162 112 419352
156 40 419352
158 28 419352
157 4 419352
164 117 419352
159 51 419352
161 33 419352
160 12 419352
163 10 419352
165 44 419352
167 14 419352
166 0 419352
174 27 419352
169 160 419352
170 51 419352
171 2 419352
172 132 419352
173 49 419352
175 94 419352
176 0 419352
178 48 419352
177 44 419352
184 169 419352
179 50 419352
180 173 419352
186 130 419352
181 53 419352
182 22 419352
183 112 419352
209 85 419352
185 45 419352
187 35 419352
188 149 419352
189 50 419352
195 16 419352
191 63 419352
190 1 419352
215 109 419352
192 53 419352
193 162 419352
194 59 419352
196 62 419352
197 47 419352
198 151 419352
199 42 419352
204 152 419352
201 36 419352
200 55 419352
206 73 419352
202 16 419352
203 115 419352
453 325 419352
453 326 419352
453 327 419352
453 328 419352
453 329 419352
205 189 419352
208 53 419352
207 9 419352
213 206 419352
213 210 419352
213 211 419352
212 178 419352
214 53 419352
216 15 419352
217 71 419352
222 179 419352
218 34 419352
219 117 419352
224 64 419352
220 9 419352
221 160 419352
243 122 419352
223 198 419352
226 7 419352
225 51 419352
231 70 419352
228 35 419352
229 17 419352
230 60 419352
232 80 419352
233 29 419352
234 97 419352
239 120 419352
235 43 419352
236 109 419352
240 211 419352
237 54 419352
238 118 419352
241 1 419352
242 123 419352
247 107 419352
244 120 419352
245 57 419352
246 113 419352
249 34 419352
250 86 419352
255 29 419352
251 16 419352
252 66 419352
256 104 419352
253 24 419352
254 43 419352
273 101 419352
257 240 419352
258 72 419352
262 149 419352
259 207 419352
278 20 419352
260 8 419352
261 170 419352
263 128 419352
264 46 419352
265 83 419352
269 220 419352
266 27 419352
267 33 419352
271 11 419352
268 248 419352
336 208 419352
270 192 419352
272 133 419352
276 243 419352
274 69 419352
275 5 419352
277 208 419352
279 224 419352
280 36 419352
281 57 419352
284 263 419352
283 216 419352
282 2 419352
285 9 419352
286 175 419352
287 204 419352
351 209 419352
288 9 419352
290 139 419352
289 277 419352
291 90 419352
300 82 419352
292 9 419352
293 78 419352
294 177 419352
298 47 419352
297 14 419352
295 2 419352
296 159 419352
299 141 419352
303 143 419352
301 23 419352
302 204 419352
304 81 419352
305 259 419352
306 43 419352
309 237 419352
307 129 419352
310 258 419352
308 3 419352
324 311 419352
324 312 419352
311 39 419352
315 293 419352
313 198 419352
328 302 419352
314 4 419352
316 219 419352
317 11 419352
318 68 419352
321 314 419352
319 231 419352
323 1 419352
320 0 419352
322 234 419352
330 38 419352
333 248 419352
331 189 419352
334 245 419352
332 39 419352
347 309 419352
335 2 419352
339 160 419352
337 113 419352
338 258 419352
340 62 419352
341 204 419352
345 37 419352
342 43 419352
343 2 419352
346 22 419352
344 141 419352
350 229 419352
348 203 419352
349 37 419352
352 251 419352
356 40 419352
353 14 419352
354 27 419352
357 14 419352
355 155 419352
369 149 419352
358 49 419352
361 175 419352
359 172 419352
372 332 419352
360 0 419352
362 55 419352
363 176 419352
366 287 419352
364 0 419352
367 251 419352
365 0 419352
418 142 419352
368 5 419352
370 21 419352
371 133 419352
373 52 419352
374 69 419352
377 58 419352
375 87 419352
378 11 419352
376 194 419352
389 283 419352
379 25 419352
382 89 419352
380 127 419352
393 14 419352
381 229 419352
383 8 419352
384 47 419352
387 95 419352
385 144 419352
388 38 419352
386 241 419352
392 76 419352
390 135 419352
391 227 419352
430 211 419352
394 13 419352
397 31 419352
395 100 419352
396 187 419352
409 7 419352
398 55 419352
399 47 419352
401 362 419352
400 40 419352
402 291 419352
412 75 419352
403 9 419352
406 264 419352
404 58 419352
405 44 419352
407 195 419352
471 112 419352
469 347 419352
426 313 419352
467 335 419352
432 289 419352
408 175 419352
411 151 419352
410 20 419352
413 51 419352
416 12 419352
414 119 419352
415 187 419352
427 197 419352
417 18 419352
420 268 419352
419 25 419352
421 89 419352
422 150 419352
425 84 419352
423 209 419352
424 268 419352
429 305 419352
428 11 419352
431 169 419352
434 77 419352
433 270 419352
445 62 419352
435 3 419352
436 19 419352
438 260 419352
448 17 419352
437 35 419352
439 63 419352
440 106 419352
442 428 419352
441 147 419352
443 316 419352
486 256 419352
444 266 419352
447 134 419352
446 39 419352
449 51 419352
451 266 419352
450 0 419352
452 145 419352
462 63 419352
455 381 419352
454 113 419352
456 167 419352
457 193 419352
460 22 419352
458 217 419352
459 241 419352
461 12 419352
464 101 419352
463 23 419352
465 59 419352
468 166 419352
466 9 419352
478 257 419352
470 41 419352
472 215 419352
481 113 419352
473 44 419352
474 0 419352
476 247 419352
475 0 419352
477 101 419352
480 263 419352
479 20 419352
482 25 419352
484 263 419352
483 24 419352
485 109 419352
494 192 419352
488 246 419352
487 11 419352
489 0 419352
490 81 419352
492 214 419352
493 52 419352
491 43 419352
496 166 419352
495 0 419352
