998
278 63 504295
416 167 750326
285 136 776835
399 59 778419
233 206 778465
450 196 778494
363 100 778578
408 144 778593
408 139 778593
408 140 778593
408 141 778593
408 142 778593
408 143 778593
408 135 778593
408 145 778593
408 146 778593
408 147 778593
408 148 778593
408 149 778593
408 150 778593
408 138 778593
408 137 778593
408 136 778593
408 153 778593
408 134 778593
408 133 778593
408 132 778593
408 131 778593
408 130 778593
408 129 778593
408 128 778593
408 127 778593
408 126 778593
408 125 778593
408 124 778593
408 166 778593
408 180 778593
408 179 778593
408 178 778593
408 177 778593
408 176 778593
408 175 778593
408 174 778593
408 173 778593
408 172 778593
408 171 778593
408 170 778593
408 169 778593
408 168 778593
408 167 778593
408 151 778593
408 165 778593
408 164 778593
408 163 778593
408 162 778593
408 161 778593
408 160 778593
408 159 778593
408 158 778593
408 157 778593
408 156 778593
408 155 778593
408 154 778593
408 121 778593
408 152 778593
408 77 778593
408 92 778593
408 91 778593
408 90 778593
408 89 778593
408 88 778593
408 87 778593
408 86 778593
408 85 778593
408 84 778593
408 83 778593
408 82 778593
408 81 778593
408 80 778593
408 79 778593
408 78 778593
408 93 778593
408 76 778593
408 75 778593
408 74 778593
408 73 778593
408 72 778593
408 71 778593
408 70 778593
408 69 778593
408 68 778593
408 67 778593
408 66 778593
408 65 778593
408 64 778593
408 63 778593
408 108 778593
408 122 778593
408 183 778593
408 120 778593
408 119 778593
408 118 778593
408 117 778593
408 116 778593
408 115 778593
408 114 778593
408 113 778593
408 112 778593
408 111 778593
408 110 778593
408 109 778593
408 123 778593
408 107 778593
408 106 778593
408 105 778593
408 104 778593
408 103 778593
408 102 778593
408 101 778593
408 100 778593
408 99 778593
408 98 778593
408 97 778593
408 96 778593
408 95 778593
408 94 778593
408 257 778593
408 272 778593
408 271 778593
408 270 778593
408 269 778593
408 268 778593
408 267 778593
408 266 778593
408 265 778593
408 264 778593
408 263 778593
408 262 778593
408 261 778593
408 260 778593
408 259 778593
408 258 778593
408 273 778593
408 256 778593
408 255 778593
408 254 778593
408 253 778593
408 252 778593
408 251 778593
408 250 778593
408 249 778593
408 248 778593
408 247 778593
408 246 778593
408 245 778593
408 244 778593
408 243 778593
408 288 778593
408 302 778593
408 301 778593
408 300 778593
408 299 778593
408 298 778593
408 297 778593
408 296 778593
408 295 778593
408 294 778593
408 293 778593
408 292 778593
408 291 778593
408 290 778593
408 289 778593
408 242 778593
408 287 778593
408 286 778593
408 284 778593
408 283 778593
408 282 778593
408 281 778593
408 280 778593
408 279 778593
408 277 778593
408 276 778593
408 275 778593
408 274 778593
408 196 778593
408 211 778593
408 210 778593
408 209 778593
408 208 778593
408 207 778593
408 206 778593
408 205 778593
408 204 778593
408 203 778593
408 202 778593
408 201 778593
408 200 778593
408 199 778593
408 198 778593
408 197 778593
408 212 778593
408 195 778593
408 194 778593
408 193 778593
408 192 778593
408 191 778593
408 190 778593
408 189 778593
408 188 778593
408 187 778593
408 186 778593
408 185 778593
408 184 778593
408 61 778593
408 182 778593
408 227 778593
408 241 778593
408 240 778593
408 239 778593
408 238 778593
408 237 778593
408 236 778593
408 235 778593
408 234 778593
408 232 778593
408 231 778593
408 230 778593
408 229 778593
408 228 778593
408 181 778593
408 226 778593
408 225 778593
408 224 778593
408 223 778593
408 222 778593
408 221 778593
408 220 778593
408 219 778593
408 218 778593
408 217 778593
408 216 778593
408 215 778593
408 214 778593
408 213 778593
407 300 778593
407 315 778593
407 314 778593
407 313 778593
407 312 778593
407 311 778593
407 310 778593
407 309 778593
407 308 778593
407 307 778593
407 306 778593
407 305 778593
407 304 778593
407 303 778593
407 316 778593
407 331 778593
407 346 778593
407 345 778593
407 344 778593
407 343 778593
407 342 778593
407 341 778593
407 340 778593
407 339 778593
407 338 778593
407 337 778593
407 336 778593
407 335 778593
407 334 778593
407 333 778593
407 332 778593
407 330 778593
407 329 778593
407 328 778593
407 327 778593
407 326 778593
407 325 778593
407 324 778593
407 323 778593
407 322 778593
407 321 778593
407 320 778593
407 319 778593
407 318 778593
407 317 778593
407 347 778593
408 16 778593
408 31 778593
408 30 778593
408 29 778593
408 28 778593
408 27 778593
408 26 778593
408 25 778593
408 24 778593
408 23 778593
408 22 778593
408 21 778593
408 20 778593
408 19 778593
408 18 778593
408 17 778593
408 32 778593
408 15 778593
408 14 778593
408 13 778593
408 12 778593
408 11 778593
408 10 778593
408 9 778593
408 8 778593
408 7 778593
408 6 778593
408 5 778593
408 4 778593
408 3 778593
408 2 778593
408 47 778593
408 60 778593
408 59 778593
408 58 778593
408 57 778593
408 56 778593
408 55 778593
408 54 778593
408 53 778593
408 52 778593
408 51 778593
408 50 778593
408 49 778593
408 48 778593
408 1 778593
408 46 778593
408 45 778593
408 44 778593
408 43 778593
408 42 778593
408 41 778593
408 40 778593
408 39 778593
408 38 778593
408 37 778593
408 36 778593
408 35 778593
408 34 778593
408 33 778593
407 362 778593
407 377 778593
407 376 778593
407 375 778593
407 374 778593
407 373 778593
407 372 778593
407 371 778593
407 370 778593
407 369 778593
407 368 778593
407 367 778593
407 366 778593
407 365 778593
407 364 778593
407 378 778593
407 361 778593
407 360 778593
407 359 778593
407 358 778593
407 357 778593
407 356 778593
407 355 778593
407 354 778593
407 353 778593
407 352 778593
407 351 778593
407 350 778593
407 349 778593
407 348 778593
407 393 778593
408 0 778593
407 406 778593
407 405 778593
407 404 778593
407 403 778593
407 402 778593
407 401 778593
407 400 778593
407 398 778593
407 397 778593
407 396 778593
407 395 778593
407 394 778593
408 62 778593
407 392 778593
407 391 778593
407 390 778593
407 389 778593
407 388 778593
407 387 778593
407 386 778593
407 385 778593
407 384 778593
407 383 778593
407 382 778593
407 381 778593
407 380 778593
407 379 778593
409 214 778593
413 33 778593
412 384 778593
412 411 778593
412 410 778593
414 107 778593
427 7 778593
426 425 778593
426 424 778593
426 423 778593
426 422 778593
426 421 778593
426 420 778593
426 419 778593
426 418 778593
426 372 778593
426 417 778593
426 415 778593
428 67 778593
431 242 778593
430 428 778593
430 429 778593
432 298 778593
433 3 778593
478 346 778593
478 468 778593
479 5 778593
478 477 778593
478 476 778593
478 475 778593
478 474 778593
478 473 778593
478 472 778593
478 471 778593
478 470 778593
478 469 778593
478 467 778593
478 466 778593
478 465 778593
478 464 778593
478 463 778593
478 462 778593
478 461 778593
478 460 778593
478 459 778593
478 458 778593
478 457 778593
478 456 778593
478 455 778593
478 454 778593
478 453 778593
478 438 778593
478 452 778593
478 451 778593
478 449 778593
478 448 778593
478 447 778593
478 446 778593
478 445 778593
478 444 778593
478 443 778593
478 442 778593
478 441 778593
478 440 778593
478 439 778593
478 437 778593
478 436 778593
478 435 778593
478 434 778593
480 13 778593
482 377 778593
483 17 778593
482 481 778593
484 21 778593
494 375 778593
495 3 778593
494 493 778593
494 492 778593
494 491 778593
494 490 778593
494 489 778593
494 488 778593
494 487 778593
494 486 778593
494 485 778593
496 10 778593
498 342 778593
499 11 778593
498 497 778593
6 4 778593
3 1 778593
3 2 778593
4 0 778593
4 1 778593
5 0 778593
8 3 778593
7 0 778593
14 2 778593
10 4 778593
9 0 778593
16 2 778593
11 0 778593
13 2 778593
12 0 778593
28 19 778593
28 20 778593
15 5 778593
17 4 778593
21 4 778593
18 16 778593
31 22 778593
19 0 778593
22 0 778593
23 9 778593
26 11 778593
24 16 778593
27 14 778593
25 0 778593
57 19 778593
30 23 778593
29 8 778593
32 10 778593
34 19 778593
33 8 778593
35 14 778593
42 23 778593
36 9 778593
37 35 778593
62 58 778593
38 0 778593
39 7 778593
41 3 778593
40 0 778593
43 42 778593
44 0 778593
45 3 778593
46 32 778593
47 15 778593
52 46 778593
49 13 778593
48 17 778593
54 31 778593
50 12 778593
51 36 778593
114 47 778593
53 11 778593
55 8 778593
56 15 778593
61 29 778593
58 23 778593
59 13 778593
60 28 778593
63 15 778593
64 26 778593
69 0 778593
65 9 778593
66 18 778593
70 21 778593
67 0 778593
68 7 778593
84 78 778593
84 79 778593
71 44 778593
72 2 778593
75 58 778593
73 22 778593
125 47 778593
74 9 778593
76 44 778593
84 80 778593
77 16 778593
78 13 778593
82 0 778593
83 8 778593
81 20 778593
87 67 778593
85 55 778593
86 18 778593
88 41 778593
89 1 778593
90 15 778593
93 18 778593
91 18 778593
94 15 778593
92 49 778593
105 54 778593
95 14 778593
98 30 778593
96 40 778593
108 70 778593
97 4 778593
99 11 778593
100 16 778593
103 18 778593
101 38 778593
104 5 778593
102 59 778593
228 101 778593
107 87 778593
106 10 778593
109 55 778593
112 29 778593
110 5 778593
113 7 778593
111 6 778593
122 82 778593
116 62 778593
115 12 778593
117 7 778593
118 12 778593
120 80 778593
119 16 778593
121 50 778593
124 81 778593
123 21 778593
126 15 778593
128 66 778593
127 10 778593
129 28 778593
137 96 778593
130 21 778593
132 35 778593
140 16 778593
131 0 778593
133 11 778593
135 124 778593
134 0 778593
136 79 778593
169 88 778593
139 65 778593
138 20 778593
142 132 778593
141 15 778593
143 80 778593
151 36 778593
144 30 778593
146 45 778593
145 7 778593
250 63 778593
147 7 778593
149 92 778593
148 57 778593
150 33 778593
152 129 778593
153 38 778593
154 7 778593
156 2 778593
155 0 778593
163 107 778593
157 29 778593
159 18 778593
165 114 778593
158 10 778593
160 42 778593
162 26 778593
161 4 778593
164 5 778593
166 42 778593
168 13 778593
167 14 778593
175 34 778593
170 163 778593
171 54 778593
172 5 778593
173 138 778593
174 55 778593
176 103 778593
177 6 778593
179 59 778593
178 54 778593
186 3 778593
180 1 778593
182 6 778593
181 4 778593
187 151 778593
183 7 778593
184 129 778593
185 35 778593
210 136 778593
188 57 778593
189 173 778593
190 74 778593
196 47 778593
191 6 778593
192 90 778593
216 170 778593
193 7 778593
194 193 778593
195 0 778593
197 95 778593
198 7 778593
199 188 778593
200 79 778593
205 197 778593
201 1 778593
202 75 778593
207 120 778593
203 56 778593
204 158 778593
456 209 778593
206 53 778593
208 6 778593
209 102 778593
215 51 778593
211 170 778593
212 20 778593
214 22 778593
213 52 778593
217 47 778593
218 134 778593
219 6 778593
224 29 778593
220 184 778593
225 139 778593
221 25 778593
223 9 778593
222 48 778593
244 233 778593
244 234 778593
226 7 778593
227 85 778593
232 158 778593
229 117 778593
230 9 778593
231 146 778593
233 170 778593
244 235 778593
236 47 778593
240 225 778593
237 208 778593
242 78 778593
238 32 778593
239 221 778593
241 229 778593
243 233 778593
248 226 778593
245 233 778593
246 49 778593
247 230 778593
249 222 778593
251 210 778593
252 49 778593
256 163 778593
253 194 778593
257 241 778593
254 2 778593
255 175 778593
275 1 778593
258 2 778593
259 123 778593
264 36 778593
260 47 778593
261 91 778593
279 205 778593
262 13 778593
263 56 778593
265 16 778593
266 239 778593
267 63 778593
271 117 778593
268 193 778593
272 180 778593
269 3 778593
270 144 778593
273 1 778593
274 32 778593
278 149 778593
276 31 778593
277 182 778593
280 48 778593
281 133 778593
282 171 778593
286 181 778593
283 11 778593
285 131 778593
284 262 778593
291 35 778593
287 17 778593
288 95 778593
289 126 778593
353 248 778593
292 65 778593
290 0 778593
293 17 778593
302 23 778593
294 211 778593
295 7 778593
298 247 778593
296 109 778593
299 283 778593
297 25 778593
300 2 778593
301 81 778593
305 89 778593
303 26 778593
304 150 778593
306 28 778593
338 216 778593
307 209 778593
311 193 778593
308 10 778593
309 81 778593
312 216 778593
310 260 778593
326 296 778593
313 26 778593
314 78 778593
317 261 778593
315 161 778593
330 295 778593
316 29 778593
318 188 778593
319 53 778593
320 39 778593
323 294 778593
321 206 778593
324 305 778593
322 6 778593
325 0 778593
329 290 778593
327 214 778593
328 8 778593
331 58 778593
332 31 778593
335 250 778593
333 186 778593
336 249 778593
334 36 778593
337 6 778593
341 174 778593
339 122 778593
340 271 778593
342 77 778593
349 341 778593
343 222 778593
347 62 778593
344 0 778593
345 22 778593
348 49 778593
346 165 778593
352 266 778593
350 236 778593
351 7 778593
354 17 778593
355 28 778593
358 88 778593
356 70 778593
359 64 778593
357 202 778593
371 230 778593
360 102 778593
363 238 778593
361 229 778593
375 49 778593
362 51 778593
364 119 778593
365 243 778593
368 363 778593
366 61 778593
367 0 778593
369 329 778593
420 366 778593
370 53 778593
374 89 778593
372 103 778593
373 219 778593
376 71 778593
379 158 778593
377 182 778593
380 113 778593
378 17 778593
392 26 778593
381 130 778593
384 202 778593
382 236 778593
433 35 778593
383 37 778593
385 62 778593
386 165 778593
389 222 778593
387 266 778593
390 167 778593
388 0 778593
391 174 778593
394 216 778593
393 61 778593
395 66 778593
396 159 778593
399 187 778593
397 250 778593
400 122 778593
398 36 778593
411 203 778593
401 119 778593
404 131 778593
402 205 778593
405 61 778593
403 15 778593
414 277 778593
406 53 778593
409 48 778593
407 134 778593
408 213 778593
450 196 778593
416 167 778593
410 4 778593
413 354 778593
412 36 778593
415 258 778593
418 229 778593
419 145 778593
417 0 778593
430 18 778593
423 77 778593
421 190 778593
422 256 778593
424 9 778593
425 51 778593
427 328 778593
426 23 778593
428 235 778593
429 204 778593
432 132 778593
431 15 778593
434 0 778593
436 347 778593
435 51 778593
437 245 778593
447 369 778593
438 205 778593
441 106 778593
439 254 778593
440 0 778593
442 19 778593
443 45 778593
445 286 778593
444 0 778593
446 175 778593
489 226 778593
448 166 778593
449 206 778593
451 7 778593
454 144 778593
452 14 778593
455 24 778593
453 49 778593
464 431 778593
458 271 778593
457 58 778593
459 57 778593
460 85 778593
462 382 778593
461 112 778593
463 254 778593
467 11 778593
465 211 778593
466 234 778593
468 0 778593
471 86 778593
469 19 778593
470 8 778593
481 204 778593
472 42 778593
475 145 778593
473 57 778593
484 67 778593
474 9 778593
476 0 778593
477 16 778593
479 189 778593
480 44 778593
478 0 778593
483 216 778593
482 28 778593
485 70 778593
487 227 778593
488 74 778593
486 43 778593
497 185 778593
491 222 778593
490 42 778593
492 36 778593
493 61 778593
495 202 778593
496 41 778593
494 26 778593
499 165 778593
498 11 778593
