998
331 27 2116
436 222 2420
146 115 2611
492 358 3990
491 92 4314
345 254 4838
315 166 5946
263 194 6590
185 51 8627
48 45 13283
424 327 13707
376 246 14227
295 50 15030
416 160 16722
313 247 17524
267 263 21544
277 169 22269
293 85 24011
486 346 25995
298 50 26380
283 104 26751
129 2 27309
412 326 28406
447 345 28601
464 367 29171
471 218 29656
392 296 30096
452 353 31904
489 104 31910
494 466 31937
429 37 32565
273 60 33169
137 89 33529
227 145 34567
363 337 34767
402 170 35238
387 61 36279
410 53 36379
360 176 38053
336 300 38381
77 22 38444
344 307 38509
152 86 38761
176 98 39560
286 153 39653
299 103 39929
308 182 41196
466 166 42111
259 26 44099
260 111 44140
303 26 47906
151 145 48669
494 57 49228
325 181 49367
335 294 49894
446 348 49996
471 429 51831
419 149 53278
288 68 54524
277 0 55256
489 265 55418
301 177 55459
401 256 56636
468 10 56726
363 191 56901
469 205 59797
482 21 61416
358 285 62179
200 34 63139
457 257 63485
416 385 63594
261 141 65033
428 209 65398
427 71 66124
457 374 66443
419 286 66892
206 111 67025
260 156 68531
476 142 69615
44 20 70603
370 49 70859
421 189 72415
66 15 72791
351 198 72820
425 225 72830
363 283 73326
435 391 74664
372 255 75276
151 144 76032
187 29 76213
470 177 76824
364 5 77730
347 313 77828
278 81 78483
97 75 79178
249 232 79912
189 176 81279
425 88 82260
161 18 83290
110 18 84654
165 31 85262
153 129 85297
421 344 85464
481 227 85866
297 84 86608
355 46 87525
430 385 89827
161 35 90945
116 42 91309
368 358 91527
333 76 93417
155 26 94339
192 5 94374
65 17 94581
385 31 94762
408 207 94792
486 403 96024
242 235 96764
495 429 97198
379 178 97372
462 380 98012
161 108 98554
473 224 99422
237 147 100762
133 49 101036
468 98 101174
421 257 101409
77 73 101533
268 37 102818
358 137 103815
345 85 104967
499 181 105457
309 99 105895
438 37 106014
251 93 106016
352 47 106591
366 112 106722
240 111 107948
490 267 108163
276 225 110202
417 250 110526
479 257 111209
453 380 112797
238 111 113688
472 205 114302
468 448 114308
181 0 114368
222 180 114565
347 153 114740
188 62 114870
407 338 115930
195 180 116111
243 138 116686
234 124 117023
264 188 117935
430 164 118007
105 6 118075
244 60 120118
471 220 122542
428 325 123133
229 84 123571
431 424 124820
164 26 125475
87 80 126434
431 101 126692
497 279 126715
459 40 126863
483 395 128010
172 115 128591
230 151 129097
302 168 129711
292 174 130196
356 7 130212
331 39 130389
361 96 130641
375 284 131002
410 201 131144
487 359 131280
465 264 131299
160 6 132187
176 74 132513
389 244 132724
440 32 132944
172 83 132950
315 52 134414
362 185 135320
477 355 135330
120 89 135631
146 132 136166
351 229 136679
147 24 138779
456 72 138892
452 80 138898
275 25 139142
479 96 139313
472 418 139785
481 274 139846
165 37 140888
148 39 141035
104 4 141274
475 20 143596
132 91 143721
478 347 143807
471 460 144813
169 52 145106
326 256 145118
314 85 145203
264 231 146215
274 9 146827
113 50 148340
404 136 148479
342 227 149368
454 443 149419
311 36 149550
272 16 149832
400 289 150559
367 122 151597
376 341 151661
306 112 152859
414 342 153012
471 22 153779
235 226 154373
107 49 154432
301 204 154699
495 36 156649
294 201 157168
365 301 158324
312 21 159419
304 82 159700
419 110 160401
225 167 160810
259 245 160850
240 43 161172
432 415 161643
421 158 161808
473 126 162341
453 177 162971
223 55 164730
448 29 165344
350 254 165722
191 142 166041
461 30 166174
381 104 166440
315 108 166456
418 53 167752
411 177 168039
340 196 168182
355 231 168469
187 54 168721
338 250 168857
108 26 169470
361 105 170009
473 210 170906
240 129 171108
282 91 171755
401 385 172050
332 304 172180
306 253 172600
426 170 172672
266 264 172822
257 42 173406
443 184 173525
363 147 176835
450 89 176974
347 205 178047
346 112 178136
402 88 179608
473 349 179631
267 245 179669
384 284 180343
376 315 180865
334 228 181307
343 246 182280
114 89 182454
264 60 183278
416 140 183707
398 301 184819
334 68 185567
168 132 185602
461 165 185929
397 161 186013
190 112 186181
270 30 188092
199 58 188393
231 72 192484
374 202 193525
424 398 194883
345 10 197727
248 149 198405
375 42 198430
295 185 199421
426 63 201709
444 112 201718
354 262 202287
290 94 203277
460 308 205637
273 121 205649
295 187 206074
272 89 207305
352 259 207476
482 189 207541
320 15 207653
493 300 209818
403 330 209961
195 82 210125
463 235 211545
489 98 211627
174 20 211759
284 261 211886
164 34 212122
176 68 213115
233 78 215243
290 156 216331
334 242 216929
409 377 217322
429 124 217490
266 111 218017
337 84 218314
138 46 219089
171 131 219614
484 141 219872
378 155 219876
408 319 221840
191 131 223440
236 69 223620
233 128 224186
494 388 224460
316 70 224640
118 75 225261
435 254 226037
234 1 226372
355 331 227109
304 128 229284
474 214 229288
396 286 231320
495 38 232528
343 17 232655
474 148 233846
217 176 234963
399 67 237364
493 314 238289
304 130 238339
478 319 238893
493 49 240253
435 179 241167
483 171 241210
272 105 242637
449 340 243058
449 190 243552
258 167 243846
115 19 244437
469 349 244528
248 82 244819
249 123 245091
277 193 245704
41 29 246151
366 200 247316
369 352 247636
405 268 248488
229 162 248763
302 207 250318
100 81 251658
204 15 253735
336 20 253989
248 178 254662
365 47 254776
454 414 256510
245 139 257260
304 186 258083
492 452 258117
423 214 258615
326 157 258621
458 139 259155
494 280 259247
297 97 259303
434 362 261326
426 90 263135
263 70 263323
470 437 264510
493 28 266110
133 69 266914
474 88 268075
382 140 268267
453 117 268398
244 93 269544
383 357 271110
451 43 272924
318 22 273147
490 422 274597
440 119 275109
392 159 276261
318 310 277522
255 230 278721
442 363 279704
213 102 280705
357 79 281610
326 323 282302
338 47 283026
90 86 284340
133 102 284424
475 459 285438
400 47 289960
481 308 292244
459 134 293253
408 208 296450
271 46 296975
496 109 298010
192 165 298359
393 35 298836
105 103 299031
232 106 302292
341 123 303721
475 305 304287
456 394 305586
274 12 307502
339 42 311696
333 307 312079
445 153 313226
498 207 314951
322 120 315238
321 218 316030
252 59 317297
390 97 318209
449 324 321663
291 249 321671
136 57 322215
478 371 322762
154 127 323205
241 50 327991
439 434 329708
230 109 331163
309 251 335397
177 92 335473
396 367 340629
221 158 341096
203 12 343122
497 282 343477
150 112 345523
252 71 346128
135 96 348166
497 441 351713
386 19 352002
430 79 352444
383 359 357084
396 125 359088
409 293 359091
354 44 359381
348 115 359536
252 175 360620
476 281 365187
296 85 367036
312 269 369003
354 23 374761
143 7 378181
484 212 379934
484 329 380990
370 33 381367
270 119 388186
81 48 388289
433 48 399744
228 14 400424
306 81 400664
477 211 417105
485 226 428637
445 175 432896
433 215 433256
442 420 436102
196 56 443499
39 11 443586
467 169 445889
197 73 450028
399 55 451377
387 14 451494
297 13 453398
390 328 453702
478 216 457572
363 275 460189
231 67 462343
317 229 465316
403 173 469331
239 29 478558
415 4 478574
461 455 480171
231 127 483565
189 64 487420
78 7 492240
58 14 499879
406 162 525571
183 61 527940
373 191 569056
458 95 578462
488 276 585746
480 252 588625
468 163 595306
219 94 637284
394 3 653944
375 8 684220
413 30 730892
287 18 800475
220 122 999725
122 62 999725
122 63 999725
474 367 999725
122 77 999725
122 66 999725
122 68 999725
122 69 999725
122 70 999725
371 367 999725
122 72 999725
122 73 999725
122 74 999725
122 75 999725
122 76 999725
122 65 999725
122 60 999725
367 347 999725
367 346 999725
367 345 999725
367 344 999725
274 122 999725
367 343 999725
367 342 999725
367 341 999725
368 367 999725
367 339 999725
367 338 999725
410 122 999725
380 367 999725
367 337 999725
122 92 999725
122 26 999725
122 17 999725
122 78 999725
122 80 999725
122 82 999725
122 83 999725
122 84 999725
122 85 999725
122 86 999725
122 87 999725
122 88 999725
122 50 999725
122 90 999725
122 91 999725
367 336 999725
122 93 999725
181 122 999725
122 94 999725
122 96 999725
122 97 999725
122 98 999725
122 99 999725
122 89 999725
122 51 999725
475 122 999725
122 52 999725
122 53 999725
122 54 999725
122 57 999725
367 332 999725
367 305 999725
367 304 999725
367 303 999725
217 122 999725
473 367 999725
367 301 999725
367 300 999725
367 299 999725
367 298 999725
483 464 999725
449 367 999725
326 122 999725
122 5 999725
367 302 999725
367 333 999725
367 306 999725
367 331 999725
367 330 999725
367 327 999725
246 122 999725
426 122 999725
367 326 999725
367 325 999725
367 312 999725
367 323 999725
367 322 999725
367 321 999725
367 320 999725
367 319 999725
367 318 999725
367 361 999725
367 335 999725
367 334 999725
243 122 999725
367 340 999725
388 122 999725
425 367 999725
258 122 999725
496 122 999725
472 122 999725
367 365 999725
367 364 999725
367 363 999725
367 349 999725
484 367 999725
367 360 999725
367 358 999725
367 355 999725
367 353 999725
367 352 999725
367 351 999725
177 122 999725
367 350 999725
367 362 999725
367 311 999725
367 310 999725
367 309 999725
367 308 999725
367 307 999725
273 122 999725
122 112 999725
122 113 999725
122 114 999725
372 122 999725
122 115 999725
122 116 999725
122 117 999725
122 108 999725
476 367 999725
424 122 999725
208 122 999725
493 367 999725
493 464 999725
384 122 999725
122 111 999725
385 122 999725
448 367 999725
494 122 999725
447 367 999725
313 122 999725
179 122 999725
397 122 999725
495 122 999725
423 122 999725
370 367 999725
123 122 999725
241 122 999725
294 122 999725
124 122 999725
247 122 999725
180 122 999725
491 464 999725
122 101 999725
122 102 999725
122 103 999725
272 122 999725
122 104 999725
218 122 999725
122 105 999725
122 106 999725
122 107 999725
122 118 999725
122 109 999725
122 110 999725
122 40 999725
411 122 999725
122 41 999725
122 42 999725
122 43 999725
122 44 999725
122 46 999725
122 47 999725
122 49 999725
122 39 999725
122 6 999725
122 9 999725
122 10 999725
122 12 999725
122 15 999725
229 122 999725
122 4 999725
122 2 999725
122 16 999725
122 27 999725
122 18 999725
122 19 999725
122 20 999725
122 1 999725
122 21 999725
122 22 999725
122 24 999725
122 0 999725
295 122 999725
242 122 999725
402 367 999725
315 122 999725
230 122 999725
492 122 999725
367 316 999725
314 122 999725
182 122 999725
122 28 999725
122 29 999725
122 30 999725
122 31 999725
122 34 999725
122 35 999725
122 36 999725
122 37 999725
122 38 999725
491 462 999725
491 471 999725
491 470 999725
396 92 999725
491 469 999725
491 453 999725
491 466 999725
491 465 999725
491 479 999725
491 463 999725
491 461 999725
491 460 999725
491 459 999725
491 458 999725
491 457 999725
491 456 999725
491 454 999725
491 468 999725
491 486 999725
491 489 999725
491 443 999725
491 452 999725
491 451 999725
491 450 999725
491 445 999725
491 444 999725
233 92 999725
491 442 999725
491 439 999725
491 438 999725
389 92 999725
491 437 999725
405 92 999725
491 436 999725
238 92 999725
491 478 999725
491 477 999725
491 417 999725
491 428 999725
491 482 999725
491 412 999725
235 92 999725
498 92 999725
491 422 999725
491 421 999725
491 419 999725
491 418 999725
491 416 999725
491 414 999725
491 169 999725
491 168 999725
491 290 999725
491 291 999725
491 292 999725
491 167 999725
491 166 999725
491 293 999725
491 408 999725
391 92 999725
491 407 999725
491 490 999725
403 92 999725
491 404 999725
393 92 999725
491 435 999725
491 434 999725
491 431 999725
491 481 999725
491 430 999725
491 429 999725
499 92 999725
231 92 999725
491 398 999725
236 92 999725
491 400 999725
207 122 999725
367 324 999725
178 122 999725
255 122 999725
184 122 999725
369 367 999725
257 122 999725
248 122 999725
256 122 999725
367 366 999725
491 390 999725
491 382 999725
491 381 999725
394 92 999725
491 401 999725
491 395 999725
491 379 999725
491 378 999725
232 92 999725
136 122 999725
155 122 999725
375 367 999725
156 122 999725
285 122 999725
280 122 999725
376 122 999725
240 122 999725
164 122 999725
165 122 999725
162 122 999725
138 122 999725
172 122 999725
128 122 999725
157 122 999725
158 122 999725
284 122 999725
213 122 999725
249 122 999725
282 122 999725
160 122 999725
283 122 999725
161 122 999725
153 122 999725
286 122 999725
139 122 999725
251 122 999725
464 374 999725
227 122 999725
137 122 999725
129 122 999725
464 144 999725
464 120 999725
142 122 999725
464 126 999725
464 152 999725
464 151 999725
464 149 999725
464 148 999725
464 147 999725
464 145 999725
133 122 999725
464 141 999725
464 140 999725
464 146 999725
210 122 999725
276 122 999725
170 122 999725
174 122 999725
228 122 999725
253 122 999725
131 122 999725
171 122 999725
130 122 999725
277 122 999725
226 122 999725
254 122 999725
132 122 999725
209 122 999725
134 122 999725
464 187 999725
464 192 999725
464 191 999725
464 190 999725
464 189 999725
464 188 999725
464 186 999725
464 185 999725
464 193 999725
464 289 999725
464 288 999725
464 225 999725
464 224 999725
464 222 999725
464 176 999725
464 195 999725
464 194 999725
250 122 999725
464 245 999725
464 244 999725
464 271 999725
464 270 999725
464 267 999725
464 266 999725
464 265 999725
464 264 999725
464 263 999725
464 261 999725
464 260 999725
464 259 999725
464 268 999725
122 121 999725
464 297 999725
464 205 999725
464 214 999725
464 206 999725
464 204 999725
464 202 999725
464 201 999725
464 200 999725
464 198 999725
464 196 999725
464 237 999725
464 234 999725
497 228 999725
463 279 999725
475 203 999725
497 221 999725
154 127 999725
377 334 999725
471 409 999725
393 354 999725
262 107 999725
377 359 999725
377 357 999725
262 135 999725
354 79 999725
441 262 999725
487 409 999725
386 377 999725
377 125 999725
262 150 999725
383 262 999725
281 21 999725
348 246 999725
446 188 999725
427 175 999725
175 59 999725
175 71 999725
252 175 999725
315 159 999725
358 296 999725
448 392 999725
415 118 999725
432 395 999725
415 119 999725
432 45 999725
432 55 999725
432 56 999725
432 329 999725
432 175 999725
432 387 999725
432 61 999725
461 455 999725
432 67 999725
432 197 999725
432 173 999725
455 317 999725
455 399 999725
432 32 999725
440 415 999725
432 48 999725
432 223 999725
432 328 999725
432 33 999725
432 81 999725
432 100 999725
420 415 999725
432 23 999725
432 25 999725
432 211 999725
432 215 999725
432 216 999725
432 212 999725
455 275 999725
455 278 999725
455 433 999725
467 455 999725
455 11 999725
455 13 999725
455 239 999725
455 269 999725
181 127 999725
154 14 999725
485 455 999725
362 64 999725
197 7 999725
450 143 999725
485 356 999725
469 163 999725
199 163 999725
219 53 999725
219 95 999725
183 163 999725
163 58 999725
488 163 999725
373 163 999725
406 163 999725
420 3 999725
480 3 999725
493 413 999725
413 8 999725
287 142 999725
