998
313 312 349922
361 360 349922
75 74 349922
345 344 349922
161 160 349922
461 460 349922
73 72 349922
191 190 349922
239 238 349922
297 296 349922
401 400 349922
71 70 349922
163 162 349922
69 68 349922
259 258 349922
261 260 349922
189 188 349922
389 388 349922
67 66 349922
427 426 349922
359 358 349922
241 240 349922
437 436 349922
65 64 349922
347 346 349922
471 470 349922
165 164 349922
299 298 349922
495 494 349922
63 62 349922
157 156 349922
197 196 349922
385 384 349922
87 86 349922
155 154 349922
317 316 349922
85 84 349922
363 362 349922
459 458 349922
235 234 349922
343 342 349922
83 82 349922
195 194 349922
263 262 349922
403 402 349922
187 186 349922
81 80 349922
295 294 349922
237 236 349922
79 78 349922
425 424 349922
193 192 349922
159 158 349922
387 386 349922
439 438 349922
473 472 349922
493 492 349922
315 314 349922
77 76 349922
393 392 349922
497 496 349922
397 396 349922
43 42 349922
41 40 349922
253 252 349922
303 302 349922
465 464 349922
39 38 349922
181 180 349922
355 354 349922
351 350 349922
173 172 349922
247 246 349922
37 36 349922
45 44 349922
35 34 349922
33 32 349922
31 30 349922
431 430 349922
307 306 349922
29 28 349922
433 432 349922
179 178 349922
27 26 349922
175 174 349922
251 250 349922
25 24 349922
23 22 349922
53 52 349922
61 60 349922
257 256 349922
399 398 349922
59 58 349922
463 462 349922
167 166 349922
311 310 349922
243 242 349922
57 56 349922
55 54 349922
185 184 349922
391 390 349922
357 356 349922
301 300 349922
293 292 349922
349 348 349922
169 168 349922
429 428 349922
255 254 349922
51 50 349922
435 434 349922
49 48 349922
245 244 349922
183 182 349922
469 468 349922
47 46 349922
309 308 349922
171 170 349922
137 136 349922
117 116 349922
221 220 349922
283 282 349922
411 410 349922
211 210 349922
275 274 349922
135 134 349922
115 114 349922
447 446 349922
371 370 349922
417 416 349922
453 452 349922
113 112 349922
223 222 349922
333 332 349922
209 208 349922
325 324 349922
285 284 349922
335 334 349922
111 110 349922
379 378 349922
273 272 349922
139 138 349922
109 108 349922
479 478 349922
487 486 349922
409 408 349922
225 224 349922
451 450 349922
483 482 349922
125 124 349922
279 278 349922
375 374 349922
217 216 349922
127 126 349922
215 214 349922
413 412 349922
123 122 349922
329 328 349922
331 330 349922
449 448 349922
129 128 349922
281 280 349922
207 206 349922
121 120 349922
415 414 349922
373 372 349922
219 218 349922
277 276 349922
213 212 349922
131 130 349922
119 118 349922
377 376 349922
481 480 349922
485 484 349922
133 132 349922
327 326 349922
151 150 349922
339 338 349922
443 442 349922
421 420 349922
97 96 349922
201 200 349922
149 148 349922
383 382 349922
457 456 349922
231 230 349922
95 94 349922
267 266 349922
291 290 349922
365 364 349922
93 92 349922
99 98 349922
319 318 349922
405 404 349922
199 198 349922
341 340 349922
91 90 349922
233 232 349922
475 474 349922
153 152 349922
491 490 349922
265 264 349922
89 88 349922
423 422 349922
441 440 349922
381 380 349922
369 368 349922
141 140 349922
107 106 349922
445 444 349922
287 286 349922
419 418 349922
271 270 349922
323 322 349922
337 336 349922
105 104 349922
143 142 349922
205 204 349922
455 454 349922
227 226 349922
499 498 349922
103 102 349922
145 144 349922
101 100 349922
407 406 349922
367 366 349922
203 202 349922
269 268 349922
289 288 349922
229 228 349922
477 476 349922
489 488 349922
321 320 349922
147 146 349922
395 394 349922
13 12 349922
305 304 349922
15 14 349922
177 176 349922
353 352 349922
11 10 349922
7 6 349922
5 4 349922
9 8 349922
1 0 349922
17 16 349922
21 20 349922
19 18 349922
3 2 349922
467 466 349922
249 248 349922
408 241 439461
408 238 439461
408 246 439461
408 242 439461
408 244 439461
408 249 439461
408 237 439461
408 235 439461
408 233 439461
408 231 439461
408 229 439461
408 227 439461
408 225 439461
408 223 439461
408 261 439461
408 274 439461
408 273 439461
408 271 439461
408 269 439461
408 267 439461
408 265 439461
408 263 439461
408 259 439461
408 257 439461
408 255 439461
408 253 439461
408 251 439461
408 219 439461
408 178 439461
408 192 439461
408 191 439461
408 189 439461
408 187 439461
408 185 439461
408 183 439461
408 181 439461
408 177 439461
408 175 439461
408 173 439461
408 171 439461
408 169 439461
408 167 439461
408 165 439461
408 208 439461
408 221 439461
408 280 439461
408 217 439461
408 215 439461
408 213 439461
408 211 439461
395 316 439461
408 207 439461
408 205 439461
408 203 439461
408 201 439461
408 199 439461
408 197 439461
408 195 439461
408 348 439461
408 362 439461
408 361 439461
408 359 439461
408 357 439461
408 355 439461
408 353 439461
408 351 439461
408 347 439461
408 345 439461
408 343 439461
408 341 439461
408 339 439461
408 337 439461
408 335 439461
408 376 439461
408 393 439461
408 389 439461
408 387 439461
408 385 439461
408 383 439461
408 381 439461
408 379 439461
408 333 439461
408 375 439461
408 373 439461
395 314 439461
408 371 439461
408 369 439461
408 367 439461
408 365 439461
408 290 439461
408 303 439461
408 301 439461
408 299 439461
408 297 439461
408 295 439461
408 293 439461
408 304 439461
408 289 439461
408 287 439461
408 285 439461
408 283 439461
408 390 439461
408 279 439461
408 277 439461
408 318 439461
408 331 439461
408 329 439461
408 327 439461
408 325 439461
408 323 439461
408 321 439461
408 317 439461
408 313 439461
408 311 439461
408 309 439461
408 307 439461
408 14 439461
408 13 439461
408 11 439461
408 9 439461
408 7 439461
408 5 439461
408 3 439461
408 1 439461
407 405 439461
407 403 439461
407 401 439461
407 399 439461
407 397 439461
407 395 439461
408 29 439461
408 43 439461
408 41 439461
408 39 439461
408 37 439461
408 35 439461
408 33 439461
408 31 439461
408 27 439461
408 25 439461
408 23 439461
408 21 439461
408 19 439461
408 17 439461
408 44 439461
408 119 439461
408 132 439461
408 131 439461
408 129 439461
408 127 439461
408 125 439461
408 123 439461
408 121 439461
408 117 439461
408 115 439461
408 113 439461
408 111 439461
408 109 439461
408 107 439461
408 105 439461
408 148 439461
408 162 439461
408 161 439461
408 159 439461
408 157 439461
408 155 439461
408 153 439461
408 151 439461
408 147 439461
408 145 439461
408 143 439461
408 141 439461
408 139 439461
408 137 439461
408 135 439461
408 59 439461
408 73 439461
408 71 439461
408 69 439461
408 67 439461
408 65 439461
408 63 439461
408 61 439461
408 74 439461
408 57 439461
408 55 439461
408 53 439461
408 51 439461
408 49 439461
408 47 439461
408 89 439461
408 103 439461
408 101 439461
408 99 439461
408 97 439461
408 95 439461
408 93 439461
408 91 439461
408 87 439461
408 85 439461
408 83 439461
408 81 439461
408 79 439461
408 77 439461
410 10 439461
413 54 439461
414 109 439461
433 35 439461
427 7 439461
426 425 439461
426 423 439461
426 421 439461
426 419 439461
426 417 439461
428 68 439461
431 243 439461
478 346 439461
478 468 439461
478 477 439461
478 475 439461
478 473 439461
478 471 439461
478 467 439461
478 465 439461
478 463 439461
478 461 439461
478 459 439461
478 457 439461
478 455 439461
478 453 439461
478 438 439461
478 451 439461
478 449 439461
478 447 439461
478 445 439461
478 443 439461
478 441 439461
478 437 439461
478 435 439461
480 14 439461
482 377 439461
484 22 439461
494 374 439461
494 493 439461
494 491 439461
494 489 439461
494 487 439461
496 10 439461
498 341 439461
14 7 439461
15 8 439461
12 1 439461
12 2 439461
12 3 439461
12 4 439461
12 5 439461
12 6 439461
12 7 439461
12 8 439461
12 9 439461
12 10 439461
12 11 439461
13 0 439461
13 1 439461
16 8 439461
29 3 439461
29 18 439461
28 1 439461
30 4 439461
28 17 439461
28 19 439461
28 20 439461
28 21 439461
28 22 439461
28 23 439461
28 24 439461
28 25 439461
28 26 439461
28 27 439461
57 43 439461
58 2 439461
57 14 439461
57 31 439461
57 32 439461
57 33 439461
57 34 439461
57 35 439461
57 36 439461
57 37 439461
57 38 439461
57 39 439461
57 40 439461
57 41 439461
57 42 439461
57 44 439461
57 45 439461
57 46 439461
57 47 439461
57 48 439461
57 49 439461
57 50 439461
57 51 439461
57 52 439461
57 53 439461
57 54 439461
57 55 439461
114 80 439461
114 65 439461
114 66 439461
114 67 439461
114 68 439461
114 69 439461
114 70 439461
114 71 439461
114 72 439461
114 73 439461
114 74 439461
114 75 439461
114 76 439461
114 77 439461
114 78 439461
114 94 439461
114 109 439461
114 81 439461
114 82 439461
114 83 439461
114 84 439461
114 85 439461
114 86 439461
114 87 439461
114 88 439461
114 89 439461
114 90 439461
114 91 439461
114 92 439461
114 93 439461
114 79 439461
89 20 439461
114 95 439461
114 96 439461
114 97 439461
114 98 439461
114 99 439461
114 100 439461
114 101 439461
114 102 439461
114 103 439461
114 104 439461
114 105 439461
114 106 439461
114 107 439461
114 108 439461
114 110 439461
114 111 439461
114 112 439461
114 113 439461
115 0 439461
56 24 439461
61 40 439461
62 10 439461
59 20 439461
60 54 439461
63 9 439461
64 35 439461
228 180 439461
228 181 439461
228 182 439461
228 183 439461
228 184 439461
228 170 439461
228 155 439461
228 156 439461
228 157 439461
228 158 439461
228 159 439461
228 160 439461
228 161 439461
228 162 439461
228 163 439461
228 179 439461
228 165 439461
228 166 439461
228 167 439461
228 168 439461
228 169 439461
228 154 439461
228 171 439461
228 172 439461
228 173 439461
228 174 439461
228 175 439461
228 176 439461
228 177 439461
228 178 439461
228 164 439461
229 13 439461
228 199 439461
228 185 439461
228 186 439461
228 187 439461
228 188 439461
228 189 439461
228 190 439461
228 191 439461
228 192 439461
228 193 439461
177 83 439461
228 195 439461
228 196 439461
228 197 439461
228 198 439461
228 200 439461
228 201 439461
228 202 439461
228 203 439461
228 204 439461
228 205 439461
228 206 439461
228 207 439461
228 208 439461
228 194 439461
228 150 439461
228 151 439461
228 152 439461
228 153 439461
123 10 439461
122 119 439461
122 104 439461
122 117 439461
122 118 439461
122 120 439461
122 121 439461
122 116 439461
125 7 439461
124 119 439461
126 38 439461
128 90 439461
129 8 439461
128 127 439461
137 123 439461
138 32 439461
137 130 439461
137 131 439461
137 132 439461
137 133 439461
137 135 439461
134 26 439461
136 16 439461
169 139 439461
169 140 439461
169 141 439461
143 16 439461
142 35 439461
147 47 439461
144 102 439461
146 117 439461
145 94 439461
148 11 439461
149 121 439461
211 7 439461
210 203 439461
210 209 439461
456 222 439461
456 211 439461
456 212 439461
456 213 439461
456 214 439461
456 215 439461
456 216 439461
456 217 439461
456 218 439461
456 219 439461
456 220 439461
456 221 439461
456 223 439461
456 224 439461
433 36 439461
456 226 439461
456 227 439461
456 230 439461
456 231 439461
456 232 439461
456 233 439461
456 234 439461
456 235 439461
456 236 439461
456 237 439461
456 284 439461
456 272 439461
456 273 439461
456 274 439461
456 275 439461
456 276 439461
456 277 439461
456 278 439461
456 279 439461
456 280 439461
456 281 439461
456 282 439461
456 283 439461
456 285 439461
456 240 439461
456 287 439461
456 288 439461
456 289 439461
456 290 439461
456 291 439461
456 292 439461
456 293 439461
456 294 439461
456 295 439461
456 296 439461
456 297 439461
456 298 439461
456 238 439461
456 239 439461
456 225 439461
245 69 439461
241 63 439461
242 68 439461
243 5 439461
244 70 439461
249 58 439461
246 158 439461
247 0 439461
248 63 439461
250 53 439461
251 1 439461
252 41 439461
256 245 439461
256 253 439461
256 254 439461
256 255 439461
257 0 439461
265 188 439461
258 39 439461
259 205 439461
260 37 439461
264 119 439461
261 173 439461
262 2 439461
263 138 439461
266 24 439461
267 62 439461
271 206 439461
269 97 439461
268 122 439461
270 234 439461
338 310 439461
338 303 439461
338 304 439461
338 305 439461
338 306 439461
338 307 439461
338 308 439461
338 309 439461
338 311 439461
338 312 439461
338 313 439461
338 314 439461
338 315 439461
338 316 439461
306 202 439461
338 318 439461
338 319 439461
338 320 439461
338 321 439461
338 322 439461
338 323 439461
338 324 439461
286 263 439461
302 108 439461
353 335 439461
299 32 439461
300 68 439461
301 165 439461
338 325 439461
327 79 439461
317 124 439461
326 164 439461
330 72 439461
328 63 439461
329 159 439461
331 48 439461
332 129 439461
336 13 439461
334 29 439461
333 282 439461
335 105 439461
350 92 439461
342 253 439461
337 101 439461
341 269 439461
339 298 439461
340 64 439461
343 21 439461
347 165 439461
345 198 439461
344 44 439461
346 269 439461
348 64 439461
349 31 439461
351 63 439461
352 126 439461
355 21 439461
354 226 439461
358 173 439461
356 249 439461
357 286 439461
371 317 439461
372 11 439461
364 298 439461
371 363 439461
371 365 439461
371 366 439461
371 367 439461
371 368 439461
371 369 439461
371 362 439461
371 359 439461
371 360 439461
371 361 439461
420 347 439461
421 4 439461
420 391 439461
414 271 439461
420 378 439461
420 379 439461
420 380 439461
420 381 439461
420 382 439461
420 383 439461
420 384 439461
420 385 439461
420 386 439461
420 387 439461
420 388 439461
420 389 439461
420 390 439461
420 392 439461
420 377 439461
420 407 439461
420 408 439461
420 409 439461
420 410 439461
420 411 439461
420 412 439461
420 413 439461
420 415 439461
420 416 439461
420 417 439461
420 418 439461
420 419 439461
420 376 439461
420 393 439461
420 394 439461
420 395 439461
420 396 439461
420 397 439461
420 398 439461
420 399 439461
420 400 439461
420 401 439461
420 402 439461
420 403 439461
420 404 439461
420 405 439461
420 406 439461
420 370 439461
420 373 439461
420 374 439461
420 375 439461
467 466 439461
433 432 439461
431 430 439461
465 464 439461
469 468 439461
435 434 439461
429 428 439461
463 462 439461
495 494 439461
471 470 439461
437 436 439461
427 426 439461
461 460 439461
497 496 439461
493 492 439461
473 472 439461
439 438 439461
425 424 439461
459 458 439461
475 474 439461
445 444 439461
441 440 439461
423 422 439461
491 490 439461
457 456 439461
489 488 439461
477 476 439461
499 498 439461
455 454 439461
483 482 439461
451 450 439461
487 486 439461
479 478 439461
453 452 439461
447 446 439461
443 442 439461
485 484 439461
481 480 439461
449 448 439461
430 83 439461
429 419 439461
429 422 439461
429 424 439461
429 426 439461
434 25 439461
436 373 439461
447 396 439461
442 2 439461
448 12 439461
447 444 439461
447 438 439461
447 440 439461
489 241 439461
467 346 439461
450 29 439461
454 160 439461
452 409 439461
464 449 439461
459 148 439461
464 460 439461
464 462 439461
468 257 439461
471 68 439461
481 187 439461
476 6 439461
472 326 439461
475 125 439461
479 175 439461
483 215 439461
484 0 439461
487 200 439461
497 158 439461
492 66 439461
491 193 439461
495 178 439461
499 139 439461
