998
61 18 484
38 31 9569
20 2 16152
499 221 16152
131 29 18193
352 183 18193
35 5 18193
496 323 19991
350 324 22884
467 168 25401
182 80 27195
129 7 30498
494 211 32322
89 3 34553
190 8 35158
448 302 35158
183 161 35666
341 34 36199
317 313 44904
67 14 44904
226 60 45520
358 131 45855
435 16 48198
261 140 48198
472 273 53059
211 56 56721
251 184 56721
229 71 66288
182 132 66590
230 80 66605
176 20 66605
8 7 70674
127 18 75273
206 97 79444
23 19 79444
447 386 82768
38 33 84552
440 427 84552
498 329 88946
252 169 90645
37 20 90645
112 57 94796
422 193 96758
432 288 96924
285 111 96924
200 74 97520
369 109 98900
360 89 99232
308 64 99232
388 129 103862
414 384 106180
63 2 109692
360 1 109692
22 6 111305
176 78 114354
121 53 121746
289 279 122524
358 21 122524
187 116 123923
70 28 123923
476 147 125401
43 24 127684
226 11 129014
15 0 133941
324 319 134194
248 98 137188
309 53 137188
372 258 137188
435 4 138310
374 87 139325
285 131 139974
299 117 139974
493 220 142693
468 296 144676
473 191 145042
454 449 147589
185 52 148875
382 42 151005
188 70 155008
322 316 155008
286 231 155008
271 180 155239
435 27 159334
360 62 159334
200 47 159334
202 65 160870
10 7 166464
257 80 166704
487 202 167217
391 173 167919
85 14 170975
495 148 170975
405 291 171210
324 20 173487
370 177 173487
280 186 174103
138 96 174103
240 174 186768
284 112 186768
271 231 187717
217 149 187717
446 305 187717
62 48 188771
408 307 188808
229 196 192924
452 241 193025
494 461 193984
198 90 194668
234 53 196877
351 26 198482
260 2 201589
19 4 201589
408 273 202155
399 148 202191
423 270 203701
73 67 214397
176 104 214479
493 332 214479
160 96 214479
144 138 217172
64 47 217284
360 245 217284
460 204 221375
209 39 221375
392 357 223706
350 259 228896
218 90 228896
452 113 233305
151 40 234905
124 58 237382
207 147 239722
82 50 244052
23 9 246131
462 128 248070
466 420 250853
127 12 251034
68 55 252245
359 32 252245
103 83 252245
92 88 253378
397 106 253901
349 293 256412
256 242 259863
419 350 262142
390 213 266005
400 27 267053
445 210 267770
335 137 267770
402 387 271353
450 424 271627
414 109 276979
398 101 279351
362 266 279351
49 0 280456
445 361 280456
91 53 283547
305 146 283633
117 69 285928
224 219 289430
383 277 290364
84 58 290583
72 33 291205
248 233 291205
374 65 293246
395 154 299226
367 277 302018
246 128 302520
192 12 303669
223 35 303707
394 32 304448
40 0 313109
170 162 313109
426 296 314292
178 6 314292
115 79 317368
125 94 325652
488 402 328170
236 39 332402
174 95 333626
260 117 334189
103 86 334189
412 398 335897
190 22 336740
178 13 337196
153 77 337196
42 8 337518
223 208 337518
355 137 337806
280 124 341579
50 11 342465
275 204 346445
480 31 346445
28 3 348339
123 99 348584
386 190 352049
314 164 355763
187 7 356196
337 91 357501
354 314 357501
218 26 357973
491 85 357973
330 171 357973
158 73 358907
307 149 362731
342 61 362731
361 216 367625
221 52 369121
200 194 371292
232 34 373342
361 41 376198
366 276 376198
416 212 376198
36 5 385022
331 106 385022
238 59 385975
213 207 386646
110 36 391610
499 301 397308
116 85 402880
150 97 402880
415 305 405584
294 107 406062
392 276 409581
433 19 412056
188 40 414165
210 25 419940
499 315 423648
92 66 423648
370 68 430472
349 173 431591
451 432 432087
192 114 433592
489 295 433707
436 388 433734
226 29 434261
48 36 434808
319 191 434808
480 313 437703
413 356 437703
358 122 438650
197 20 445245
396 368 445245
475 396 445551
457 217 449516
467 292 471548
265 50 471929
446 67 475660
318 99 475660
321 289 475660
471 166 475728
189 147 480320
426 217 483077
205 138 483077
290 96 483267
267 114 483735
392 299 484330
312 246 484577
344 299 485498
417 410 486616
308 145 487068
446 330 487866
209 4 488839
84 24 488839
40 22 490047
433 95 491765
376 248 492151
96 93 492383
431 337 496557
305 167 498137
195 184 498137
374 262 498137
379 237 498229
162 44 499554
435 45 500340
187 141 501963
322 31 501963
295 102 501963
481 163 502440
437 44 511895
198 27 522346
196 170 522346
419 333 529208
497 208 529208
392 210 531348
375 334 532148
464 427 537448
448 175 537448
477 60 538564
281 238 545857
498 79 545857
386 270 551083
165 159 551174
430 49 556095
219 126 558515
60 30 558904
444 364 558904
472 409 567173
152 84 574711
314 136 574711
343 186 577211
470 425 584858
172 42 587547
181 8 588919
303 41 589423
353 117 592512
271 140 593992
497 94 597344
436 77 599951
220 124 600636
428 319 603304
401 298 606406
453 346 606849
471 75 608392
275 46 608634
239 155 608839
484 411 622132
288 67 622377
133 110 630714
446 54 631164
253 59 631164
421 345 631243
267 183 634328
493 66 634328
236 32 642533
325 124 642533
242 100 642533
345 339 643391
447 437 647956
115 102 650047
340 326 651416
258 125 651468
441 440 656696
449 333 657241
282 222 657241
215 124 658026
461 332 658663
425 156 660629
66 59 666479
362 218 668129
414 28 668300
372 272 672162
162 51 672862
249 163 672889
263 175 673117
418 184 673894
313 231 675102
285 17 675102
278 130 675235
348 243 675235
106 8 681190
492 428 681190
103 102 681190
477 294 681396
228 204 687739
498 126 689984
269 16 693896
478 115 701574
465 110 701643
497 463 701727
179 135 701727
458 443 703305
497 120 704591
233 141 705073
289 125 711880
407 226 713076
350 266 716456
377 178 716960
306 298 719304
256 101 720369
416 167 720760
341 284 721960
300 25 724008
442 256 725207
480 252 729531
485 245 729531
356 223 731980
479 112 732276
453 427 737224
159 0 747395
158 134 747395
253 100 747465
360 268 747465
438 214 747465
269 235 750794
225 120 750794
322 48 751474
251 31 751500
239 12 753749
151 76 754323
438 170 756583
468 397 759688
460 439 763655
444 282 767979
243 71 770838
336 47 770838
405 84 772485
361 283 781403
359 34 786117
358 156 786117
130 127 786219
194 139 788688
355 81 788819
471 87 798858
310 141 803780
350 201 804238
240 142 804238
478 147 804728
382 327 805126
495 405 805126
396 327 809037
393 130 809037
400 371 811284
340 123 812288
221 218 815177
244 112 816230
403 384 816230
456 356 816268
474 371 819851
361 108 820560
268 247 821075
377 227 821075
243 241 822084
457 383 823172
461 254 823172
319 28 826100
479 60 829069
214 160 835550
119 49 836242
298 38 843801
291 250 846200
470 379 848688
218 206 856989
478 349 857663
183 144 858630
157 11 861775
222 153 861948
354 315 861948
311 250 864774
455 410 864774
463 434 865552
483 262 869229
486 77 871045
411 282 876686
177 105 884464
264 113 886662
406 40 886662
330 175 890287
479 297 890287
404 390 890287
118 29 890997
405 199 895307
488 355 895625
476 287 896539
450 373 898094
420 8 900475
389 69 907098
490 6 911182
421 394 911182
377 81 914405
443 425 915433
316 262 921176
233 66 928516
382 163 928516
168 53 928516
496 356 929142
429 354 933668
380 360 935086
466 462 936769
347 341 936769
482 433 937077
257 135 937617
346 47 937918
333 320 937918
326 143 940701
328 131 941149
147 10 942563
381 280 946541
460 416 950301
469 154 952804
305 203 954240
476 255 962496
370 261 963575
469 270 963860
365 213 969115
450 426 969214
412 363 969523
459 233 971770
346 167 972346
326 315 974186
379 292 979651
491 274 979651
334 91 981979
338 138 981979
414 304 981979
455 54 987266
378 46 987691
436 182 988853
403 385 995220
422 407 998437
115 42 998437
115 57 998437
434 207 998437
115 56 998437
115 54 998437
115 52 998437
446 147 998437
115 51 998437
115 50 998437
434 189 998437
115 49 998437
115 48 998437
115 34 998437
434 173 998437
115 44 998437
115 43 998437
115 24 998437
115 41 998437
115 40 998437
446 173 998437
115 39 998437
115 38 998437
115 37 998437
115 36 998437
115 35 998437
115 45 998437
126 104 998437
126 106 998437
126 107 998437
126 108 998437
126 109 998437
115 27 998437
115 77 998437
115 76 998437
446 79 998437
481 478 998437
481 476 998437
115 85 998437
115 33 998437
115 32 998437
115 31 998437
115 30 998437
115 29 998437
115 28 998437
126 110 998437
115 26 998437
115 25 998437
115 58 998437
115 23 998437
115 22 998437
115 21 998437
115 20 998437
434 126 998437
446 213 998437
115 19 998437
115 18 998437
115 17 998437
115 16 998437
116 79 998437
126 89 998437
126 90 998437
445 224 998437
126 92 998437
126 93 998437
126 94 998437
482 207 998437
126 95 998437
126 96 998437
126 97 998437
126 98 998437
126 100 998437
126 88 998437
116 83 998437
126 101 998437
445 390 998437
487 329 998437
445 391 998437
445 404 998437
434 329 998437
487 349 998437
115 114 998437
115 113 998437
115 111 998437
115 110 998437
126 112 998437
126 118 998437
126 119 998437
126 120 998437
126 122 998437
126 124 998437
126 125 998437
115 78 998437
434 404 998437
126 117 998437
445 219 998437
435 83 998437
126 81 998437
126 82 998437
126 84 998437
126 87 998437
103 8 998437
103 20 998437
494 329 998437
103 15 998437
103 14 998437
103 13 998437
103 12 998437
103 10 998437
103 9 998437
103 7 998437
103 6 998437
103 5 998437
103 4 998437
103 3 998437
103 2 998437
103 11 998437
79 73 998437
421 83 998437
79 75 998437
79 69 998437
79 70 998437
79 71 998437
79 72 998437
79 62 998437
421 102 998437
489 376 998437
115 65 998437
115 63 998437
115 61 998437
115 60 998437
115 59 998437
115 66 998437
115 67 998437
434 295 998437
434 293 998437
434 287 998437
446 86 998437
487 478 998437
115 1 998437
115 0 998437
433 207 998437
127 126 998437
488 102 998437
447 102 998437
480 207 998437
129 83 998437
437 349 998437
443 189 998437
485 329 998437
483 224 998437
432 349 998437
128 79 998437
448 79 998437
479 478 998437
472 349 998437
474 189 998437
419 86 998437
458 287 998437
418 404 998437
416 219 998437
142 79 998437
497 147 998437
461 79 998437
140 115 998437
496 287 998437
496 489 998437
473 83 998437
141 79 998437
454 79 998437
495 79 998437
423 83 998437
137 115 998437
420 404 998437
493 390 998437
452 224 998437
475 287 998437
136 126 998437
489 350 998437
489 374 998437
489 360 998437
489 342 998437
429 103 998437
489 343 998437
489 344 998437
489 345 998437
489 347 998437
489 348 998437
449 404 998437
489 355 998437
489 372 998437
489 351 998437
489 352 998437
489 353 998437
489 354 998437
489 211 998437
489 212 998437
489 214 998437
489 302 998437
489 303 998437
489 305 998437
489 306 998437
489 307 998437
489 310 998437
489 296 998437
489 356 998437
489 215 998437
489 357 998437
489 358 998437
489 359 998437
489 341 998437
489 361 998437
489 362 998437
489 364 998437
489 366 998437
489 367 998437
489 368 998437
489 369 998437
489 371 998437
489 264 998437
489 190 998437
489 210 998437
489 192 998437
489 195 998437
489 196 998437
489 197 998437
489 198 998437
489 199 998437
489 201 998437
489 202 998437
489 205 998437
489 206 998437
489 208 998437
489 209 998437
489 191 998437
489 265 998437
489 266 998437
489 267 998437
489 268 998437
489 269 998437
489 270 998437
489 271 998437
489 272 998437
489 273 998437
489 276 998437
489 238 998437
489 278 998437
489 279 998437
489 280 998437
489 216 998437
489 217 998437
489 218 998437
489 220 998437
489 221 998437
489 222 998437
489 225 998437
489 226 998437
489 227 998437
489 229 998437
489 231 998437
489 232 998437
489 301 998437
489 233 998437
489 235 998437
489 236 998437
489 237 998437
489 223 998437
489 178 998437
489 180 998437
489 181 998437
489 183 998437
489 184 998437
489 185 998437
489 186 998437
489 187 998437
489 188 998437
489 286 998437
489 322 998437
489 176 998437
489 324 998437
489 325 998437
489 327 998437
489 328 998437
489 330 998437
489 331 998437
489 332 998437
489 333 998437
489 335 998437
489 339 998437
489 323 998437
489 321 998437
489 288 998437
489 289 998437
489 290 998437
489 291 998437
489 294 998437
489 311 998437
489 297 998437
489 298 998437
489 299 998437
489 300 998437
489 281 998437
489 312 998437
489 313 998437
489 314 998437
489 315 998437
489 316 998437
489 317 998437
489 319 998437
489 320 998437
478 468 998437
478 470 998437
478 430 998437
478 428 998437
478 426 998437
478 477 998437
478 471 998437
478 444 998437
478 442 998437
478 438 998437
478 436 998437
478 451 998437
478 166 998437
478 165 998437
131 102 998437
478 164 998437
478 163 998437
478 162 998437
478 161 998437
478 159 998437
478 158 998437
478 408 998437
478 425 998437
478 466 998437
478 414 998437
478 413 998437
478 412 998437
478 411 998437
478 409 998437
478 407 998437
478 406 998437
478 405 998437
478 403 998437
478 415 998437
478 465 998437
478 463 998437
478 462 998437
478 457 998437
478 456 998437
489 261 998437
489 262 998437
489 249 998437
489 260 998437
478 402 998437
478 401 998437
478 400 998437
489 244 998437
489 282 998437
489 283 998437
489 284 998437
489 285 998437
489 277 998437
489 239 998437
489 240 998437
489 241 998437
489 242 998437
489 243 998437
478 399 998437
489 245 998437
489 246 998437
489 247 998437
489 248 998437
489 263 998437
489 250 998437
489 251 998437
489 252 998437
489 253 998437
489 254 998437
489 256 998437
489 258 998437
489 259 998437
478 398 998437
478 397 998437
478 396 998437
478 394 998437
478 393 998437
478 392 998437
478 389 998437
478 387 998437
478 386 998437
478 384 998437
478 383 998437
478 382 998437
478 380 998437
478 379 998437
478 377 998437
478 388 998437
484 103 998437
489 155 998437
489 156 998437
489 157 998437
489 153 998437
489 144 998437
489 146 998437
489 148 998437
489 149 998437
489 150 998437
489 151 998437
489 152 998437
489 138 998437
489 171 998437
489 160 998437
489 167 998437
489 169 998437
489 170 998437
489 172 998437
489 174 998437
489 175 998437
489 130 998437
489 133 998437
489 134 998437
486 295 998437
492 489 998437
491 287 998437
490 79 998437
499 482 998437
346 47 998437
182 135 998437
230 135 998437
182 179 998437
179 132 998437
179 80 998437
257 179 998437
441 194 998437
346 64 998437
346 145 998437
346 139 998437
346 200 998437
346 194 998437
346 336 998437
346 308 998437
346 74 998437
498 124 998437
453 194 998437
464 336 998437
340 143 998437
318 143 998437
143 123 998437
143 99 998437
326 143 998437
427 336 998437
440 74 998437
381 32 998437
202 46 998437
460 8 998437
384 275 998437
439 323 998437
204 24 998437
261 228 998437
309 292 998437
337 292 998437
292 53 998437
292 121 998437
292 91 998437
292 234 998437
234 168 998437
467 234 998437
467 431 998437
91 32 998437
337 194 998437
318 309 998437
91 55 998437
373 234 998437
337 154 998437
337 203 998437
440 274 998437
337 105 998437
337 68 998437
467 177 998437
469 91 998437
365 91 998437
370 53 998437
363 274 998437
255 234 998437
395 53 998437
450 309 998437
431 424 998437
424 304 998437
424 375 998437
424 338 998437
430 334 998437
459 375 998437
179 27 998437
378 179 998437
455 80 998437
193 125 998437
479 422 998437
385 193 998437
422 417 998437
410 193 998437
