2000 2000
741 1153
839 1048
1159 445
196 1042
404 1319
638 766
1373 621
736 705
1579 1696
454 1566
1794 474
993 858
424 380
1971 210
1729 861
1450 1275
986 535
964 431
1371 1176
658 378
708 1669
1049 1236
832 533
16 450
675 1324
1680 1598
1936 885
579 307
987 1497
996 1589
1087 843
1303 222
105 1692
1230 876
1500 1224
1194 1405
751 802
298 537
876 386
1166 950
829 1242
672 1276
1530 218
1435 781
417 1522
1745 1300
1319 1770
1433 760
835 1918
1235 813
1245 1848
1457 1427
508 1601
1978 1903
395 1670
1119 94
623 529
440 481
1154 356
1585 1934
551 1851
487 1793
1128 651
1934 1140
1839 1874
1915 569
540 308
1576 1867
1549 850
459 1777
262 1673
1181 604
1674 1175
500 557
1326 1086
1215 1853
1413 1280
1605 608
113 49
1265 1138
1210 1644
1849 1177
399 1508
354 1822
292 1984
1781 548
1293 718
445 1589
522 975
694 1178
1246 1662
822 1946
1793 618
1299 1576
297 594
1949 524
675 1582
644 390
1530 1755
1945 68
1475 1550
1197 1189
1284 1123
877 92
1797 1648
834 115
152 244
485 1631
1469 1324
1495 396
268 859
23 347
1531 1332
180 556
703 1097
987 1142
514 1702
100 1739
949 1679
1551 1576
428 1431
363 741
11 1014
422 17
1524 1822
1726 379
145 1228
30 90
1177 16
1035 1063
1555 1553
856 1380
186 792
156 700
1392 1832
1463 1859
734 549
1458 1554
533 1957
187 1651
467 1623
1465 1891
1636 1001
764 1988
220 1406
465 1410
763 218
1944 17
1811 17
110 1600
706 1161
1996 1603
1050 1535
1771 12
1797 1116
1813 754
880 635
545 705
120 652
457 1805
1772 232
313 1222
1782 1162
1342 1554
1924 1343
579 915
1728 1262
1950 1074
1927 961
51 466
302 657
1364 927
1331 1512
1130 1872
1909 1775
1344 1365
191 1321
1392 1342
1068 1211
1105 995
1174 1818
913 1534
506 1587
1320 356
877 1705
26 1985
1646 1976
1807 423
360 1912
1613 1529
1139 445
1873 395
363 50
1946 327
406 1116
1472 674
893 983
1788 1257
1991 1245
1637 1202
1060 1321
1967 262
145 1861
754 1072
858 184
6 1099
1316 113
1473 472
305 1768
1055 1492
1298 1585
428 879
118 1186
1542 52
1581 1231
244 88
1496 1695
1786 1210
1031 46
468 474
1349 363
1412 1701
1998 504
1068 1409
1589 1730
843 1456
536 869
1770 869
1970 724
1882 346
1508 770
947 1581
1270 394
1008 1384
1979 1053
645 1172
1451 1349
125 485
1341 1357
1802 355
1265 38
1990 745
260 502
779 681
1459 29
1286 1960
489 165
85 1958
1387 867
1811 995
1182 1674
658 709
1366 1966
1123 685
1504 1808
330 49
1439 603
171 1637
521 1950
64 1761
172 739
1276 1501
1174 605
1 330
83 1757
94 1614
622 224
1407 1260
9 1681
175 1075
1048 1717
1845 350
103 1699
941 42
516 1716
1246 1542
1959 827
1201 889
1098 299
833 684
1378 1730
1307 1411
1475 1399
743 168
174 21
1071 1838
28 1095
1926 3
1400 1316
1401 1632
1559 1054
1690 1913
731 317
285 1371
302 1394
644 1882
1941 819
1393 1258
353 617
1810 1091
77 1487
1641 839
1688 1927
1071 1369
1625 642
1678 579
1231 1762
917 477
1791 300
235 1479
390 1215
1798 1747
1650 211
481 476
1142 212
485 636
924 1962
808 198
1819 1892
1505 1816
158 779
459 94
375 1611
1294 646
1198 746
1387 1681
1210 617
1453 1808
1118 1440
324 974
1313 94
627 386
410 1104
500 966
1641 1286
1470 1539
1497 778
1899 96
455 1692
314 1811
1360 1006
718 649
1692 1378
44 1433
494 1982
355 1696
1574 167
1435 525
104 1741
807 1495
1627 1503
808 817
1245 676
673 1212
1351 602
512 473
91 1181
666 103
1822 1362
1727 732
458 1120
270 1341
1697 844
1145 387
380 1458
1440 727
1702 1761
1633 1894
1323 1315
798 170
677 1086
377 1258
1532 1911
1203 523
1945 385
883 654
1460 1061
941 1019
1025 1321
1737 658
1545 788
1801 175
88 1838
591 620
1595 1197
1782 447
1163 1366
1769 285
1852 651
732 1363
985 744
1787 1118
451 213
806 911
594 856
479 894
605 79
520 179
889 96
696 546
264 1247
646 1280
805 1651
1076 472
488 1119
458 142
281 1989
71 151
1288 91
108 307
1575 540
551 63
1743 1872
1980 131
902 1055
482 514
523 1413
1060 625
1919 227
1683 26
1552 1858
1268 1214
327 440
1152 1254
1396 327
1129 840
853 409
214 152
617 1792
205 1243
1488 710
117 813
667 1161
837 782
664 1526
732 754
1731 901
1319 987
1611 33
1866 1208
41 1371
891 469
1723 673
1940 1511
388 1910
1614 477
952 1036
1821 1252
1849 1842
865 1114
1379 639
451 1747
851 1010
1322 1326
560 478
68 256
1974 486
1646 1194
759 127
387 621
768 54
192 1191
1947 203
687 31
43 1022
44 1834
1984 1669
1726 1234
1725 1596
990 1200
107 763
803 1586
282 474
716 1381
395 1453
1840 1987
1185 1856
1942 941
1691 1276
1816 1974
75 962
1394 1037
1970 1934
208 1339
1941 1319
1138 778
151 1684
463 1804
643 1636
1017 368
543 1528
1346 159
1071 759
504 1545
865 90
477 899
576 1612
1765 801
1250 1633
1039 474
1239 1852
615 316
1707 510
1698 204
1209 940
1870 404
1381 1644
1041 1846
150 637
1596 1746
807 1934
1677 1071
570 934
387 126
224 710
563 607
565 1160
178 1108
1805 1224
1169 564
1510 1667
672 1397
1554 973
862 174
844 544
1392 416
170 1068
234 1197
1638 1426
1675 1871
307 631
1099 947
258 825
1877 290
1433 1223
1679 150
100 1360
1417 362
296 950
665 141
743 1670
886 1189
1147 1983
1320 505
462 1977
642 1778
769 962
1328 458
1213 875
963 59
778 1657
1534 1013
1608 1729
573 1406
262 845
1371 450
469 65
1243 1886
392 1087
142 1008
1858 1412
529 1300
536 911
1095 1694
1505 1444
1987 1076
1719 802
872 497
365 155
1415 1036
765 658
91 900
1395 1860
156 1598
884 258
1263 102
35 526
384 1023
1189 1822
1590 665
902 1630
1229 209
1001 661
521 1398
999 630
1608 1597
1456 394
39 1346
1559 177
1404 1198
978 1708
1817 241
1725 534
689 1754
1821 786
566 884
138 1266
94 1361
1907 1280
686 1919
1574 1088
1678 239
862 1520
1610 1046
487 603
1739 846
531 1154
1462 1657
1332 906
630 433
550 1003
326 1817
948 81
759 1228
1940 684
1364 82
1859 610
8 656
1452 59
969 1262
212 1143
1209 1790
879 447
1222 1577
445 273
26 1567
332 311
55 612
1328 252
1110 450
1356 287
192 505
324 435
673 1642
555 1549
1055 1620
1327 92
1073 1606
1541 511
62 1404
1055 11
1895 1301
344 282
144 1612
802 873
1020 1795
624 1198
506 1259
242 1698
967 32
670 1004
1511 84
1539 1606
309 1445
1546 801
131 1099
169 1982
1505 381
840 1667
579 935
1702 668
1450 206
3 922
439 337
1803 1998
1446 391
1160 1402
1605 1201
1447 1515
1994 1103
1147 1169
1472 663
1712 1725
1650 1183
28 1262
1716 1675
1630 99
922 1683
305 567
1451 1219
1919 1432
667 1627
1442 1571
58 1419
1521 1182
21 662
124 1143
554 1528
1872 1262
199 1148
1670 267
1276 165
1870 1993
215 1139
383 135
572 1367
527 647
570 355
416 330
274 129
1424 1654
1056 1820
1470 1205
559 89
9 263
432 1661
1948 1514
1779 180
1907 1650
207 1214
1826 1846
1999 184
1523 0
105 1658
1796 489
847 1419
804 1303
1450 261
1163 1285
318 1521
46 153
1332 1835
1996 175
223 185
1544 906
1677 41
436 510
1592 1890
1233 1626
404 627
517 1888
38 1900
96 806
57 1744
1805 1537
746 1977
1429 1165
1892 368
1088 1808
1511 1649
1175 1003
1864 1141
1494 45
1381 882
1763 1885
289 767
648 1554
1900 142
1139 1310
8 934
733 1418
167 1095
334 1378
725 1744
1312 137
1000 1952
5 257
1276 459
1180 1583
1898 910
1962 608
281 1584
168 1195
24 594
1393 1614
1438 1079
436 1883
1249 1310
528 363
765 515
1758 989
1998 966
1455 491
337 1346
1296 1257
345 398
731 460
1003 1581
1314 252
26 902
1040 1276
1160 199
224 1914
1358 69
1396 541
1140 1532
1380 1605
904 177
623 1617
1543 1739
701 430
805 542
230 997
1211 434
1696 1408
542 892
444 1944
1284 1834
1849 680
1847 1713
1667 1536
1098 1685
1192 15
1794 78
1902 1505
995 122
1522 455
473 1379
122 425
1105 14
952 1918
750 371
549 1607
1441 1878
173 37
926 816
67 1357
1148 1378
883 1894
1834 651
1096 394
602 640
1458 182
482 1350
608 1085
1546 798
1350 714
64 76
1620 1416
6 1788
1947 881
1252 577
994 314
1090 474
1071 208
226 140
175 1124
954 221
1696 370
1948 1372
1694 369
1856 1167
299 1738
1508 1962
1317 1276
1759 1584
1019 1352
1909 1968
1184 1176
469 17
806 591
633 1314
692 644
1934 1384
1941 232
1575 1654
1432 384
321 946
1870 1123
1789 1232
1159 60
1052 1280
1493 68
1537 1801
1203 1229
341 128
36 1353
1826 759
557 1447
82 503
1839 1086
344 1604
266 23
567 1675
116 1675
1090 1411
1483 1230
1226 1328
1590 466
1484 1660
221 1759
1644 3
1764 1794
1840 1012
1108 1214
173 574
1086 1249
1764 1051
1311 1447
659 17
43 1070
1888 522
811 1872
1338 1485
1998 1438
591 1185
196 1177
668 116
70 1426
161 97
1330 789
448 1469
1329 752
1970 876
528 955
482 432
834 423
1879 1235
511 1145
1933 792
1035 487
1078 628
76 596
116 1307
1595 1360
1831 1519
233 1901
923 993
1061 356
1277 1979
615 1943
1069 1746
403 1860
1377 742
1195 1942
782 633
319 1602
192 680
1786 805
1769 57
399 451
1295 139
418 304
49 1999
1987 400
246 301
210 892
1960 551
1756 892
1782 385
1479 1157
310 1555
1236 1049
1884 1821
751 1660
1960 1860
469 44
1334 1149
839 1431
783 64
703 1659
980 1351
624 185
1507 1267
1722 417
913 1599
1288 752
1781 968
289 1522
1789 1801
1544 1962
1048 1286
1933 184
99 643
1738 1761
1870 558
1479 973
682 511
1959 1349
854 1140
1472 147
264 73
1064 179
1312 1303
368 151
645 1678
983 998
1556 1057
218 82
1826 1908
944 263
597 862
1979 570
1162 1926
452 587
1183 1676
686 1651
1780 1978
1455 1289
1830 260
685 776
1384 1345
268 1601
1420 1581
1031 1920
420 1859
1227 1644
809 1703
624 107
1361 957
815 1697
119 819
353 983
1139 1498
502 309
1372 1684
552 284
1595 1643
1541 1321
1333 1756
1457 679
374 930
1673 1980
190 647
1681 908
122 1706
561 1662
1661 210
746 444
1624 1911
439 1305
1291 508
1658 1310
1234 1488
1648 896
36 984
973 1705
696 669
1026 761
1512 1773
1059 892
780 1672
270 1237
1839 1471
710 1072
673 1469
1388 201
1411 1941
952 1657
733 275
920 633
141 1756
265 592
783 1102
1307 1393
1237 460
1212 1115
242 450
1929 1017
325 1123
761 31
1208 988
1368 1786
29 159
963 500
113 1685
1491 237
1921 1241
1707 1243
739 1952
1078 125
1963 1909
1286 1567
858 703
1667 1346
1637 429
1044 695
1114 523
519 1792
1818 1679
1070 857
652 381
365 883
1527 909
1567 465
1474 704
399 596
1071 646
1213 1359
1854 330
603 264
525 1552
114 1452
867 1263
849 1697
158 383
140 1397
805 1046
1923 836
681 1855
586 1639
208 153
1365 582
1645 1929
1463 674
127 357
606 1732
973 1933
1087 805
1994 248
722 124
852 1892
1575 265
1899 507
36 1692
594 1026
554 1021
1764 1467
1430 1649
635 876
1281 63
536 5
1555 1343
1054 1498
405 1257
1379 1338
1725 1508
94 1047
532 1810
269 1609
1136 1556
1311 1375
1577 1944
293 861
470 1950
683 1001
137 1515
1681 1866
1847 43
674 1241
1732 65
1281 1602
1499 1524
506 1842
689 1347
58 1526
235 1557
1909 641
1573 188
1472 1712
1285 1560
1799 1768
1403 1920
1058 235
1386 643
728 1547
1677 502
950 1352
1225 404
1241 313
1646 1292
1657 47
1314 1600
1231 1244
83 1765
657 1549
1118 619
1913 376
1530 142
1078 1768
824 1748
1505 965
1627 1454
1514 1267
1199 79
710 930
313 1621
195 503
449 262
1895 955
482 1643
1502 1483
1242 1773
1274 1206
942 1519
1879 1620
434 902
434 1336
1020 1158
921 220
1194 1420
1154 333
1627 261
1 737
830 1018
1165 1324
504 620
1033 1121
1987 678
533 928
1814 1477
1177 666
1544 1728
610 55
982 1447
129 1361
1435 161
257 1441
1224 1536
1910 606
208 518
238 1229
719 1926
1921 950
169 1573
1589 1357
575 1438
1757 676
1510 1116
995 1436
1741 1131
1800 691
1665 1088
980 1728
1682 1362
167 998
1781 808
125 536
737 76
1075 1404
699 1749
459 670
1546 731
1658 869
1698 1591
521 768
1256 289
883 737
1647 1467
1455 1
1806 1437
1367 1136
1396 451
1255 31
1742 561
672 40
1922 1211
999 1271
4 373
1196 1195
98 729
1065 959
1145 793
1097 1490
514 291
1602 34
848 1845
1146 1278
724 648
107 1735
1917 966
477 510
406 313
723 501
583 258
111 632
1105 1905
261 314
638 242
13 1890
1291 1693
1125 523
467 867
1371 1443
73 842
912 1128
1269 1912
1532 607
1032 383
59 1585
1329 1862
204 1558
1664 1195
1440 1472
1065 822
1051 575
83 295
1599 1395
926 438
1493 191
119 178
1420 225
1794 1814
1901 1663
1172 681
773 410
191 467
1330 516
1494 1467
315 1537
1672 1078
1163 770
1120 397
791 616
216 33
1412 460
389 974
1694 793
309 116
108 1933
1432 537
477 1092
1472 840
109 310
1711 335
167 1321
1247 1839
719 57
1411 1433
1163 1351
1317 1496
275 1039
1873 1426
1227 214
1370 195
382 884
1366 48
407 975
1938 587
432 148
97 1882
1397 1503
265 1261
1982 762
189 221
915 884
145 1223
1173 1636
1121 1049
1811 1849
1396 587
1630 1160
516 779
1788 250
1253 1018
1256 1009
830 1844
1165 1039
1621 276
703 761
883 1177
1629 1639
1528 1125
1731 1070
1811 566
1036 1762
669 881
620 1330
1530 1386
1275 635
1007 920
587 1163
1612 153
423 1069
1640 1891
660 221
54 558
1968 521
793 108
1240 1097
166 1114
1199 404
881 317
887 1120
895 1935
894 415
991 698
1806 879
1727 1314
1529 425
377 1872
1965 58
1898 1710
650 651
615 1302
574 112
786 1834
942 232
1507 820
1486 465
744 569
1466 236
437 1178
118 1763
1027 1123
436 342
691 269
1611 1965
1563 1895
819 1366
764 683
1502 1726
375 1591
597 627
614 69
58 720
1456 367
1019 1380
979 1024
1682 1345
905 893
206 354
1879 437
234 1370
536 505
221 667
743 156
1382 94
85 531
1713 93
468 840
1291 30
453 163
1738 1394
791 1197
1542 633
551 1189
1508 917
996 913
1642 1453
681 260
1613 11
1929 1098
244 1816
1131 1487
1406 1964
12 1731
1217 530
1694 1628
1399 1140
1562 240
1828 1718
208 1729
653 1837
696 1144
1876 368
75 106
697 1053
1456 1039
1231 1253
956 1563
1409 1759
1248 746
666 728
1470 1286
847 1656
127 378
1239 1246
668 8
983 1046
601 366
1504 1021
551 1846
189 324
1034 559
38 214
982 1628
427 1700
408 884
1530 155
1673 1857
1735 292
885 1599
1041 1263
597 1188
1990 1532
583 192
207 153
1894 1082
521 1835
125 571
1169 1740
826 827
419 1551
56 1313
329 1035
1516 95
1600 517
391 931
1041 1730
1815 1093
108 828
790 1667
1097 1348
608 1599
98 1871
1592 343
361 1622
1475 1790
1171 1717
963 1435
1186 1293
1010 773
894 726
613 1929
746 1832
273 365
1819 159
118 750
632 1041
1026 1462
1992 580
1392 1083
107 1423
1699 1572
280 1200
268 257
3 191
164 1214
810 767
752 1942
1023 1895
819 585
1181 1186
1200 1011
860 1122
1786 1653
1410 214
1247 642
936 697
643 1568
23 718
1536 923
1971 548
1262 1001
1045 257
496 1508
837 1024
408 1044
1347 960
1063 1465
459 1230
1078 1396
1853 1302
320 1011
1007 878
1171 423
1067 529
485 403
181 131
735 1566
38 496
684 124
548 1043
978 578
1764 1614
1062 832
750 1317
1194 263
324 1099
284 118
253 783
909 1789
1867 105
1467 1293
1907 747
302 294
797 857
1979 1779
1326 149
780 796
649 225
1639 1149
1721 1244
937 446
1636 460
6 1614
307 870
1963 1767
631 126
192 226
1511 33
338 114
1572 1204
1957 1701
403 1166
1205 1561
715 1703
672 775
1736 1450
361 1113
1540 53
968 433
787 83
344 115
332 1604
1210 501
310 1504
964 92
864 913
1420 300
1600 1802
1883 616
1857 318
571 132
311 1156
544 1594
146 84
1622 1529
183 1029
37 1268
1232 1242
1186 1223
318 315
1405 146
1454 137
1595 1325
338 1957
1678 9
1657 542
1716 524
1316 618
937 1108
896 5
1573 436
1138 1472
42 1116
1290 1241
1218 235
1955 871
1175 1020
264 1589
1603 647
20 475
508 1306
977 1160
203 1914
933 404
997 1826
1326 15
643 690
643 868
972 97
391 1477
789 486
704 609
312 201
18 295
1204 717
1104 1390
1402 1328
266 20
726 154
482 985
1453 72
443 28
1616 1902
1169 400
138 1576
1940 1897
1537 787
1144 1102
854 1027
1940 790
383 1836
1296 238
1866 874
1995 1439
425 571
1159 1269
1545 1177
475 1135
999 1665
921 1454
1233 1721
74 1569
1435 258
448 962
309 1294
319 812
1008 1706
1367 583
1673 507
1664 1217
1364 1121
351 128
432 12
268 716
770 1137
1594 343
1520 463
1984 611
727 602
1618 1833
593 22
1259 761
451 640
80 878
1735 697
1968 1367
729 1553
924 1994
653 515
1689 310
325 451
518 1258
845 698
1055 1654
521 1300
506 1779
1146 1075
957 276
677 833
989 1624
660 1855
1092 1713
1422 1178
804 73
149 1043
891 1716
1274 1203
578 1459
961 1330
1822 793
683 285
183 649
1144 545
1945 1699
1186 325
561 474
1203 1490
285 1185
1231 1709
1216 947
1393 1662
848 1274
169 437
988 159
1832 1773
807 322
1413 1056
53 1206
597 965
1959 39
1989 204
396 713
626 538
884 1748
1259 649
421 892
1582 923
578 1059
310 108
1911 662
486 1384
345 482
1414 202
1225 86
865 1649
92 1988
420 1197
553 1982
1435 1510
300 1632
1223 1885
200 360
956 632
662 1130
420 232
1261 1427
1637 302
1375 1016
314 1886
603 1799
1211 1829
780 1962
427 957
375 1158
1725 543
585 994
193 1931
791 39
1480 1215
1256 519
814 1960
10 342
893 251
946 1648
1380 1235
1694 587
62 1697
1620 124
1407 1886
1566 997
1526 80
504 768
1099 1719
157 880
1969 1903
778 1522
1576 990
220 520
22 975
658 1364
524 259
1377 1638
1672 1840
1986 524
125 1663
1620 5
1101 1288
699 1449
693 110
1265 1701
800 1109
673 1519
1410 1682
1245 39
1021 660
1215 364
30 1037
773 1150
1088 522
1072 429
263 108
1085 22
403 213
630 397
129 264
1944 1054
1505 1464
941 1515
1732 778
1782 306
1152 210
1579 1247
1853 201
1232 451
245 265
813 492
241 779
917 270
213 998
913 611
1191 1090
1656 1644
1514 1034
1564 1277
1581 1547
811 1612
1248 1412
15 371
1784 824
1392 324
326 532
1518 573
1332 240
1436 597
607 1954
1398 1608
1105 1513
1304 1546
178 471
1390 487
431 177
1186 1506
1734 1766
1935 1666
145 281
1037 267
1997 646
1389 408
1586 533
1407 1321
860 1558
176 1809
1943 1950
584 475
1997 1465
1741 391
436 567
401 1907
1314 1441
1543 636
166 1998
141 531
6 1118
1116 1551
576 1625
1240 1555
307 50
1790 1358
390 125
1915 552
1966 1535
684 1711
1103 1610
1878 315
656 1527
343 549
751 1725
591 939
1967 456
1604 211
1046 1968
484 131
1382 922
1093 688
867 760
474 579
158 358
1898 522
1233 777
559 660
635 1001
621 47
1764 751
785 969
1777 51
1515 1950
1733 1986
1666 237
1946 1579
575 651
827 1952
116 611
222 1574
1247 753
49 1704
1181 1973
1417 1746
860 1926
668 606
1248 878
1265 1393
392 1519
1450 1015
289 1842
636 1113
556 1151
772 1788
1016 1854
22 685
1840 1207
1423 554
1392 817
1889 1689
199 1745
1393 1689
824 57
1891 327
1705 1983
914 1038
516 1377
291 611
953 588
1603 829
1608 1681
1547 236
1279 1549
307 906
785 605
471 1989
1839 1369
551 436
637 943
1442 1389
1690 227
481 1662
1276 1569
1276 1569
295 945
1450 417
1965 1778
232 1276
496 721
1572 728
907 968
1607 1972
1440 998
1228 270
1124 1388
1033 90
1247 603
1235 1891
761 35
934 566
1295 1639
1439 742
1244 1424
1275 10
1445 715
1524 1382
194 1499
1780 346
1440 1769
843 30
891 512
222 966
1960 1277
1766 308
360 433
39 527
1835 229
160 545
664 579
500 307
999 157
1508 104
1673 564
