2000 2000
363 1715
1907 76
1670 1939
1548 339
615 1019
232 2
291 680
303 792
697 1835
1575 1724
51 679
459 1241
229 1779
1809 1262
1181 1177
1799 1184
1356 1268
1823 206
1714 576
710 1294
1932 1561
51 679
1276 684
51 679
196 374
1257 154
524 605
1366 763
522 886
357 1873
1491 1178
1798 892
1203 549
13 1756
1588 1200
1620 193
1329 1463
591 529
1217 1972
138 1571
1230 1361
1809 1262
1038 735
1907 76
1563 105
1772 724
674 821
1897 1117
1939 953
470 1106
1738 1683
1010 1260
357 1873
368 1071
1722 1584
118 357
255 56
1155 308
202 1834
453 1680
76 1907
160 1876
1467 1335
91 640
513 476
1371 1671
1907 76
756 1635
1344 202
966 378
1340 60
1517 100
208 739
1559 565
1700 244
853 1319
1783 128
777 1477
1944 1159
697 1835
647 583
357 118
1392 1470
648 209
1972 1217
1341 927
1910 1986
1657 668
1277 1554
1287 18
1292 611
1199 818
1340 60
1630 133
184 1637
1786 840
1267 1261
496 1368
307 1810
1217 867
975 646
1010 1260
421 290
716 1020
1888 1500
1648 130
523 864
100 1517
1990 911
1176 377
278 780
1296 940
200 43
560 1877
1251 1579
118 1873
954 557
130 587
118 357
1159 1944
37 1379
491 802
463 33
1661 313
75 412
835 1895
520 512
89 1605
1770 108
1549 435
262 579
1356 1268
42 446
1068 1108
1285 1519
1089 1064
1714 1451
1182 1922
1325 637
1621 734
1724 1485
896 159
319 1275
134 1001
1932 1561
1374 989
1186 719
278 1562
168 4
290 259
1740 1326
1335 1467
1598 1257
58 311
1446 315
710 1294
86 471
1873 118
933 1506
294 767
1323 175
1474 1760
1786 840
1941 910
1798 892
788 1511
363 1715
867 461
143 1360
1687 178
1722 1432
1800 1657
1842 1116
886 522
895 300
1234 846
1271 1174
1726 1593
502 1540
1178 638
1466 1302
200 43
1960 870
525 1116
1159 1944
1616 331
882 805
781 1726
153 1674
1528 851
237 1108
960 1339
1806 209
601 880
1578 1686
922 1623
1425 613
1525 30
193 1102
1076 1343
1340 60
1467 1335
1419 1998
1335 1467
339 1548
1885 918
1408 1840
1907 76
821 674
378 966
1129 794
753 926
519 8
1132 231
1300 1824
1048 961
478 672
1700 516
1791 1416
1273 915
1873 118
1798 892
915 1273
1906 1187
228 800
76 1907
534 1850
1494 1811
1950 454
1467 1335
1035 178
1948 1689
1127 763
968 1166
792 303
1475 886
1142 584
398 1959
1249 1269
1090 1194
1756 13
130 1648
1701 1134
130 587
1187 1906
543 739
1692 224
1313 379
470 1106
114 144
1691 779
1671 1040
1880 611
1725 984
153 927
307 1810
1358 664
25 907
504 102
906 1383
966 1931
1268 1356
646 975
1897 1117
1667 1587
1260 1010
365 1924
587 1648
112 890
1083 852
587 130
343 1293
1508 1244
1241 459
1877 560
1906 1187
193 1472
1784 914
975 646
30 1525
611 1292
818 1140
662 1609
667 598
1477 777
1587 1667
869 1976
607 1821
1286 830
1493 1505
1667 1405
467 1891
1008 1794
1562 278
1517 100
61 12
324 1843
1292 1880
611 1880
59 356
496 1368
118 357
1883 1675
100 1517
1910 1986
551 1100
1620 30
196 374
1833 1285
1540 502
1401 1991
1820 431
1512 1149
1379 79
587 130
1891 467
305 958
672 478
491 344
565 1559
1815 1947
1275 319
1806 1003
1077 398
1820 1346
1120 232
446 42
1128 70
1865 1085
1476 1537
1425 613
131 713
303 792
231 1172
935 1652
1339 532
1508 1244
895 300
1549 1737
1234 846
959 746
1179 1392
643 1038
1657 1800
524 605
374 196
1957 1469
1806 1686
100 1517
943 1395
1296 940
1725 984
4 168
255 56
217 225
961 1048
1619 1348
777 1477
1356 1268
1146 155
960 532
1410 1137
1722 1638
295 882
394 1494
997 747
1588 1200
76 1907
1779 229
1422 1969
1269 1249
697 1835
368 1288
1241 1914
1275 319
355 1081
89 1605
76 1907
1636 1059
100 1517
193 1620
222 114
1907 76
1990 911
384 992
756 1635
1028 1438
278 780
1714 1451
684 1276
1609 659
1230 1361
1494 1129
1302 1466
929 1543
297 516
72 715
1901 1364
89 1605
1212 296
319 1275
649 750
1116 525
1368 496
118 357
1848 1156
1811 1494
961 1048
1663 483
696 1484
1402 192
75 412
783 1839
1123 1080
1512 1149
1287 74
205 1087
1366 763
1105 1332
1809 218
814 1889
186 953
1425 613
1457 1617
357 1873
355 1081
777 1477
929 1543
1609 1754
629 849
118 1873
1667 1587
1477 777
916 1892
1559 565
1562 780
307 1810
565 1559
1268 1356
903 726
530 814
1791 1416
1638 1432
1442 891
1120 2
806 1762
273 62
576 1714
1715 363
1010 1260
953 1353
1405 1667
1931 378
357 1873
1174 1271
1995 1787
206 1857
314 335
1815 1947
1217 461
76 1907
1456 1656
1374 989
584 203
1205 1795
835 1030
1334 1365
1835 697
1068 1108
1756 13
813 148
1095 889
1035 178
1648 130
47 331
196 374
303 792
374 196
483 736
178 1687
1294 710
381 1734
1901 1364
684 1276
511 730
136 1718
981 103
1714 1451
907 25
1379 1222
1395 1971
984 1725
784 1116
1833 1519
1115 280
1408 1840
193 30
1810 307
1737 435
374 196
1467 1335
78 1415
1285 1519
1364 1901
744 1887
504 102
1502 1747
412 75
1275 319
868 104
1667 1405
1587 1405
84 970
1785 1544
1861 704
768 1344
1159 1944
1402 349
193 1933
2 381
228 800
591 529
1999 939
661 228
1108 1068
565 1559
1550 458
308 1155
1679 1995
1873 118
645 173
664 1358
294 322
1442 1000
1895 52
1425 613
1971 943
1317 1162
291 680
153 1674
72 715
615 855
392 1463
1405 1667
1961 1871
1515 595
301 337
1671 1371
1010 1260
897 1869
1421 564
1048 961
1205 559
1906 1187
1543 929
824 1228
1425 613
319 1275
308 1155
1234 846
911 1990
1430 1423
1000 1954
1162 212
1389 543
1435 791
76 1907
1906 1187
593 1489
47 954
607 1821
1799 1184
672 478
1205 1795
1605 89
943 1395
308 191
1138 561
319 1275
1275 319
1562 780
1654 1680
1276 581
1284 1885
1654 453
192 1402
915 1273
1715 363
1149 1512
1722 1584
1079 1676
363 1715
1477 777
725 1422
653 1067
1122 933
1300 1824
1010 1260
715 72
558 112
1720 1449
1549 1331
455 981
408 1484
522 1475
1428 823
226 145
849 1983
1391 1962
1343 1363
19 1538
545 1157
93 1486
118 357
1985 1251
32 630
1477 777
385 1264
1408 1840
408 740
1800 668
186 1939
1933 1525
279 1664
259 290
1108 1281
363 1715
1451 1714
1975 996
1230 1361
1630 133
1800 1657
378 966
1691 797
956 82
1701 164
1810 307
1097 1464
62 273
1010 1260
70 1128
1795 1205
1010 1260
219 427
218 1924
114 222
667 598
438 1215
1328 1794
1420 360
1377 1664
550 223
513 1277
1317 1169
897 1869
1648 587
98 1602
443 938
363 1715
1112 1737
1779 229
276 1338
1074 504
1081 355
132 1839
488 876
777 1477
168 474
381 1734
1309 203
355 1081
1268 1356
1155 191
843 184
1396 815
374 196
1227 637
1722 1638
1990 911
112 890
1562 278
1392 1179
1085 1865
1203 549
915 1273
1618 94
1294 710
1005 1180
232 381
1430 1423
282 1675
1540 502
873 41
599 1296
1794 1328
564 1421
1593 1726
1343 670
86 471
1396 1905
587 130
713 330
612 1312
1877 560
1120 2
587 130
956 82
363 1715
564 785
363 1715
1330 154
1083 852
1811 1494
1832 175
196 374
1931 966
428 275
1492 983
1356 1268
456 1107
1115 280
1735 542
940 1246
1175 344
1768 880
130 587
192 1402
51 679
1543 929
25 52
1528 851
1008 1328
844 1304
1190 998
220 396
605 524
1278 1143
1957 1469
1865 1085
1969 1422
381 232
13 1756
896 1347
413 617
849 629
1734 232
1346 1820
1517 100
1957 1469
62 273
846 1234
307 1810
1241 1914
168 474
1775 1414
806 1762
835 25
157 459
1877 560
1734 1120
1273 915
1503 671
1277 1554
646 975
1440 479
342 1612
1361 1230
1061 117
519 874
267 1759
1775 1414
524 605
1471 706
1889 814
1839 783
846 1234
222 114
1972 867
792 303
661 228
130 587
1648 587
1010 1260
1467 1335
1174 1271
32 525
1596 1290
1512 1149
605 524
1184 1799
1431 894
187 29
1593 1726
1115 280
1260 1010
381 2
966 378
1358 844
232 381
1667 1587
1494 394
1010 1260
229 1016
710 1294
807 832
1714 576
1258 1583
724 1772
672 478
1850 534
1477 777
966 1931
1925 416
1895 907
1480 627
1030 52
504 1074
106 786
431 891
1756 13
331 954
1331 1549
1461 1413
587 1648
1509 1446
1795 559
1477 777
1983 629
1710 1967
1480 1595
1147 316
549 1203
895 300
565 1559
677 520
1217 461
1567 265
1395 943
318 261
1868 1911
491 344
125 253
791 1435
1881 1730
599 1296
1068 237
1104 730
1478 133
4 474
321 1200
630 1042
1979 582
1865 1085
530 814
1716 456
1519 1285
100 1517
1461 1413
651 1433
374 196
746 959
792 303
60 1340
105 1563
1212 296
1275 319
203 1309
808 1884
1323 175
132 1839
1134 1701
30 1102
50 750
1132 1198
507 1389
186 988
1213 1118
1898 1547
1554 513
1683 1736
1478 1630
1317 267
1128 70
355 1081
1969 1422
1149 1512
549 1203
815 1396
716 475
130 1648
1455 1777
832 807
1969 725
528 256
104 1180
839 967
114 222
1085 1865
1595 1480
736 483
47 557
633 685
168 474
1036 288
208 507
1331 435
1583 1258
915 1273
777 1477
1924 218
1622 679
992 384
557 954
1562 278
1489 593
1986 1910
752 1151
792 303
882 979
711 1693
1289 362
75 412
1624 901
259 421
461 1217
538 1555
1431 894
593 1489
474 4
697 1835
154 1330
1512 1149
797 779
36 921
1517 100
574 571
365 218
1022 1716
272 498
362 774
1842 630
107 86
303 792
1813 215
1339 532
784 32
667 598
474 4
1269 1249
1008 1794
1587 1405
1584 1638
706 1471
1375 185
1256 668
1272 850
1379 1039
1813 215
435 1737
278 1562
255 56
1161 341
272 498
1066 979
613 1425
456 1107
471 152
76 1907
4 168
1467 1335
176 179
618 455
591 529
223 550
1781 1697
97 1165
463 33
337 301
1275 319
613 1425
1416 1791
1648 130
1120 1734
185 1181
56 255
427 706
543 1389
551 1100
1466 456
849 629
313 1661
1125 574
1405 1587
1296 599
567 765
1834 202
1264 385
412 75
961 1048
1873 118
1483 54
290 421
1885 1284
1102 193
427 706
1983 849
459 1914
398 1077
1319 1176
1149 1512
357 1873
42 446
1155 191
1990 911
779 1691
237 1281
791 1435
1489 593
215 1813
1276 581
450 1014
1430 1050
799 1231
1715 363
1081 355
972 1782
1432 1584
1179 1392
1710 414
1453 1716
1269 1249
1449 1720
1520 1090
1810 307
1275 319
852 1083
195 523
1619 883
435 1331
1010 1260
966 1931
463 33
961 1048
1165 97
470 209
1547 1898
1264 385
118 357
136 233
1251 1460
1141 9
706 1471
1957 1469
1544 1031
349 192
1648 587
1722 1432
1177 185
1079 1676
128 1783
1726 781
1648 587
461 1217
1249 1269
1264 385
514 1985
1810 307
1753 1417
1869 1096
164 1701
1894 841
1358 844
163 1684
279 1664
1416 1791
911 1990
1779 229
684 581
751 1758
646 975
736 483
76 1907
1358 1304
1402 349
1337 698
354 1331
1129 1811
349 1402
79 17
30 1102
1776 401
193 1525
871 18
100 1517
1098 618
198 612
756 1635
52 907
1738 1749
656 1114
474 168
1335 1467
1620 1472
1947 628
929 1543
1115 280
461 1217
184 1637
565 1559
1675 282
114 144
394 794
42 446
961 1048
1944 1159
587 130
1992 649
1567 1373
779 797
1811 794
100 1517
575 793
1786 840
196 374
671 1503
282 1883
911 1990
1467 1335
1275 319
217 225
1420 406
105 1563
830 1214
1340 60
672 478
1120 2
1519 1285
630 525
1304 664
1074 504
426 775
1768 880
1356 1268
1469 1957
624 1188
706 219
215 1813
56 255
74 871
217 225
528 1065
513 1554
300 895
1711 588
1715 363
1715 363
1795 1205
1080 1123
357 1873
174 1776
960 1339
564 785
1559 565
394 1811
301 337
671 1503
1366 763
1277 1554
1993 976
1734 2
1548 339
598 667
1353 186
1128 70
268 403
1477 777
1795 1205
76 1907
1931 378
296 1212
925 1676
498 272
556 1332
520 1334
911 1990
1240 1717
1538 19
1606 1133
864 523
1525 30
1471 427
389 205
4 474
1412 197
1478 1630
1511 788
1471 706
18 74
9 1141
1922 1707
1058 750
1435 791
486 815
1736 1738
1848 1672
7 433
1433 651
685 197
1408 1840
725 1422
1721 653
1128 70
792 303
1767 1194
1907 76
493 124
491 802
51 679
1800 668
381 232
792 303
1183 1736
583 647
84 970
646 975
1943 1113
1863 1696
907 52
1726 781
1503 671
1484 740
191 1155
592 490
992 949
650 1164
1048 961
1883 1675
1012 1118
612 1316
911 1990
794 394
849 1983
1967 414
1087 1920
832 807
1865 1085
1800 1256
1269 1249
363 1715
1683 1749
178 1035
301 337
1123 1080
13 1756
51 1622
1680 1654
1563 105
1260 1010
1186 719
1472 1933
1699 977
105 1563
1683 1749
124 493
242 1136
1022 1716
763 1366
1215 1690
1850 534
1675 1883
1467 1335
1512 1149
158 1243
1894 1026
1990 911
684 581
1692 224
1901 1364
97 1165
849 629
1517 100
1469 1957
69 1046
249 166
894 1431
1298 1548
504 102
1328 1794
927 1674
273 62
1554 476
1281 237
1289 774
76 1907
1715 363
178 1035
557 1616
491 344
52 1895
307 1810
1281 237
839 967
582 1979
1710 1967
1798 892
191 308
13 1756
1430 1423
1071 1288
504 1074
1630 133
146 166
661 800
289 1745
1055 1893
1508 1244
1002 1874
1098 618
331 1616
103 981
1115 280
1969 1422
296 1212
1715 363
1840 1408
1638 1432
821 674
289 1745
765 1450
263 240
1543 929
1451 576
1234 846
490 592
368 1288
780 1562
697 1835
856 41
1834 49
199 1374
154 1257
232 2
959 746
883 1619
697 1835
644 620
954 331
777 1477
1791 1416
1715 363
537 1061
1517 100
1616 557
1330 154
1667 1405
750 649
996 1975
752 650
970 84
1668 87
1588 28
1932 1856
1467 1335
1425 613
1273 915
729 1783
791 1435
1667 1587
89 1605
1194 1767
479 1440
192 1402
1990 911
228 661
198 1316
1990 911
793 575
1257 154
1268 1356
1809 218
38 637
851 795
576 1714
1664 1377
1833 1285
1598 1257
197 685
364 1528
1451 1714
763 1366
1603 1481
303 792
1972 867
1648 130
1898 860
1340 60
1076 1363
1277 476
490 122
943 1971
1020 716
1842 525
1361 1230
975 646
1931 378
1726 1593
1715 363
1517 100
73 718
41 856
1339 532
1010 1260
103 618
1469 1957
355 1081
1230 1361
560 1877
652 305
1178 1491
1598 1257
1794 1008
1117 1897
368 1071
962 27
322 1727
907 25
1751 34
75 412
62 273
1330 1598
1471 219
86 152
208 739
1077 1959
1929 1953
1744 1434
1405 1667
354 1577
1217 1972
1068 237
1389 739
1519 1833
1527 993
560 1877
30 1472
818 1140
752 650
703 840
587 1648
1156 1672
1048 961
94 1618
1477 777
89 1605
459 1241
1425 613
237 1281
1408 1840
300 895
208 543
352 1978
307 1810
1722 1638
1888 426
1813 215
398 1077
483 1663
70 1128
218 1774
1276 581
1449 1720
1115 280
587 1648
389 205
1391 1962
1010 1260
308 1155
975 646
1990 911
1339 960
1767 1194
1154 881
1798 892
1525 193
222 114
1520 1767
564 785
1655 1652
1547 380
253 125
237 1281
522 1475
948 1312
993 1527
817 1637
416 1925
198 1312
1559 565
697 1835
232 1734
1962 1391
1720 1449
1622 679
1249 1269
946 375
763 1366
168 474
1990 911
1067 653
1408 1840
40 1993
966 1931
1180 104
1563 105
168 474
195 864
179 176
841 1894
1477 777
562 469
943 1971
648 1003
1897 1117
527 1625
1519 1285
648 1578
454 1950
1675 1883
1993 1695
1458 747
1368 496
1667 1405
1539 912
4 474
1301 1053
1179 1470
203 1142
986 1626
1258 1583
907 52
763 1127
1715 363
1756 13
1110 1497
556 1105
1512 1149
278 780
725 1422
149 467
576 1714
1340 60
497 202
1918 730
907 1895
627 1480
1532 1818
461 1972
1782 972
1261 1293
223 550
15 728
1475 886
651 1433
1477 777
1654 453
1781 286
1492 983
75 412
122 592
1563 105
1435 791
650 1151
605 524
1754 659
594 1140
1767 1090
344 491
1678 1410
1068 237
519 874
1108 1068
59 356
1268 1356
457 1011
1638 1432
1625 1751
1074 102
1281 1068
469 562
1260 1010
290 421
1485 1724
1288 368
864 195
326 1
1425 613
1559 565
1616 331
940 1246
1117 1897
1071 368
1622 51
855 1219
1064 1618
9 475
56 255
1541 1614
977 275
852 1083
1130 847
319 1275
142 839
1374 989
1269 1249
38 1325
368 1071
124 493
1547 860
1607 150
1583 1258
1184 1799
1727 426
565 1559
1116 630
1720 1449
1098 618
196 374
1451 576
783 132
62 273
519 874
1401 1306
363 1715
1835 697
559 1795
1306 1401
756 1635
1557 1245
715 72
289 1745
1068 1281
1380 653
831 80
996 978
414 1967
736 483
280 1115
290 259
1670 953
1608 294
256 528
1885 1284
1667 1405
1884 1614
529 591
777 1477
303 792
460 1073
1244 1778
18 871
1907 76
204 1934
1618 94
375 946
437 516
783 1839
1149 1512
490 592
777 1477
1520 1090
1258 1583
1791 1416
1069 529
421 290
1030 25
1195 1760
664 1358
961 1048
1181 185
835 907
1562 780
670 1363
679 51
1877 560
1863 1696
192 1402
1484 408
1990 911
820 1956
1458 689
629 1983
355 1081
117 1061
157 1241
1715 363
1108 1068
856 41
1234 846
605 524
935 1652
1587 1405
368 1071
777 1477
844 664
954 557
794 1494
355 1081
557 1616
1028 1438
884 1291
1834 49
513 476
39 1693
1654 1680
1543 929
849 629
725 1969
233 1718
1563 105
1907 76
764 79
1264 385
1714 576
1894 1026
93 1486
416 1925
286 1781
1405 1587
209 375
761 982
1715 363
712 902
815 1905
662 1609
89 1605
327 820
599 1296
289 1745
530 814
219 427
148 813
1285 1519
1234 846
89 1605
294 1727
1798 892
211 1664
587 130
86 107
496 1368
153 927
1933 1620
1127 1366
2 232
1701 1134
879 65
1302 456
1339 960
1317 1162
549 1203
855 1999
326 1252
1205 1795
186 953
559 1795
253 125
1412 1828
98 1602
1414 1775
50 1058
954 47
13 1756
532 1339
978 1975
51 679
736 483
1559 565
103 981
435 1737
844 1358
206 1460
354 1549
791 1435
1477 777
1471 219
1159 1944
282 1675
1217 867
975 646
74 18
1840 1408
1058 649
130 1648
1128 70
378 966
1383 906
1168 141
929 1543
1365 1334
560 1877
122 592
1638 1722
900 1537
1175 802
320 1509
1098 103
911 1990
279 211
861 372
141 22
657 831
641 1953
593 1489
361 1333
1716 1302
100 1517
1413 1461
533 1024
621 1126
1368 496
1110 769
1972 867
1397 1056
756 1635
223 550
1839 783
970 84
911 1990
1670 1353
1648 130
1900 743
1016 229
1734 232
1467 1335
897 1096
1767 1090
975 646
777 1477
892 1798
777 1477
300 895
981 618
89 1605
1246 940
1377 1664
929 1543
518 140
1593 1726
1405 1587
777 1477
984 1725
791 1435
1323 1832
849 1983
943 1395
1117 1897
319 1275
1391 1962
394 794
534 1850
467 149
1255 422
173 645
368 1071
308 1155
1706 138
1910 1986
154 1257
1113 1130
176 179
560 1877
1035 1687
954 1616
256 1065
368 1288
349 192
1335 1467
1798 892
984 1725
587 130
1022 1342
1008 1794
379 1313
342 1612
192 1402
883 1619
664 844
1962 1391
1718 136
251 689
587 130
1285 1833
1971 943
1440 479
1405 1667
1602 98
1165 97
357 1873
1810 307
792 303
1715 363
1042 784
222 144
1470 1179
873 41
736 1663
416 1925
1339 532
622 1606
1264 385
1798 892
1505 1493
1924 1262
1626 986
1863 1696
414 1967
1575 1485
791 1435
320 1509
777 1477
1571 1706
200 43
408 1484
837 1761
696 1484
1337 698
1391 1962
226 216
1438 1028
339 1548
679 51
1104 511
339 1548
911 1990
1751 527
184 817
1478 133
156 778
892 1798
1420 360
783 132
746 959
1164 650
1159 1944
1115 280
1391 1962
353 266
299 738
1266 452
522 886
1356 1268
1068 237
76 1907
280 1115
937 1381
363 1715
911 1990
4 474
844 1304
1148 1597
1536 1705
1080 1123
1230 1361
800 661
605 524
1517 100
1435 791
300 895
1783 128
856 873
936 163
965 1211
1941 910
1595 1480
1020 716
1273 915
611 1880
527 34
324 1843
872 610
1343 1363
1630 1478
237 1068
75 412
1432 1584
1906 1187
28 1200
963 270
1549 1577
1517 100
1148 1847
1654 453
1914 459
794 394
528 1065
1865 1085
823 1428
551 1100
966 378
12 61
