2000 2000
162 1885
239 1454
1359 1385
418 582
1589 1593
1213 1513
1336 91
1414 121
1766 313
1589 1294
1454 1369
1139 1177
1177 1178
1432 1580
1448 94
1730 480
1369 1781
1712 386
1894 639
1454 1356
1244 924
582 852
1366 145
1384 1832
1005 61
325 776
816 221
1667 1236
1336 1607
745 1978
1596 1677
641 762
1213 610
1861 310
315 1610
61 1201
713 1751
157 1184
1244 1277
453 516
162 1148
1448 1100
1808 1878
1277 1794
888 426
582 1830
776 1944
1513 1327
1235 1108
1384 173
1712 768
776 172
1657 859
1201 50
644 1628
138 1062
476 1726
1359 1726
1201 1218
91 933
1005 979
1667 1538
979 1424
1519 1025
1607 225
1432 1034
924 469
139 1403
1108 449
145 12
433 1655
924 1339
1173 420
221 212
1894 526
1327 1513
138 306
162 116
465 1664
595 458
1184 1563
1657 1058
807 37
1202 1634
686 1121
599 524
692 1998
1202 503
1327 1924
1333 397
547 1286
1938 190
1202 673
652 1368
1339 1572
225 1373
524 1512
1989 993
599 1116
30 118
449 1390
905 1543
1712 1188
841 1548
745 1334
1368 1790
587 1948
1213 280
1728 1489
1950 312
1368 898
322 331
1572 1525
1384 757
1458 1087
692 1383
713 1208
1058 632
859 20
1280 1958
1148 1074
762 1684
1512 1851
1461 846
1454 1273
190 203
641 388
1267 21
427 1311
1087 1608
386 446
68 508
1730 964
524 1003
1368 1182
1832 965
1334 1583
162 1617
1139 1602
852 1018
1 690
446 371
905 1862
1175 1464
1538 1526
1878 1550
1390 463
1178 1867
1712 1745
1657 1363
421 1141
94 515
1141 1406
1426 1536
1334 376
68 1941
1277 1119
1608 434
673 1082
462 778
388 1480
526 1894
1406 975
1512 522
1359 304
1617 657
1116 1835
1139 531
692 1952
173 552
1034 1621
1218 977
1611 667
1175 1595
816 507
903 1485
159 1497
1339 1696
1677 804
482 1481
118 1691
1400 1913
1745 1288
1100 714
1826 1440
804 1281
1580 393
905 11
933 1976
1248 1656
515 714
1998 235
1952 338
1461 1447
337 38
322 1410
1005 255
21 1270
1751 1469
37 1455
306 1097
1139 756
1363 1354
239 1242
38 1402
1602 1539
1 363
1607 1067
898 74
420 665
1244 469
434 1398
1288 768
1414 1670
1363 1672
449 700
83 415
94 731
310 1245
922 124
225 1299
255 941
686 1077
225 1931
1976 1937
68 944
388 1302
453 1483
757 1639
1173 1675
1339 1542
756 1101
433 1919
172 1550
1728 4
610 680
91 1546
239 1369
1025 224
312 1135
1617 550
50 84
1726 837
1432 393
1512 1003
1277 860
1259 1255
1745 1712
1553 1088
756 1312
1177 871
172 1530
713 1208
1448 731
807 991
1078 1743
1915 1825
1602 1980
61 432
1617 1722
334 1963
865 1771
888 1894
1621 504
550 884
1058 807
1230 57
888 1314
1915 858
1548 1654
310 557
1696 766
94 1503
91 1394
421 392
1100 443
1105 422
1339 398
1188 1179
914 1764
1299 1013
1127 1923
1668 106
657 550
825 1474
532 870
124 1725
1764 1769
449 1601
157 1563
1548 759
1723 1386
422 1105
1424 1833
911 355
1998 1815
1815 338
504 973
1179 725
1312 1724
443 1823
1270 1793
1208 189
632 1370
1230 1140
411 683
1280 262
552 327
1550 1578
224 1381
1312 1980
168 1075
1915 1081
1823 443
1885 592
1659 142
1359 351
1384 1250
1354 1239
38 668
1077 1615
331 1485
262 1251
1978 1038
235 1343
1686 439
1657 754
1414 626
1542 940
221 1561
552 335
1730 480
846 238
1766 12
1624 658
1672 483
1963 962
1503 731
1542 417
692 183
964 876
1743 1853
449 45
725 371
1105 167
1794 158
131 710
1764 1404
1525 161
1617 160
894 702
979 1254
1386 1649
406 1158
894 814
778 1029
667 1611
1404 1805
690 55
1853 1360
1142 1000
1406 392
1182 652
1334 32
1139 1980
418 1698
1077 154
1105 498
1639 64
1548 1006
370 85
700 1601
1390 1601
1179 371
550 1170
964 781
1830 416
1333 1209
870 244
1117 1212
714 731
1989 1505
154 1615
1038 8
312 1467
828 291
139 630
1602 1867
572 501
1655 1319
1218 909
1743 1853
1319 1655
1771 1209
841 1006
1294 411
641 1779
386 1288
1602 1344
1280 1174
1607 1963
335 126
393 1580
1370 1787
1745 1288
1406 1059
355 1476
79 579
829 1910
465 1701
507 542
754 1873
126 1215
1664 1541
1119 677
1526 1085
508 357
291 1347
639 1894
1347 1527
142 961
315 352
161 1449
1833 1218
1948 1049
1513 1924
1589 683
1696 766
888 664
1649 194
50 81
1455 1787
1998 474
1402 38
1787 807
386 1288
860 801
443 1503
1059 967
1668 1347
106 811
433 1987
1937 1817
1250 126
1938 1750
1525 966
811 755
1833 1254
828 1191
190 1265
667 346
1835 1964
1987 1249
1003 790
1302 641
1482 1987
632 807
846 238
357 1822
1025 1740
1402 533
1201 583
1127 514
599 1930
531 1602
801 1244
1505 1331
209 1728
423 52
524 1964
1764 403
841 506
1426 1977
1851 613
909 1005
1607 163
1239 1657
79 315
1034 393
239 249
291 828
81 1806
1038 1853
583 1201
1218 1806
64 1215
1677 1858
334 1736
1265 1315
1339 69
476 304
1248 1517
1580 1034
1049 1974
1539 240
1158 6
1823 714
1369 708
692 530
964 1730
139 1993
313 40
524 1272
1950 1417
667 1611
583 1040
652 817
163 1931
1319 1987
894 1231
1546 960
1239 1787
1617 1427
1794 932
860 1244
212 542
68 361
1639 392
1231 1204
1712 1745
1835 1272
1740 1420
965 64
1215 173
1817 970
422 1855
1769 403
1835 169
306 1122
221 816
595 458
1248 123
814 1204
1980 1539
1851 1512
1781 786
203 631
121 156
1100 714
338 192
1750 631
262 1679
1867 1539
1628 1965
1748 1021
944 494
1177 1867
1081 1929
1314 639
1519 1520
1368 817
754 1787
1122 1495
1634 278
1013 431
1572 924
1078 32
894 814
1385 661
1058 1455
531 1980
64 392
116 1885
1007 892
1978 1853
731 1823
1286 1835
1740 1900
1976 1607
1360 745
12 647
190 1000
1974 587
1270 1296
1356 708
1108 1390
1005 979
1059 1415
1730 1606
415 829
1815 637
352 79
630 1993
1385 661
1538 1412
719 290
755 811
1244 1449
1751 1253
1656 1604
1381 1900
1359 661
1062 306
315 79
1058 1455
1059 126
50 1040
351 304
515 443
599 1003
427 1830
1686 1313
1539 1980
1930 1286
1440 1042
1231 1204
1447 1547
94 264
1085 1538
1242 239
37 1657
1963 91
1415 126
1 254
1415 1147
1327 675
1787 37
626 1035
439 1982
225 377
1182 1368
626 1414
1354 807
1790 1020
2 439
1272 522
1553 1088
1476 71
355 1476
1604 1091
479 1105
898 832
433 1987
657 1255
190 1750
507 176
781 1156
1394 1607
392 64
837 351
1668 755
1270 1221
531 1177
1790 898
1542 682
1097 86
1302 497
69 1525
278 1076
1383 474
641 1666
85 1474
1743 1360
1230 1140
1085 701
533 1646
1825 1943
1221 1452
1610 352
1085 59
713 1819
804 1281
1769 403
888 549
924 1525
1025 1519
865 397
61 50
280 1924
1055 719
1315 203
1654 506
592 116
194 1386
124 1725
40 145
667 778
1672 807
1108 45
370 825
1304 159
173 64
1541 1232
991 483
81 61
508 1567
1806 81
4 1015
626 1717
804 269
103 783
526 888
1386 1441
661 837
1458 1608
516 76
1948 314
1855 498
1420 1025
322 298
482 851
1074 116
1366 145
1675 1173
1406 173
474 1383
1965 644
973 1034
304 661
1948 375
325 366
375 1948
894 814
312 1467
677 1063
1452 660
1924 1213
1578 1438
1944 808
1646 251
1941 361
1373 225
766 1449
439 1597
6 1731
1255 1074
1182 1020
264 731
244 1044
52 1909
420 1173
682 1408
817 1790
1950 1467
84 1806
725 1179
1212 1974
966 677
1561 176
1082 278
327 1406
664 549
1062 306
599 1930
1982 2
368 1791
1469 921
1178 531
1454 1356
476 661
12 1366
37 1354
1964 1272
116 592
1438 1550
355 910
1412 1085
817 1182
79 1610
1091 1248
1000 1315
68 1437
965 327
832 817
1412 1085
497 1576
1861 309
1671 517
1212 107
1519 1125
1005 61
1142 1000
1105 479
1432 1034
417 158
1 55
1815 692
1369 1252
238 1584
121 603
804 1677
1675 1237
1668 811
1170 116
1578 1438
1370 1657
1878 1438
439 1597
1116 613
828 811
1745 1288
542 212
1668 828
1029 667
683 1589
1062 86
1127 1763
21 120
911 910
138 1122
1894 549
431 1607
120 1296
194 1386
801 966
463 1390
1141 965
1381 1519
1550 1878
903 1755
531 1980
38 1646
700 45
677 924
1806 61
944 1437
69 801
858 1776
431 1607
1646 1402
1018 427
841 1006
1584 1447
1204 894
533 1906
76 1483
1823 77
1334 1360
432 61
673 1082
1476 71
139 1042
1347 811
1578 1550
725 1288
921 1208
498 1247
431 91
154 709
503 673
203 1000
1078 1334
1791 1037
1894 888
965 1141
1724 1177
1717 121
84 1806
962 1817
1404 403
566 312
914 1404
1455 1657
1776 765
1072 595
1072 1223
639 888
331 1041
131 1693
1201 84
1626 1577
1239 807
47 266
1447 1573
1938 203
1668 828
1140 1230
251 38
370 825
377 1607
1006 1654
1373 377
1244 801
443 1823
922 124
1013 1373
420 1675
1244 1449
1639 327
533 251
1464 724
483 1787
630 1405
397 865
69 1794
68 357
1722 657
1764 729
898 832
692 1952
1286 1116
309 310
1384 1639
1122 306
418 66
579 1610
1781 1356
1485 331
921 1751
1288 1712
1037 384
1965 1628
1548 841
145 12
1602 1724
40 145
1148 1255
1730 1156
1546 377
1179 1151
81 1201
1076 503
1722 1074
1420 1381
1178 1602
700 463
1267 21
91 1546
682 69
686 306
1452 21
1547 1447
1101 1178
431 1546
338 1952
1213 1327
1213 1513
255 84
801 1063
517 457
1235 463
1832 1639
1408 1063
1982 439
1147 1384
700 463
463 700
752 1137
837 476
1314 664
1333 1771
266 47
434 1608
1204 894
1915 1776
1398 281
1512 1116
446 725
1100 515
762 641
1259 1722
966 1063
852 1698
331 1041
526 1894
55 690
1723 194
361 1941
1403 336
449 463
1184 202
677 1063
754 1455
1548 1006
1414 121
1142 1938
32 1334
338 1952
1254 84
1474 1955
1672 1657
469 1063
701 1085
1075 168
1474 1955
552 1147
1215 1639
1182 832
1405 662
255 81
1776 1915
1726 837
1495 686
443 1100
1239 1672
304 837
74 832
660 1452
1621 393
497 1666
1830 852
1696 1063
1731 1576
754 1672
309 1861
811 828
1601 463
1596 1677
1077 1495
1833 81
474 887
977 1833
1015 4
458 595
662 1440
384 1759
1191 828
1976 1546
1449 1696
1270 1452
731 1823
871 1101
498 479
1081 1523
508 944
327 1384
639 526
1658 783
829 1888
1717 121
1041 331
1790 74
1958 262
531 871
1273 1781
361 1437
1606 1156
1344 871
1745 1151
1179 1745
1042 1256
192 887
1482 1987
1414 121
967 1384
1527 811
1363 1058
1081 320
1121 1495
1923 703
804 1596
1634 1076
225 431
66 1830
530 887
479 1322
1077 1121
1771 1333
1667 1085
1023 1161
421 967
1769 1764
1878 1550
965 967
116 1259
1042 1403
1075 1400
86 1121
1833 977
168 1075
1041 331
592 116
310 1861
1659 961
1606 781
120 1452
550 592
1385 304
1593 1294
1691 270
1302 343
1344 871
6 1302
1250 967
1656 1604
811 1527
83 1888
1424 1833
1464 1175
212 507
1536 845
708 1273
1503 731
1929 1081
641 343
1182 1790
1415 1250
1937 225
1606 964
1787 1672
1215 1415
1245 1861
1254 1424
1495 86
1354 754
320 1765
1547 253
1314 639
1948 107
583 1833
898 74
1455 1672
859 754
1664 1168
557 1245
1819 1109
221 212
1712 1179
790 1286
1657 754
1825 320
991 1657
69 1449
1483 516
421 1415
1617 550
266 922
1602 1344
1221 120
557 1245
1794 69
418 1830
970 1937
221 176
1617 550
1725 47
1231 894
754 1657
1438 1550
432 1424
709 86
1626 598
1204 894
202 1563
1383 530
1611 778
1906 251
1950 1417
6 641
1142 1938
944 1941
1319 433
991 1455
1251 1958
1659 590
1542 1794
1299 225
310 1245
1867 1344
1042 1635
1602 1344
829 1888
1485 298
1543 905
61 432
154 86
1420 1519
1684 641
1546 1937
1236 1667
1035 121
346 1611
503 1076
566 1417
1861 310
1730 1718
702 1204
1846 702
363 1
416 418
1412 1667
531 1602
550 1617
1646 251
1835 790
1343 1383
264 1503
238 1547
1654 1548
1448 264
1294 683
32 1334
103 1658
449 1601
20 1455
668 251
1987 433
1684 6
422 479
469 1542
507 176
161 1542
1607 431
964 1730
966 161
641 1684
1993 1635
714 1448
846 238
1833 61
1087 281
991 1657
370 1474
810 95
970 1299
376 32
1909 1140
661 1385
755 1191
474 1383
30 1691
1980 531
932 161
1252 708
524 1835
1489 1015
526 639
1913 1400
595 1072
446 1179
337 1646
710 1693
1209 1771
251 337
1458 1608
542 507
351 1385
960 970
1655 1987
1390 449
729 1769
1402 337
1023 1587
677 932
1201 1833
1122 154
1672 20
1930 1835
1020 898
1610 79
632 1657
1385 661
417 677
86 1122
1408 932
1819 1109
1406 1415
665 420
255 1201
1584 846
1952 1383
498 422
384 368
361 68
1256 1440
355 71
239 1273
1482 1987
1230 1909
1087 434
1336 970
1410 298
417 677
1100 714
202 1563
652 1020
631 1142
235 1952
189 1253
524 790
1097 154
1495 1097
1885 1617
1467 566
1787 1672
1427 1885
661 1385
1693 710
1530 1550
1272 524
1461 1584
668 1402
1930 524
990 877
1265 631
964 1730
1147 1406
1952 474
832 652
398 677
1018 418
1142 1265
1007 1694
1170 1427
1277 417
1280 262
1759 368
582 1018
192 1952
808 1530
343 641
398 1277
1296 1221
86 1097
660 1296
84 61
637 192
1359 351
701 1412
762 641
480 1730
462 346
357 361
1343 1952
1042 1635
38 668
858 1825
313 145
1116 1272
1476 355
1366 145
1042 1635
253 238
1726 351
1561 542
476 661
469 398
909 84
1454 239
1059 1415
1602 1980
1202 503
439 1982
1108 1390
700 1108
1148 1427
1055 290
841 1548
1254 255
1322 479
1835 1116
1541 1664
1469 1253
169 1835
1779 641
1231 702
1182 652
167 479
1464 1175
1666 1779
1583 32
168 1075
713 1469
1267 660
1787 991
1617 1170
81 255
361 1437
1520 1420
1020 1182
1085 701
940 469
846 253
371 1712
1021 1341
160 1617
703 1923
172 808
361 357
547 169
1042 1635
84 255
1900 1520
522 547
1119 940
84 255
1062 86
783 16
1964 522
1091 1656
892 689
940 1119
1750 1142
352 79
762 1666
1141 1415
1302 762
1437 361
945 882
406 1302
1910 829
1906 668
1148 1617
1696 1119
1728 1015
1878 172
426 639
1740 1520
810 1507
1495 1062
1174 1280
1525 1696
1978 1583
756 1602
1655 1482
157 1563
1270 1296
94 1100
1013 960
776 1878
1363 1787
1427 1617
1281 804
610 1207
964 480
1752 1536
1302 406
828 755
1766 145
1212 1948
1037 368
107 1212
1668 828
1007 1694
449 700
549 426
1833 61
1474 370
1156 964
1067 1013
876 1156
1718 964
1248 1091
1370 1363
1787 1370
552 1141
2 1982
1091 1248
993 1591
1978 1583
126 1406
1135 566
483 1787
630 1635
494 1437
1671 457
1042 1635
183 1343
1062 1495
1937 1013
209 4
433 1482
1944 776
1449 1525
1147 126
1601 449
754 1787
1142 1265
427 582
1639 126
1135 566
1894 549
453 516
1567 494
37 754
1943 858
752 1137
970 1067
692 183
708 1454
888 426
255 1833
357 1567
1288 371
1634 1202
1805 729
1894 888
1546 1067
20 37
507 1561
66 582
661 1385
587 1212
825 1474
807 20
139 1042
57 1230
668 1906
1105 167
1789 157
1447 846
725 1288
515 1100
433 1655
355 71
1578 1944
1158 406
1822 357
962 1546
632 807
563 1624
1384 1639
810 1507
892 1007
1405 1042
1244 1449
709 1062
335 1384
1235 1601
1322 1105
1512 1964
1076 1634
351 476
106 1668
1998 692
965 335
790 1512
126 965
1058 807
1485 1410
224 1740
1858 804
1081 1943
572 1774
376 1978
1403 1405
1855 1322
680 1207
1373 1546
1038 376
909 61
338 1998
1731 1158
501 1774
375 587
960 1373
1607 960
159 356
1286 1512
667 346
1394 1607
142 1011
1815 338
403 729
446 725
1724 756
1029 346
1751 713
940 1244
192 1815
626 1035
397 1333
1369 708
1142 1265
1608 1087
225 1394
837 1726
1231 894
754 1058
77 94
1381 1740
1458 1087
393 1034
583 84
631 1265
1034 393
599 1512
876 1718
776 1578
1667 1085
1223 458
759 1548
909 583
1448 77
1677 1858
176 507
781 1718
682 940
757 965
163 225
1179 725
1334 1038
1251 262
1628 1965
357 1822
1937 163
724 1175
1900 1381
944 357
680 1207
1117 375
443 1448
660 1267
766 682
1319 433
262 1251
1108 1601
50 583
859 754
549 1894
962 225
476 1726
808 776
765 1081
1878 776
975 965
1059 975
865 397
1368 1020
433 1655
1188 1179
1366 1766
1218 84
1013 1937
1909 1230
221 176
895 457
160 1427
1025 1381
1781 1369
1314 1894
1826 1403
1526 1667
778 462
1311 66
1584 1447
677 766
914 403
503 1634
1993 1826
126 1059
32 1334
865 1771
1438 1878
1587 839
1201 1218
910 355
269 1677
816 507
1088 1553
945 645
1232 1664
327 126
1467 1135
1209 865
1440 1826
331 1485
552 327
757 552
1707 1248
1635 1440
192 1815
465 1541
281 1087
189 1751
224 1381
766 677
1748 912
1867 1724
647 1766
683 1294
1823 443
1215 757
1576 1731
1924 680
675 1924
524 599
313 1366
1794 766
1085 1667
922 124
1743 32
1717 626
990 1046
422 1322
517 457
1385 476
249 1781
526 549
123 1091
887 192
1919 1655
877 1039
1424 1201
1252 249
1432 1034
255 1424
1573 1584
941 255
1078 32
702 1204
1963 1937
765 1081
664 1314
1438 1878
1589 683
1694 892
1944 1438
1851 524
1414 626
1950 1467
801 1794
107 1117
724 1595
1256 1635
1236 1085
68 944
1923 1763
1617 160
661 1385
530 887
933 1937
1553 394
768 1188
309 310
251 668
1750 1142
411 1589
1049 1117
1139 1724
583 941
1441 1723
1156 1718
631 1750
702 1231
1817 933
1359 1385
1958 1251
932 801
970 1817
1455 859
1833 583
841 759
1141 757
1100 443
1819 189
1657 1455
322 331
1173 420
647 1766
8 32
463 1108
860 932
1302 1576
1808 1944
1593 683
61 1833
278 1076
366 1944
1404 914
1354 1657
1867 1139
1790 1368
1931 970
933 1931
225 933
1517 1707
1215 757
392 1215
1989 1331
506 759
1294 1589
1615 709
1580 1432
724 946
386 1188
921 1819
45 463
962 933
423 57
212 816
911 71
552 392
1480 1302
483 1354
1654 1548
661 1359
790 1851
139 1256
1572 860
315 579
1122 1615
1606 1156
1109 1819
1327 675
77 1100
1141 552
1034 1580
870 532
325 366
497 1302
1649 1441
515 77
1313 1982
1977 1536
1213 1327
1701 1232
1254 61
1461 1573
1769 914
163 962
1424 1254
1420 1025
430 1046
189 921
1437 68
1717 1414
1312 1867
759 1548
979 1424
973 1034
1406 1141
832 1368
172 325
1776 765
662 139
430 877
1339 1572
673 278
377 163
280 1327
336 662
1147 1406
865 1209
83 1910
1805 914
961 142
550 1617
1993 336
912 1341
1819 1109
719 535
1405 1993
1368 832
431 377
190 1750
1148 550
657 1148
1101 1867
343 1302
238 1461
498 1855
664 1894
1336 431
156 1717
1311 66
1383 530
225 1336
1454 1252
1208 1109
91 225
1021 1341
1281 804
692 530
587 1049
1085 1526
1458 281
714 515
1791 368
40 1366
95 1307
138 1615
334 91
439 1982
240 1312
1513 280
1077 1122
157 1563
1793 660
1424 979
1759 1037
517 457
1021 1341
421 1406
632 483
924 1339
811 106
1395 453
1873 483
1175 724
415 83
630 336
1832 421
1976 334
637 530
416 66
1546 1976
1366 313
121 156
610 1213
1915 1776
361 68
778 346
966 1339
52 1230
1247 1322
1482 1919
158 966
291 811
94 77
1455 1873
68 361
1920 1330
804 1281
1736 1546
1963 1976
85 370
1005 1424
837 1359
1447 1573
1755 322
993 1989
388 497
786 249
449 45
1686 1982
235 1383
1242 786
1255 657
1806 1005
1481 1876
1923 1127
1974 1049
1408 966
632 1455
427 1311
1539 240
1415 1147
1672 632
1513 1213
157 1184
884 1148
254 55
1853 1078
1174 262
1184 157
1087 281
194 1649
1461 1447
1670 1414
162 657
1941 361
1013 1546
107 587
1658 103
351 661
1527 291
807 1455
838 425
1601 463
1151 768
1438 325
1087 281
1280 1251
314 587
1252 786
1121 1077
1766 1366
903 1755
1286 790
909 1005
1523 1915
1235 463
1359 837
1823 714
1347 1527
1808 325
533 38
446 1188
808 1808
1072 287
1018 66
1608 1458
50 1806
1041 322
1398 1087
1239 1455
1930 1851
81 1806
312 566
30 1735
1230 57
1621 973
1042 1993
423 1230
1672 807
1601 463
1538 1085
504 973
1467 1950
508 68
1007 1694
1174 1251
1743 32
1265 1750
1929 1915
1385 1359
1003 1851
1668 1527
1615 138
