2000 2000
220 455
455 800
220 1689
1689 260
1689 1920
455 30
1689 866
1920 419
260 706
800 323
323 1985
220 1046
800 1459
220 1767
1459 525
706 541
419 1766
1689 27
866 1554
1767 1577
1767 1706
1766 79
323 941
79 1313
525 70
1920 242
455 676
1459 287
1313 766
260 658
419 406
706 1964
1985 18
1689 940
220 824
323 972
70 1585
1964 1607
1985 1634
242 1811
1811 734
406 679
220 10
242 1576
676 45
1767 1148
1811 1129
323 987
1766 394
1576 337
1129 1256
1585 1641
1706 1001
287 662
1766 1822
706 1251
1148 1622
1607 1297
18 403
18 1732
1554 33
1256 603
941 1596
1767 1572
1732 656
1576 569
1622 188
941 1878
188 920
1001 501
1641 927
406 1203
220 1336
603 347
927 1339
33 1716
260 218
662 415
27 88
1554 1029
1336 515
676 1873
1596 1860
220 506
1001 542
10 1720
1256 1532
1572 476
866 1890
287 760
766 37
406 1298
972 712
323 1109
1706 1618
218 1750
1109 1461
515 241
30 1735
406 1595
1595 174
419 1620
1766 135
1767 903
903 61
1029 1491
1706 165
515 273
760 1862
61 524
903 1600
1046 67
1750 563
824 1487
603 1285
1298 1984
525 1164
218 332
506 1301
706 1904
1634 1027
33 1304
712 641
541 1052
218 891
1336 79
1985 1180
1251 645
406 796
1706 473
1459 1060
1304 1871
10 2
987 1567
218 305
712 737
1873 1241
27 1590
323 1418
1720 1716
656 585
1766 1562
525 1535
2 314
1180 1027
70 1940
1001 1329
1256 508
1532 690
1164 1778
1634 139
455 1151
1904 149
260 1821
1339 1932
1860 1564
1689 42
866 964
347 251
1491 587
603 521
501 442
676 1991
542 1492
1535 1818
476 1387
1339 129
419 35
1151 1392
314 1626
824 1915
641 1057
1818 38
67 878
662 387
1387 640
641 1918
1001 400
455 247
218 300
1492 938
1180 617
1336 177
442 1345
1532 604
442 1419
1576 563
67 1153
1626 372
129 648
1984 1182
1492 1555
676 86
1618 1068
964 1254
640 64
1716 1481
1766 1414
903 119
1129 1914
45 881
824 1823
796 912
712 1027
1109 329
1419 938
1622 1646
760 288
139 1157
1735 302
881 23
1811 1784
712 1644
241 779
337 890
890 194
541 1106
37 175
1778 1886
1336 1339
135 44
387 1814
1932 1258
737 1990
1890 1653
1920 35
1461 260
247 1445
640 860
1940 1132
1766 1839
1607 1350
1298 34
149 1744
42 1685
79 1144
734 217
603 315
1254 1460
149 1281
1535 791
563 237
34 1591
1491 23
1873 234
1256 584
37 1524
940 781
1329 559
314 258
1990 320
188 1317
387 72
1481 355
878 103
1591 887
656 1341
1904 228
1685 1484
940 274
355 1218
1068 353
912 1664
400 1561
524 528
1481 1707
149 1988
241 814
372 648
476 154
1562 1342
1814 279
300 1165
1886 1740
881 675
419 1551
645 1913
1329 195
501 1876
1258 1039
18 881
1932 162
1561 1690
37 428
79 836
86 1534
641 1072
940 14
1460 1221
237 1822
521 1903
1964 1841
1904 1050
972 1921
300 885
1706 1042
1461 1718
1039 954
542 4
1646 1413
1585 294
1050 819
1481 1502
387 407
645 1529
315 407
1706 1442
302 1993
162 487
941 212
1886 1276
1618 236
1766 634
347 1423
506 850
1218 1433
1029 1529
584 1175
1940 1781
866 1218
938 1711
1304 943
912 1556
1993 123
1932 1055
1148 723
641 29
1940 322
473 350
1841 949
1532 1186
428 828
779 57
1001 1814
1921 246
246 1989
645 57
528 532
1157 936
1276 671
1562 1968
1433 600
37 1571
38 1746
177 1774
154 1893
279 438
723 283
1001 1079
1413 925
1626 606
1445 1502
1459 1727
1821 886
300 844
476 354
542 466
332 1516
676 243
1860 861
415 1625
1276 1555
288 753
941 617
1818 684
194 1898
1392 140
641 1293
936 1926
1042 1684
294 904
1577 1507
1626 671
1811 1008
288 720
1106 473
887 158
1151 244
1182 713
10 1561
1341 701
1706 1472
23 1678
415 252
442 1757
1716 1055
247 61
407 53
954 1742
27 1909
220 305
1556 428
1256 310
940 616
1180 791
1904 639
861 1180
679 377
79 1261
1529 921
912 50
1591 1726
438 1088
1839 346
220 869
67 38
828 684
1920 1743
987 737
79 1811
1727 36
372 554
1293 1281
1591 494
455 734
1293 1192
1564 1637
1903 602
1109 343
329 163
1487 663
35 1271
1607 1935
406 1148
4 276
1814 1012
1461 1340
1572 507
1340 1819
1387 1425
322 1392
1935 1435
1740 602
1564 387
400 639
1964 1281
377 1826
676 1372
1641 72
246 1403
1653 1964
163 1053
158 1508
1618 713
1012 1159
1445 1886
37 772
1532 1450
987 1915
1060 1833
158 1783
656 1428
355 239
1742 584
1276 1077
228 966
276 1392
394 33
925 999
1068 1884
1591 1202
1720 694
515 377
1898 1369
175 700
1203 1886
273 1307
1572 520
781 407
403 653
234 250
86 1532
1261 793
1293 1646
1050 1783
294 1153
466 1637
1984 1323
701 1780
283 1256
1607 391
149 1720
640 14
532 1414
860 1175
42 131
1964 1127
1304 1432
1600 905
1993 1270
559 1508
251 234
515 1887
684 949
300 357
1182 158
1716 131
14 1766
1297 820
1726 415
520 1109
645 806
949 175
283 468
1001 1379
1904 1898
524 806
1336 854
1057 1813
1814 1668
885 1370
1369 602
1823 1159
903 1487
1774 1088
1988 836
648 1779
796 579
779 1188
634 1417
1746 1383
641 781
1577 1989
1055 1680
1926 812
1839 1487
1839 1742
1072 19
524 1646
1826 1442
260 1307
1860 427
912 1930
706 1258
1151 1097
247 1673
175 1487
569 1564
1350 648
1472 1042
964 841
1425 471
641 1225
793 121
1186 294
1668 698
734 16
419 1555
419 1307
1921 1491
1507 1650
1641 332
323 252
1668 461
1370 483
1585 648
528 967
415 1918
45 188
1822 968
936 1101
866 889
694 1336
1940 415
174 1070
943 1774
641 1370
1532 35
820 579
836 1481
1634 1326
886 625
188 1419
1068 1565
212 461
1508 1218
634 1109
1567 1953
904 1365
1534 4
878 579
1634 367
507 1788
217 860
242 1585
563 1565
554 502
1564 1708
1839 1472
936 1470
1732 1918
1487 694
350 1813
585 367
10 16
524 1097
1551 1974
61 4
1726 1300
1818 975
1027 4
346 1918
1106 1732
1350 28
372 1813
372 616
1029 1953
1991 188
1507 1618
1833 468
1507 765
1668 403
1132 780
1664 1708
1690 1387
38 1518
806 765
1097 814
1727 1049
121 250
1814 1403
283 112
648 79
1732 112
1684 11
1576 357
563 246
250 712
1060 1508
1159 1634
1060 1518
603 1819
1811 155
656 1569
1271 737
542 155
1968 247
1878 1672
45 580
403 1811
1487 1704
154 1351
1886 889
854 580
1735 507
387 1818
584 1833
174 569
966 400
1088 1336
1873 334
237 1664
61 975
276 123
1202 328
1432 1634
347 188
1708 188
658 1508
1317 1833
502 866
320 581
1460 334
372 1403
1370 346
1225 1532
521 1673
1985 763
260 1833
1708 1072
600 1180
772 387
734 600
1218 252
625 1432
273 1673
23 658
377 174
1042 260
466 174
967 1673
37 332
163 987
1620 1167
1596 640
162 1813
428 79
903 1512
473 406
1387 648
1554 701
694 1620
19 734
455 252
1329 1727
1052 1097
1301 1336
532 1672
4 814
494 428
415 19
841 112
502 1518
1258 814
766 1814
600 1301
617 1329
1779 1532
1886 569
1524 428
1175 1740
1418 1873
580 346
723 1779
912 580
1350 1042
617 734
559 428
1148 507
1167 1813
1326 1646
720 1524
1935 569
836 1886
355 155
949 1745
350 1088
1823 542
294 1745
663 1052
1029 694
79 580
1893 1873
1968 294
1088 521
641 1985
1884 641
1342 250
936 126
1524 350
1070 1702
541 1062
1565 155
50 617
1428 406
1182 521
310 1262
1788 967
149 1276
579 1732
36 155
323 1968
70 1432
194 1304
1445 1727
1106 1876
337 155
1186 720
288 1745
1127 163
112 1886
1886 310
372 194
276 1935
1620 70
1329 720
1057 260
1417 1968
1329 1620
1285 1876
1720 1371
1988 1262
1027 163
1097 1127
135 288
712 1418
600 815
1555 1417
1637 701
889 541
602 1342
1862 1057
123 1342
1484 1301
487 1876
1106 1342
653 648
1833 271
1340 350
1532 541
1909 1186
427 1428
260 294
1876 260
1903 310
1904 541
1576 310
1106 1285
1055 372
1706 1182
1165 1833
1744 720
975 720
606 37
824 471
332 1884
1175 112
1491 1884
887 1055
10 1052
1535 1057
1492 427
131 1165
662 1876
1202 1052
1646 1492
1626 350
1702 1029
712 1262
925 1985
1350 1186
1735 1055
165 1491
1600 1182
483 662
1644 135
1336 1644
23 350
244 975
1904 350
524 23
1746 712
532 824
64 815
217 1418
1788 1565
966 332
377 1702
1371 1350
625 1644
243 1985
1323 1165
1418 1323
881 1886
861 471
1926 1565
28 1565
61 694
1487 1182
1379 1202
419 23
1921 1336
1345 23
779 1886
483 694
129 1735
1569 350
698 1345
1562 483
1556 1886
86 824
679 129
57 1379
1744 1371
850 1371
1001 1175
1383 243
322 86
372 86
904 57
476 61
1088 694
2 824
554 779
334 1088
1903 1626
1419 1001
1726 1886
305 1556
559 554
35 476
1534 1088
4 1419
271 1569
1707 1055
354 1565
1276 57
195 1001
403 1165
581 195
195 1569
1072 679
11 554
887 4
1293 1055
1148 1886
861 1345
1704 35
968 559
563 887
904 1419
734 1276
812 887
1989 1072
1042 1276
966 1921
814 779
524 1042
1826 1989
1689 581
1329 350
841 581
1057 1989
1088 966
1974 887
329 841
1732 1379
228 1974
372 887
391 679
1218 1534
123 1329
1445 841
2 1057
520 1419
1012 123
1188 329
1491 1072
1993 1565
645 679
1704 372
155 372
585 679
793 2
964 1565
634 123
1418 964
579 524
1052 1565
925 1052
815 1565
1460 1419
188 1057
16 1379
72 1989
806 1052
273 585
234 1418
1323 815
1914 964
1918 579
1144 1057
779 1418
617 1491
542 188
1750 1144
1097 1704
501 188
653 1491
1620 815
1532 679
889 188
387 16
1433 579
1435 1052
1508 889
212 1704
506 1433
1567 1057
936 506
329 1057
796 1144
1062 329
1417 1062
1876 806
1918 806
19 806
1297 1062
1413 19
1964 1297
1964 1062
112 1413
355 806
1720 585
1774 112
903 1750
936 1144
1524 806
648 1524
155 355
244 112
866 244
36 806
1148 1876
260 936
1564 355
1350 1532
1650 1750
302 1413
820 1750
57 1650
806 57
50 1650
1716 1876
854 806
1718 1532
1935 854
1585 1935
1839 57
1833 806
244 806
1823 1839
217 260
1180 1716
542 1823
1425 1823
476 1180
1256 1180
653 476
1813 476
283 476
885 476
251 283
487 1180
1839 251
639 251
1459 639
162 487
1512 639
121 162
525 639
1620 639
1562 1620
300 1620
1313 1620
1532 1620
1562 1532
1887 1532
1650 1532
320 1887
50 320
975 1887
641 1887
1711 641
1042 320
1365 320
28 1365
604 320
323 1365
1577 1887
1159 28
1326 28
1706 1326
515 1706
1821 515
1057 1821
1387 1057
700 1821
1618 1387
1109 1618
1766 1057
1551 1766
1932 1057
671 1057
542 1821
1930 542
315 1766
271 315
14 1057
1518 1057
1403 1518
1418 271
158 1518
1461 1418
1968 1461
1052 1930
836 1052
1915 836
1167 836
1403 1052
648 1052
1413 648
532 648
1600 648
1300 532
217 532
1535 532
1718 1535
242 1718
1702 242
1735 1718
1313 1718
1678 1313
641 1735
354 1678
1644 1313
1555 641
1350 1555
912 1350
163 1350
713 163
1313 713
1841 1313
579 713
473 579
121 1841
305 1841
1607 1841
1668 1841
242 1607
1072 242
461 1607
1433 305
1920 305
149 461
1774 461
1567 149
149 1072
1641 1774
2 1433
1106 2
1053 1106
4 2
1491 4
886 2
1097 886
1313 886
1565 4
1392 1565
506 1392
1039 506
700 1039
1607 1039
28 700
706 1039
300 506
972 300
1418 300
1276 1418
1029 300
1049 1029
525 1049
1567 525
1668 1049
1622 1049
419 1567
1167 1567
1898 1567
188 525
580 1668
521 525
1680 525
212 1567
1369 1567
19 1369
791 1567
887 791
252 419
427 419
507 1369
648 419
283 212
967 1369
1590 507
1746 427
1878 648
163 525
1383 1590
372 1878
27 1746
1878 1590
720 887
1433 27
854 1433
468 1433
1313 1433
258 1433
581 1313
1788 1433
1516 581
1072 1516
1060 1516
1780 581
400 581
844 1433
218 258
1871 258
400 258
50 1060
329 1060
1562 1060
603 1060
387 1060
1323 1060
1711 1323
14 1711
276 1711
949 1711
968 949
1576 949
1182 1576
86 1576
177 1576
1326 86
525 1326
1188 177
1780 86
377 1780
33 525
473 525
763 1188
247 1188
37 33
1839 247
1057 37
1964 1057
18 1188
1634 763
1839 763
400 1839
273 1634
354 763
406 247
1935 1057
1818 763
1417 1839
905 247
1351 763
878 905
1271 1935
1626 1935
684 1271
1915 684
288 1915
302 1915
1873 1915
713 1873
88 713
354 88
1285 354
796 1285
1132 796
241 1132
625 241
1281 241
675 625
1387 241
1459 241
67 1281
45 1281
1379 1459
824 1379
1001 824
1329 1001
1535 1001
195 1535
483 195
1109 483
438 1109
925 1109
1050 925
886 925
1767 886
305 1767
1218 483
322 1218
975 483
343 975
16 343
1784 16
1148 1784
806 1148
355 806
1757 806
320 1757
239 320
377 320
239 320
1626 239
1591 1626
1814 1591
112 1591
563 112
1372 563
1822 1372
72 1822
1512 72
1742 1512
1046 1512
139 1046
34 1742
1484 34
37 1742
1743 37
220 37
1484 220
1745 1484
1109 1745
1329 1109
64 1329
904 64
1920 904
1481 1920
487 1481
19 487
350 19
1562 487
676 1562
967 676
131 1562
1913 1562
820 1913
1192 820
1780 1192
634 820
468 820
648 468
1744 648
1221 648
1551 648
1164 1551
258 1164
1167 1164
1127 1167
163 1164
943 1127
1387 1167
158 1167
29 1127
1442 1127
367 1387
1254 158
587 29
806 587
1826 158
1914 1826
1644 1914
228 1644
779 228
273 779
1435 273
1898 273
966 1898
194 1898
501 1898
294 501
1307 1898
461 1307
407 1307
53 461
442 461
766 442
1561 766
1689 1561
581 1689
1913 581
887 1913
1988 887
1708 1988
34 1988
305 1988
355 1708
1251 355
806 1251
1822 1251
1281 1822
812 1281
1569 812
476 1569
886 476
791 476
1766 791
310 1766
528 310
1554 1766
559 310
1620 559
890 559
1046 559
836 1046
1461 836
1508 1461
247 1461
1668 247
391 247
329 391
737 391
1766 737
1053 1766
1270 1766
1862 1270
1167 1862
943 1167
406 1167
1672 943
154 406
616 154
912 616
162 912
1508 162
844 1508
1403 1508
1203 1508
1664 1508
617 1508
1839 1403
806 1508
1991 806
1732 1991
1088 1732
1445 1088
1293 1088
455 1293
1576 1293
228 1576
1192 1576
1192 1293
1432 1192
1491 1432
1564 1432
27 1491
177 1491
954 177
1991 954
841 1991
734 841
1781 734
1576 734
1001 734
328 1001
1684 328
723 1684
520 723
1634 520
1811 1634
466 1811
476 1811
521 476
1165 521
377 1165
1049 377
559 1049
1871 377
283 377
1904 283
1326 283
814 1904
86 1326
658 283
1053 283
1690 283
1127 283
1664 658
1726 1664
1317 1326
279 1726
1718 279
1920 1718
1151 1920
1060 1151
701 1060
1218 701
1221 701
1590 1221
1774 1590
1159 1774
720 1159
329 1159
861 1159
37 861
121 1159
33 121
1811 33
1340 1811
1860 1811
1672 1811
860 1672
1027 860
579 1027
1008 579
194 1008
885 579
694 885
1823 694
1425 1823
524 1425
1097 524
1262 1097
676 1097
1887 676
1365 1097
126 1365
1921 1365
554 1365
604 554
471 604
149 471
1340 149
1596 149
1702 149
1637 1596
603 1637
251 603
140 251
1887 251
33 251
1300 33
1057 1300
891 1300
1129 891
866 1129
1529 1129
283 1529
1890 283
1871 1890
1813 1871
954 1871
1341 1813
1182 1341
1576 1182
1841 1576
1744 1841
828 1744
1167 1744
334 1167
175 1167
337 175
887 337
455 887
520 455
237 520
940 237
1968 237
1532 940
1600 1532
1625 1600
1935 1625
1050 1935
241 1050
1057 1050
44 241
1008 44
387 44
1276 387
1336 1276
1988 1336
1984 1988
1472 1984
37 1984
323 37
645 323
1297 645
836 1297
1218 1297
50 1218
1414 50
1298 1297
302 1298
1341 302
1329 1341
501 1329
1788 1329
1502 1788
1340 1502
294 1502
27 1502
329 294
1062 329
1345 1062
322 1345
86 1345
501 86
466 501
79 466
1450 79
353 1450
1743 1450
580 1743
1576 580
653 1576
246 1576
1811 246
1153 1811
806 1811
760 806
1419 760
35 1419
1417 35
1164 1419
780 1164
1781 1164
1012 1781
1646 1012
1600 1646
676 1600
763 676
1904 763
819 1904
1492 1904
1746 819
1898 1746
1487 1898
403 1487
1556 1898
925 1556
508 925
139 508
287 508
28 139
407 139
1050 139
600 1050
1989 600
1860 1989
1175 1989
288 1175
271 1175
483 271
355 483
1564 355
1144 1564
19 1144
30 19
869 30
260 869
836 260
1778 836
903 1778
889 903
174 889
2 174
1371 2
1445 1371
1818 1445
36 1445
1821 36
508 1821
1909 508
1369 1909
987 1369
584 987
850 987
10 850
1371 10
1241 1371
1903 1241
346 1903
800 1903
886 800
1620 886
1561 1620
584 1561
1990 584
1077 584
1814 1077
1323 1814
606 1323
252 1323
1472 252
131 1472
1153 131
780 1153
1079 780
1157 1079
1990 1157
617 1990
1673 1990
64 1673
1008 64
1968 1008
45 1968
1418 45
1726 1418
1042 1726
394 1726
228 1042
968 228
927 968
218 927
1518 218
1953 1518
1886 1953
494 1886
506 494
1387 506
1053 1387
1261 1053
42 1261
372 1261
772 372
679 772
1049 679
1487 1049
1595 1487
1442 1595
559 1442
1746 1442
250 1746
347 250
1716 347
1595 1716
881 1595
244 1595
419 1716
559 419
634 559
921 634
1926 921
1057 1926
640 1057
212 640
753 212
653 212
29 212
1072 212
936 1072
1893 936
438 1893
1534 438
1680 1534
18 1680
1876 18
1622 1876
165 1622
1833 165
1383 1833
781 1383
1993 781
1839 781
1811 1839
1417 1811
936 1417
1326 936
1342 1326
1704 1342
1180 1704
1577 1180
854 1577
1740 854
1256 1740
346 1256
1186 346
407 1186
625 407
466 625
288 466
35 288
246 35
1414 246
322 1414
1567 322
658 1567
274 658
1819 274
1884 274
972 1819
1750 972
1340 1750
927 1340
569 927
861 569
394 861
1050 861
1070 1050
604 1070
541 604
243 541
828 243
814 243
1818 814
16 1818
815 16
332 16
1572 332
706 1572
1218 706
1887 1218
1650 1887
1413 1650
1304 1413
949 1304
1262 949
42 1262
585 42
1585 585
274 1585
891 274
700 891
287 700
1106 287
1053 1106
828 1053
881 1053
483 881
1258 483
815 1258
1735 815
542 1735
367 1735
119 367
938 119
587 938
1595 587
889 1595
242 889
29 242
217 29
1326 217
1886 1326
1203 1886
737 1203
1690 737
793 1690
949 793
966 949
1433 966
61 1433
353 61
641 353
1351 641
234 1351
428 234
1188 428
1685 1188
36 1685
1653 36
1516 1653
276 1516
844 276
1878 844
828 844
334 828
528 334
1780 528
11 1780
70 11
1254 70
765 1254
28 765
357 28
967 357
1618 967
850 1618
866 850
135 866
1964 135
964 1964
288 964
1904 288
350 1904
617 350
1918 617
468 1918
1860 468
473 1860
1964 1860
1428 1964
103 1428
1370 103
1871 1370
1460 1871
1678 1460
67 1678
1596 67
943 1596
236 943
1502 943
329 1502
1079 329
129 1079
999 129
606 999
690 606
1779 690
1159 1779
1313 1159
1668 1313
400 1668
1301 400
1055 1301
1221 1055
305 1221
403 305
473 403
1202 473
954 473
878 954
53 878
1833 53
427 1833
23 1833
905 23
30 905
941 30
1507 941
1689 1507
34 1689
1921 34
525 1921
1307 525
602 1307
163 602
507 163
954 507
1726 954
27 1726
140 27
234 140
1470 234
890 1470
1068 890
14 1068
1783 14
1993 1783
1101 1993
72 1101
1225 72
1159 1225
394 1159
1702 394
50 1702
1317 50
753 1317
1524 753
1492 1524
1423 1492
1403 1423
1984 1403
1664 1984
720 1664
1127 720
1932 1127
427 1932
698 427
1607 427
675 1607
1554 675
690 1554
194 690
300 194
1940 300
244 1940
57 244
1707 57
1339 1707
1571 1339
1202 1571
1720 1202
1512 1202
1871 1512
155 1871
1039 155
920 1039
653 920
1641 653
1461 1641
38 1461
1818 38
258 1818
314 258
415 314
737 415
1985 737
123 1985
126 123
1767 126
243 1767
975 243
640 975
315 975
1068 315
36 1068
671 36
698 671
33 698
1460 33
1878 1460
712 1878
149 712
662 149
237 662
515 237
1276 515
1720 1276
663 1720
502 663
1432 502
1918 1432
1974 1918
656 1974
188 656
1833 188
1297 1833
640 1297
1727 640
1884 1727
542 1884
236 542
1512 236
1435 1512
