2000 2000
1810 1068
1810 1639
1810 1155
1810 1439
1810 519
1810 1012
1810 1607
1810 1994
1810 590
1810 136
1810 1385
1810 103
1810 1491
1810 1587
1810 137
1810 1166
1810 1843
1810 519
1810 42
1810 1825
1810 1768
1810 1787
1810 1491
1810 743
1810 1998
1810 1850
1810 1680
1810 480
1810 986
1810 368
1810 671
1810 538
1810 1158
1810 192
1810 370
1810 1731
1810 678
1810 449
1810 89
1810 488
1810 454
1810 141
1810 830
1810 1069
1810 1670
1810 504
1810 1992
1810 954
1810 776
1810 907
1810 41
1810 1963
1810 1399
1810 1731
1810 82
1810 1439
1810 439
1810 1898
1810 1286
1810 199
1810 1997
1810 752
1810 1649
1810 1655
1810 338
1810 1495
1810 1155
1810 489
1810 48
1810 1034
1810 656
1810 1261
1810 64
1810 1407
1810 1791
1810 229
1810 582
1810 369
1810 331
1810 443
1810 817
1810 1103
1810 807
1810 1592
1810 1704
1810 1167
1810 193
1810 1191
1810 695
1810 1308
1810 1012
1810 961
1810 1095
1810 1042
1810 357
1810 191
1810 101
1810 122
1810 319
1810 1607
1810 1307
1810 1116
1810 1296
1810 186
1810 700
1810 1745
1810 1184
1810 1177
1810 706
1810 193
1810 1963
1810 743
1810 1692
1810 1020
1810 1376
1810 1262
1810 1207
1810 1203
1810 1639
1810 1253
1810 322
1810 482
1810 1756
1810 1046
1810 1522
1810 1984
1810 1558
1810 331
1810 154
1810 453
1810 233
1810 1121
1810 1450
1810 1351
1810 845
1810 129
1810 1200
1810 1704
1810 1495
1810 1734
1810 1038
1810 1287
1810 639
1810 524
1810 208
1810 399
1810 768
1810 303
1810 1978
1810 36
1810 614
1810 671
1810 1392
1810 1174
1810 870
1810 374
1810 1756
1810 1088
1810 1839
1810 784
1810 1464
1810 1703
1810 1086
1810 1782
1810 1171
1810 1287
1810 1517
1810 1672
1810 1814
1810 570
1810 665
1810 1543
1810 165
1810 832
1810 1882
1810 1150
1810 568
1810 753
1810 1253
1810 893
1810 53
1810 1994
1810 524
1810 1438
1810 1477
1810 1204
1810 1040
1810 713
1810 32
1810 56
1810 185
1810 1221
1810 1808
1810 1190
1810 1439
1810 1344
1810 1794
1810 689
1810 522
1810 1951
1810 455
1810 558
1810 589
1810 1631
1810 862
1810 1844
1810 1121
1810 1379
1810 748
1810 1701
1810 1368
1810 1774
1810 45
1810 1814
1810 1657
1810 10
1810 1747
1810 1481
1810 1571
1810 754
1810 325
1810 1396
1810 1371
1810 379
1810 1116
1810 1529
1810 927
1810 162
1810 1507
1810 369
1810 1896
1810 1527
1810 1445
1810 187
1810 1012
1810 1978
1810 71
1810 655
1810 5
1810 381
1810 1384
1810 1425
1810 381
1810 1690
1810 817
1810 1236
1810 282
1810 912
1810 1464
1810 278
1810 911
1810 551
1810 278
1810 1621
1810 381
1810 1359
1810 1894
1810 1346
1810 1445
1810 1211
1810 744
1810 931
1810 452
1810 686
1810 1635
1810 28
1810 613
1810 1707
1810 1397
1810 753
1810 386
1810 832
1810 1475
1810 968
1810 815
1810 823
1810 243
1810 885
1810 1589
1810 1020
1810 555
1810 664
1810 252
1810 1243
1810 507
1810 1990
1810 886
1810 1643
1810 1427
1810 1776
1810 870
1810 1102
1810 1403
1810 1156
1810 1920
1810 1824
1810 1891
1810 1524
1810 696
1810 1333
1810 1800
1810 868
1810 752
1810 349
1810 1586
1810 1056
1810 538
1810 1905
1810 1932
1810 1891
1810 381
1810 1130
1810 455
1810 162
1810 713
1810 1781
1810 1385
1810 968
1810 737
1810 333
1810 1094
1810 392
1810 1244
1810 977
1810 73
1810 1512
1810 1381
1810 1245
1810 602
1810 6
1810 45
1810 612
1810 1180
1810 1061
1810 18
1810 162
1810 637
1810 498
1810 558
1810 296
1810 37
1810 612
1810 1995
1810 1098
1810 851
1810 1795
1810 1670
1810 409
1810 1120
1810 911
1810 845
1810 478
1810 352
1810 954
1810 1718
1810 1465
1810 1353
1810 331
1810 1600
1810 1523
1810 1738
1810 1787
1810 574
1810 1852
1810 925
1810 665
1810 845
1810 161
1810 370
1810 118
1810 1997
1810 182
1810 696
1810 1593
1810 738
1810 1289
1810 685
1810 1187
1810 1082
1810 1209
1810 60
1810 1704
1810 917
1810 684
1810 1426
1810 1799
1810 1172
1810 720
1810 435
1810 146
1810 760
1810 616
1810 627
1810 572
1810 1734
1810 166
1810 1555
1810 1812
1810 540
1810 1352
1810 1413
1810 1691
1810 1177
1810 1385
1810 197
1810 1507
1810 666
1810 171
1810 452
1810 1464
1810 822
1810 1865
1810 1764
1810 1972
1810 1865
1810 843
1810 1413
1810 1083
1810 1764
1810 1523
1810 1819
1810 1595
1810 321
1810 572
1810 1098
1810 455
1810 17
1810 1019
1810 1121
1810 1158
1810 1263
1810 1536
1810 943
1810 932
1810 1994
1810 519
1810 1543
1810 1885
1810 1475
1810 1844
1810 747
1810 1932
1810 1047
1810 754
1810 1001
1810 1506
1810 1426
1810 664
1810 1357
1810 1785
1810 1361
1810 10
1810 1464
1810 1864
1810 1441
1810 1764
1810 623
1810 85
1810 644
1810 752
1810 309
1810 1543
1810 1587
1810 614
1810 1376
1810 842
1810 89
1810 1804
1810 636
1810 1068
1810 1062
1810 1454
1810 1978
1810 448
1810 562
1810 80
1810 1718
1810 508
1810 1182
1810 1523
1810 1745
1810 1055
1810 566
1810 182
1810 627
1810 1047
1810 178
1810 1885
1810 917
1810 1098
1810 883
1810 1435
1810 32
1810 201
1810 568
1810 687
1810 1066
1810 1627
1810 13
1810 1302
1810 74
1810 1964
1810 1177
1810 965
1810 843
1810 1392
1810 1251
1810 481
1810 1896
1810 1396
1810 1174
1810 81
1810 532
1810 613
1810 1886
1810 1252
1810 1480
1810 1283
1810 436
1810 173
1810 70
1810 489
1810 1195
1810 1936
1810 958
1810 1829
1810 857
1810 893
1810 442
1810 191
1810 1678
1810 1529
1810 289
1810 588
1810 391
1810 1783
1810 400
1810 608
1810 399
1810 222
1810 129
1810 1834
1810 137
1810 321
1810 1148
1810 1764
1810 1747
1810 1913
1810 599
1810 1785
1810 636
1810 1337
1810 965
1810 510
1810 194
1810 1776
1810 1958
1810 1869
1810 1920
1810 1083
1810 658
1810 1914
1810 1251
1810 1530
1810 1259
1810 831
1810 1028
1810 1247
1810 701
1810 1361
1810 103
1810 1589
1810 1979
1810 774
1810 1992
1810 1036
1810 877
1810 453
1810 438
1810 1021
1810 1016
1810 750
1810 862
1810 1964
1810 1368
1810 576
1810 1062
1810 1204
1810 475
1810 525
1810 37
1810 1077
1810 1537
1810 248
1810 1371
1810 779
1810 114
1810 1667
1810 1479
1810 42
1810 1996
1810 1637
1810 1156
1810 1236
1810 440
1810 974
1810 1213
1810 590
1810 545
1810 1839
1810 1962
1810 892
1810 1935
1810 448
1810 221
1810 1990
1810 203
1810 498
1810 70
1810 154
1810 137
1810 200
1810 170
1810 674
1810 1670
1810 237
1810 186
1810 1841
1810 1442
1810 740
1810 853
1810 1731
1810 334
1810 166
1810 438
1810 236
1810 1589
1810 706
1810 1121
1810 229
1810 1829
1810 63
1810 1437
1810 1413
1810 387
1810 1479
1810 29
1810 82
1810 456
1810 1602
1810 1752
1810 1929
1810 121
1810 1914
1810 862
1810 1437
1810 1634
1810 1303
1810 1443
1810 821
1810 461
1810 1033
1810 363
1810 1888
1810 218
1810 641
1810 150
1810 1903
1810 441
1810 1228
1810 1947
1810 1208
1810 870
1810 737
1810 1452
1810 1233
1810 1382
1810 1439
1810 1082
1810 780
1810 1663
1810 900
1810 1878
1810 1977
1810 1148
1810 1586
1810 233
1810 662
1810 64
1810 960
1810 207
1810 420
1810 1764
1810 742
1810 1287
1810 845
1810 1984
1810 1411
1810 293
1810 504
1810 751
1810 61
1810 750
1810 665
1810 1403
1810 1542
1810 625
1810 806
1810 1236
1810 1105
1810 492
1810 439
1810 1048
1810 381
1810 1375
1810 1303
1810 298
1810 122
1810 1068
1810 1864
1810 1083
1810 1034
1810 294
1810 760
1810 137
1810 32
1810 1155
1810 809
1810 364
1810 1086
1810 199
1810 1942
1810 1161
1810 1864
1810 117
1810 1445
1810 1100
1810 1261
1810 965
1810 1551
1810 1009
1810 482
1810 1404
1810 1844
1810 1858
1810 334
1810 1200
1810 1426
1810 1006
1810 1935
1810 1745
1810 1794
1810 1977
1810 374
1810 1483
1810 114
1810 1985
1810 322
1810 1527
1810 524
1810 1096
1810 980
1810 551
1810 918
1810 1291
1810 1839
1810 685
1810 496
1810 276
1810 825
1810 1903
1810 1422
1810 540
1810 1094
1810 61
1810 864
1810 1783
1810 1211
1810 1203
1810 10
1810 474
1810 1850
1810 1555
1810 804
1810 1357
1810 877
1810 1675
1810 724
1810 1491
1810 1651
1810 236
1810 242
1810 68
1810 851
1810 1995
1810 41
1810 1191
1810 1061
1810 1905
1810 1543
1810 98
1810 1340
1810 903
1810 1808
1810 1358
1810 73
1810 686
1810 823
1810 574
1810 1167
1810 1932
1810 1816
1810 1585
1810 1349
1810 821
1810 1832
1810 1534
1810 1308
1810 392
1810 928
1810 1215
1810 480
1810 1098
1810 1451
1810 558
1810 1036
1810 440
1810 1174
1810 392
1810 200
1810 1010
1810 1315
1810 1193
1810 1033
1810 1120
1810 1035
1810 1450
1810 185
1810 1207
1810 1376
1810 146
1810 1427
1810 117
1810 1570
1810 1439
1810 1794
1810 1849
1810 415
1810 1116
1810 1912
1810 21
1810 1639
1810 141
1810 1707
1810 1492
1810 1807
1810 968
1810 85
1810 130
1810 1531
1810 570
1810 1995
1810 617
1810 1381
1810 851
1810 432
1810 1289
1810 780
1810 251
1810 242
1810 1158
1810 1762
1810 1531
1810 1190
1810 525
1810 1224
1810 1804
1810 1398
1810 1244
1810 1209
1810 1903
1810 450
1810 737
1810 1267
1810 178
1810 319
1810 229
1810 82
1810 168
1810 1353
1810 510
1810 606
1810 726
1810 1986
1810 1844
1810 553
1810 1779
1810 1018
1810 1834
1810 1040
1810 1066
1810 413
1810 885
1810 404
1810 807
1810 1541
1810 1480
1810 878
1810 374
1810 1349
1810 166
1810 744
1810 13
1810 1654
1810 987
1810 165
1810 1488
1810 1491
1810 18
1810 475
1810 420
1810 475
1810 272
1810 1465
1810 1186
1810 1569
1810 886
1810 379
1810 1543
1810 1088
1810 843
1810 447
1810 924
1810 866
1810 668
1810 1715
1810 823
1810 1774
1810 242
1810 379
1810 804
1810 517
1810 1346
1810 1383
1810 1148
1810 1779
1810 1496
1810 1903
1810 1309
1810 1933
1810 910
1810 1236
1810 621
1810 1837
1810 1120
1810 1793
1810 1764
1810 1327
1810 29
1810 859
1810 391
1810 375
1810 1766
1810 660
1810 206
1810 8
1810 1882
1810 15
1810 974
1810 1826
1810 1215
1810 1034
1810 566
1810 1352
1810 1327
1810 1020
1810 1449
1810 1820
1810 1381
1810 1280
1810 1538
1810 809
1810 521
1810 872
1810 1527
1810 252
1810 278
1810 1409
1810 1148
1810 1522
1810 1517
1810 199
1810 1701
1810 1233
1810 1171
1810 251
1810 1637
1810 1667
1810 951
1810 1950
1810 1783
1810 664
1810 1035
1810 768
1810 1020
1810 1100
1810 1569
1810 375
1810 370
1810 884
1810 319
1810 1381
1810 1242
1810 229
1810 1151
1810 1409
1810 1164
1810 440
1810 1541
1810 1351
1810 352
1810 1660
1810 917
1810 572
1810 806
1810 613
1810 113
1810 1167
1810 1030
1810 1140
1810 1106
1810 1572
1810 1932
1810 874
1810 830
1810 517
1810 1355
1810 665
1810 187
1810 1485
1810 957
1810 1305
1810 1795
1810 1200
1810 1088
1810 1570
1810 892
1810 1990
1810 1037
1810 1214
1810 386
1810 197
1810 312
1810 272
1810 1048
1810 44
1810 357
1810 268
1810 686
1810 187
1810 1019
1810 370
1810 156
1810 118
1810 1886
1810 1371
1810 627
1810 513
1810 1794
1810 1832
1810 1546
1810 1766
1810 1208
1810 299
1810 441
1810 945
1810 92
1810 924
1810 821
1810 1913
1810 1791
1810 693
1810 650
1810 1171
1810 538
1810 823
1810 646
1810 1839
1810 1621
1810 617
1810 1439
1810 1994
1810 1784
1810 1332
1810 807
1810 697
1810 895
1810 989
1810 637
1810 1403
1810 617
1810 860
1810 840
1810 1186
1810 1316
1810 45
1810 1477
1810 136
1810 162
1810 1474
1810 1013
1810 53
1810 1291
1810 1920
1810 1954
1810 860
1810 1016
1810 517
1810 753
1810 1844
1810 1815
1810 118
1810 229
1810 168
1810 1021
1810 256
1810 345
1810 1585
1810 772
1810 1883
1810 1213
1810 1358
1810 15
1810 1125
1810 168
1810 1831
1810 1156
1810 616
1810 384
1810 743
1810 660
1810 374
1810 1018
1810 1983
1810 1019
1810 513
1810 1492
1810 1852
1810 529
1810 772
1810 517
1810 1080
1810 593
1810 1893
1810 1731
1810 1191
1810 644
1810 488
1810 1322
1810 538
1810 965
1810 513
1810 1155
1810 1242
1810 555
1810 48
1810 296
1810 1602
1810 154
1810 1042
1810 822
1810 233
1810 1000
1810 748
1810 875
1810 1551
1810 1628
1810 86
1810 170
1810 1254
1810 701
1810 493
1810 623
1810 331
1810 1992
1810 1839
1810 1098
1810 615
1810 555
1810 1472
1810 627
1810 1346
1810 1731
1810 551
1810 143
1810 239
1810 191
1810 766
1810 567
1810 1319
1810 766
1810 331
1810 1668
1810 1150
1810 1191
1810 1837
1810 1675
1810 896
1810 517
1810 1144
1810 336
1810 484
1810 475
1810 61
1810 1954
1810 1188
1810 233
1810 1216
1810 524
1810 729
1810 214
1810 1724
1810 1546
1810 1541
1810 1809
1810 640
1810 926
1810 875
1810 498
1810 851
1810 723
1810 64
1810 787
1810 931
1810 1910
1810 1399
1810 1952
1810 535
1810 1910
1810 1735
1810 903
1810 1495
1810 1187
1810 1284
1810 520
1810 1480
1810 475
1810 1315
1810 1952
1810 968
1810 806
1810 1150
1810 502
1810 1888
1810 1280
1810 684
1810 1623
1810 1901
1810 872
1810 1445
1810 248
1810 1809
1810 628
1810 363
1810 1958
1810 489
1810 1738
1810 974
1810 449
1810 1989
1810 1610
1810 1492
1810 282
1810 1816
1810 504
1810 1452
1810 1454
1810 447
1810 1233
1810 404
1810 1159
1810 603
1810 1817
1810 1779
1810 416
1810 802
1810 1964
1810 1155
1810 1933
1810 1991
1810 825
1810 877
1810 1280
1810 687
1810 8
1810 432
1810 1308
1810 1825
1810 625
1810 156
1810 1536
1810 94
1810 639
1810 987
1810 1032
1810 1555
1810 1472
1810 150
1810 1036
1810 753
1810 250
1810 74
1810 256
1810 1083
1810 726
1810 481
1810 926
1810 1734
1810 885
1810 1137
1810 1891
1810 493
1810 1065
1810 1182
1810 924
1810 987
1810 269
1810 593
1810 822
1810 45
1810 556
1810 1912
1810 1905
1810 48
1810 1035
1810 1086
1810 1342
1810 452
1810 89
1810 1228
1810 1665
1810 1114
1810 1371
1810 114
1810 1704
1810 1933
1810 594
1810 36
1810 1124
1810 555
1810 1435
1810 866
1810 122
1810 1096
1810 975
1810 1181
1810 1692
1810 947
1810 1001
1810 720
1810 1779
1810 1885
1810 861
1810 1849
1810 427
1810 496
1810 749
1810 510
1810 303
1810 1080
1810 373
1810 1081
1810 1081
1810 837
1810 1425
1810 1527
1810 1457
1810 945
1810 1174
1810 140
1810 103
1810 1480
1810 154
1810 1012
1810 524
1810 443
1810 654
1810 975
1810 387
1810 1030
1810 1083
1810 821
1810 103
1810 1675
1810 1747
1810 1042
1810 706
1810 1538
1810 48
1810 1951
1810 364
1810 481
1810 589
1810 1896
1810 21
1810 296
1810 1521
1810 423
1810 181
1810 1663
1810 1634
1810 1137
1810 1028
1810 141
1810 973
1810 1427
1810 870
1810 392
1810 1305
1810 882
1810 233
1810 1920
1810 1241
1810 856
1810 1807
1810 1233
1810 562
1810 331
1810 768
1810 1235
1810 191
1810 606
1810 446
1810 497
1810 699
1810 395
1810 976
1810 1213
1810 905
1810 1831
1810 1181
1810 721
1810 892
1810 1303
1810 1293
1810 74
1810 790
1810 1689
1810 162
1810 1976
1810 1469
1810 1163
1810 1180
1810 239
1810 436
1810 664
1810 1305
1810 823
1810 225
1810 1413
1810 754
1810 298
1810 1469
1810 787
1810 1963
1810 1804
1810 129
1810 876
1810 1193
1810 1600
1810 1322
1810 278
1810 1364
1810 1784
1810 488
1810 10
1810 1996
1810 1155
1810 1569
1810 242
1810 411
1810 1795
1810 1525
1810 743
1810 1258
1810 1207
1810 859
1810 1066
1810 1191
1810 714
1810 1634
1810 336
1810 222
1810 478
1810 1914
1810 967
1810 945
1810 793
1810 615
1810 45
1810 1715
1810 1130
1810 521
1810 1218
1810 911
1810 1997
1810 968
1810 1716
1810 1491
1810 1595
1810 1542
1810 1067
1810 1977
1810 1400
1810 1144
1810 1869
1810 325
1810 1262
1810 1140
1810 1396
1810 242
1810 1191
1810 454
1810 707
1810 1885
1810 194
1810 650
1810 1714
1810 1816
1810 1506
1810 1877
1810 178
1810 1364
1810 345
1810 1657
1810 861
1810 1815
1810 130
1810 441
1810 1375
1810 754
1810 357
1810 545
1810 80
1810 1349
1810 612
1810 1554
1810 1342
1810 1624
1810 222
1810 349
1810 1293
1810 1221
1810 1137
1810 456
1810 954
1810 442
1810 98
1810 960
1810 129
1810 535
1810 1675
1810 1745
1810 1474
1810 1748
1810 1878
1810 639
1810 1398
1810 1891
1810 1327
1810 671
1810 1952
1810 1546
1810 883
1810 768
1810 1894
1810 789
1810 892
1810 1019
1810 506
1810 1107
1810 94
1810 1738
1810 1125
1810 1488
1810 1865
1810 719
1810 1764
1810 1740
1810 182
1810 161
1810 178
1810 1512
1810 589
1810 203
1810 1668
1810 1082
1810 420
1810 345
1810 544
1810 440
1810 840
1810 1349
1810 1375
1810 840
1810 262
1810 743
1810 1962
1810 1495
1810 1081
1810 1571
1810 1857
1810 1143
1810 1364
1810 1056
1810 1155
1810 1368
1810 1952
1810 1765
1810 1643
1810 625
1810 1000
1810 452
1810 568
1810 1376
1810 1940
1810 439
1810 313
1810 1150
1810 644
1810 558
1810 1977
1810 1891
1810 1357
1810 853
1810 1714
1810 178
1810 665
1810 1104
1810 1475
1810 1833
1810 945
1810 837
1810 506
1810 1009
1810 1527
1810 1962
1810 1203
1810 1730
1810 862
1810 726
1810 1445
1810 1440
1810 853
1810 1280
1810 1356
1810 1323
1810 1228
1810 283
1810 455
1810 655
1810 117
1810 589
1810 1094
1810 1581
1810 1166
1810 29
1810 1546
1810 475
1810 1894
1810 644
1810 1479
1810 1399
1810 658
1810 1942
1810 1887
1810 1238
1810 776
1810 1234
1810 1095
1810 1869
1810 1426
1810 1652
1810 1905
1810 1812
1810 685
1810 1068
1810 865
1810 900
1810 1814
1810 256
1810 1398
1810 439
1810 720
1810 645
1810 236
1810 735
1810 1765
1810 1235
1810 1161
1810 927
1810 1675
1810 695
1810 1639
1810 572
1810 1208
1810 911
1810 319
1810 1100
1810 1374
1810 944
1810 1019
1810 1361
1810 774
1810 61
1810 1894
1810 865
1810 203
1810 496
1810 1894
1810 1047
1810 934
1810 1447
1810 1849
1810 268
1810 284
1810 415
1810 89
1810 1690
1810 1441
1810 1040
1810 385
1810 121
1810 832
1810 282
1810 752
1810 321
1810 851
1810 1403
1810 1992
1810 1681
1810 1536
1810 837
1810 1936
1810 576
1810 1989
1810 737
1810 1526
1810 1586
1810 991
1810 1450
1810 616
1810 1569
1810 1958
1810 379
1810 662
1810 1009
1810 1935
1810 1942
1810 950
1810 251
1810 1695
1810 1283
1810 1344
1810 1245
1810 1353
1810 443
1810 522
1810 1114
1810 1251
1810 1637
1810 1423
1810 334
1810 644
1810 1947
1810 1675
1810 1864
1810 634
1810 1407
1810 1140
1810 137
1810 1634
1810 807
1810 885
1810 693
1810 508
1810 747
1810 623
1810 915
1810 1261
1810 1702
1810 773
1810 1139
1810 1942
1810 752
1810 1837
1810 1348
1810 193
1810 939
1810 1475
1810 931
1810 954
1810 1609
1810 1065
1810 1886
1810 839
1810 1151
1810 1915
1810 15
1810 675
1810 1790
1810 200
1810 753
1810 1305
1810 1782
1810 391
1810 599
1810 803
1810 1903
1810 1952
1810 1443
1810 1935
1810 1953
1810 1651
1810 570
1810 1381
1810 1663
1810 357
1810 724
1810 809
1810 1585
1810 1585
1810 1351
1810 542
1810 517
1810 1139
1810 1425
1810 1346
1810 1245
1810 878
1810 1774
1810 1996
1810 243
1810 1130
1810 432
1810 1740
1810 1224
1810 294
1810 385
1810 815
1810 1474
1810 1182
1810 760
1810 268
1810 285
1810 1714
1810 928
1810 192
1810 1305
1810 446
1810 1543
1810 693
1810 1481
1810 338
1810 1742
1810 583
1810 309
1810 207
1810 666
1810 608
1810 606
1810 517
1810 1214
1810 1609
1810 1452
1810 1138
1810 1878
1810 1236
1810 766
1810 1542
1810 842
1810 763
1810 368
1810 1864
1810 275
1810 1714
1810 1621
1810 1788
1810 813
1810 1379
1810 1894
1810 1649
1810 1435
1810 1765
1810 1521
1810 973
1810 1707
1810 1353
1810 1951
1810 1207
1810 435
1810 1883
1810 1318
1810 1413
1810 1517
1810 1488
1810 334
1810 736
1810 1204
1810 1037
1810 1413
1810 1843
1810 1006
1810 1537
1810 520
1810 892
1810 1191
1810 1382
1810 917
1810 1834
1810 1991
1810 1364
1810 1811
1810 1472
1810 1592
1810 262
1810 502
1810 1216
1810 253
1810 1403
1810 639
1810 752
1810 1678
1810 1886
1810 821
1810 1804
1810 908
1810 1790
1810 1346
1810 1235
1810 1397
1810 1990
1810 840
1810 1610
1810 431
1810 136
1810 1808
1810 240
1810 855
1810 510
1810 1150
1810 1356
1810 1670
1810 293
1810 1670
1810 1488
1810 1716
1810 614
1810 1788
1810 545
1810 268
1810 29
1810 53
1810 1440
1810 1399
1810 590
1810 1306
1810 695
1810 1413
1810 1709
1810 283
1810 831
1810 1804
1810 1303
1810 1083
1810 1887
1810 299
1810 1387
1810 1912
1810 1655
1810 974
1810 613
1810 861
1810 173
1810 875
1810 616
1810 505
1810 121
1810 1359
1810 489
1810 1191
1810 1947
1810 958
1810 1464
1810 1032
1810 166
1810 664
1810 1731
1810 436
1810 1527
