2000 2000
790 1305
790 1607
1607 738
738 136
136 338
338 1963
1963 733
733 1368
1368 1267
1267 762
762 1802
1802 1100
1100 1488
1488 1028
1028 368
368 911
911 1100
1100 762
762 1377
1377 907
907 1290
1377 733
733 790
790 247
247 1383
1383 102
102 1859
1859 626
626 1231
1231 1597
1597 1164
1164 178
178 1874
1874 1597
1597 1495
1495 1377
1377 1802
1802 845
845 1390
1390 1377
1377 152
152 1711
1711 247
247 1695
1695 911
911 368
368 1028
1028 1963
1963 762
762 733
733 1732
1732 1055
1055 247
247 845
845 1164
845 1164
1164 1377
1377 276
276 1732
1732 1597
1597 626
626 886
886 1832
1832 338
338 276
276 1100
1100 1984
1984 1779
1779 152
152 1412
1412 626
626 1802
1802 1963
1963 1755
1963 1383
1383 1495
1495 1424
1424 338
338 620
620 1779
1779 1305
1305 1963
1963 1424
1424 1412
1412 1984
1984 1495
1495 152
152 1003
1003 1832
1832 1558
1558 1495
1495 161
161 1802
1802 1368
1368 790
790 1588
790 161
161 1488
1488 1558
1558 1944
1944 1495
1495 620
620 886
886 626
886 1491
1491 626
626 1874
1874 762
762 1331
1331 1755
1755 456
456 1346
1346 1695
1695 1003
1003 1331
1331 1164
1164 247
247 886
886 1055
247 738
738 762
762 1630
1630 1755
1755 1859
1859 911
911 626
626 1732
1732 456
456 811
811 1963
1963 1267
1267 1511
1511 1963
1963 907
907 276
276 1041
1041 1267
1267 1859
1859 1779
1779 1488
1488 637
637 626
626 1597
1597 911
911 1607
1607 161
161 1488
161 1290
1290 1381
1381 1305
1305 907
907 1267
1267 1511
1511 1711
1711 811
811 1290
1290 1944
1944 136
136 1383
1383 161
161 152
152 911
911 904
904 338
338 1164
911 1424
1424 1100
1100 1755
1755 1346
1346 1630
1630 1495
1495 733
733 1984
733 338
338 1802
1802 1630
1630 1963
1963 1331
1331 790
790 1597
1597 1984
1984 1028
1028 1588
1588 1732
1732 907
907 1832
1832 178
178 1695
1695 1732
1732 1588
1588 1963
1963 1055
1055 1383
1383 102
102 1424
1424 338
338 738
738 1305
1305 1597
1597 1963
1963 1984
1984 738
738 1383
1383 1491
338 1003
1003 686
686 762
762 1383
762 637
637 1607
1607 1331
1331 1346
1346 1041
1041 1424
1424 1488
1488 1558
1558 1495
1495 1164
1164 1558
1558 1164
1164 1231
1231 620
1164 247
247 1488
1488 762
762 686
686 178
178 1491
1491 1383
1383 907
907 1558
1558 637
637 1346
1346 811
811 1305
1305 1780
1780 1041
1041 733
733 102
102 1421
1421 136
136 1305
1305 686
1421 1963
1963 1944
1944 152
152 1331
1331 1802
102 1424
1424 1041
1041 1003
1780 886
886 1412
1412 1630
1630 1832
1832 1588
1588 904
904 276
276 1755
1755 886
886 456
456 1495
1495 1488
1488 1424
1424 1331
1331 1780
1780 1055
1055 1231
1231 1495
1495 1963
1963 1267
1267 886
886 1859
1859 1383
1383 626
626 637
1383 338
338 152
152 1305
1305 1832
1832 1267
1267 1100
1100 738
738 136
136 911
136 626
626 338
338 1588
1588 1028
1028 620
620 1346
1346 637
637 1488
1488 1028
1028 886
886 1381
1381 762
762 456
456 637
637 1491
1491 276
276 1944
1944 1055
1944 1424
1424 1421
1421 136
136 152
152 1424
1424 904
904 1305
1305 1607
1607 1588
1588 1346
1346 1383
1383 1003
1003 1630
1630 904
904 1424
1424 1630
1630 456
456 1100
1100 1607
1607 1511
1511 1421
1421 1607
1607 686
686 1412
1412 1491
1491 102
102 1984
1984 626
626 1003
1003 1695
1695 1511
1511 1859
1859 1368
1368 1421
1421 1832
1832 1424
1424 1874
1874 738
738 1383
1383 1495
1495 620
620 626
626 1511
1511 762
762 1305
1305 738
762 152
152 1346
1346 1041
1041 1755
1755 1832
1832 276
276 102
102 1231
1231 1055
1231 1055
1055 904
904 886
886 1424
1424 738
738 276
276 738
738 1695
1695 1630
1630 1381
1381 1755
1755 886
886 1231
1231 1041
1041 1495
1231 1802
1802 1597
1597 1331
1331 1695
1695 1164
1164 738
738 1588
1588 762
762 1331
1331 911
911 1305
1305 904
904 1695
1695 1588
1588 886
886 1331
1331 456
456 620
1331 338
338 1588
1588 1711
1711 1028
1028 1874
1874 1055
1055 102
102 1028
1028 1003
1003 1491
1491 1055
1055 1511
1511 811
811 338
338 1495
1495 811
811 1267
1267 1381
1381 1331
1331 136
136 1859
1859 1558
1558 811
811 161
161 1381
1381 1511
1511 456
456 1041
1041 1488
1488 338
338 1963
1963 1381
1381 1944
1944 1041
1041 1305
1305 1511
1511 1267
1267 1802
1802 626
626 1859
1859 1597
1597 886
886 1055
1055 811
811 1859
1859 1488
811 1164
1164 811
811 1558
1558 152
152 1695
1695 1305
1305 1588
1588 1859
1859 1711
1711 1267
1267 1331
1331 1003
1003 1558
1558 456
456 1832
1832 886
886 1381
1381 1755
1755 904
904 1755
1755 1412
1412 1874
1874 904
904 1588
1588 1944
1944 102
102 1874
1874 904
904 276
276 1421
904 1802
1802 1711
1711 1755
1755 1597
1597 152
1755 1859
1859 886
886 911
911 904
904 1488
1488 1588
1588 1711
1711 1305
1305 136
136 1421
1421 102
102 886
886 626
626 1491
1491 1424
1424 276
276 136
136 456
456 1511
1511 886
1511 1944
1944 1305
1305 1711
1711 1859
1859 1412
1412 1802
1802 1832
1832 626
626 161
161 811
811 1041
1041 911
911 1711
1711 620
620 1003
1003 152
152 1305
1305 1381
1305 276
276 1597
1597 1511
1511 1755
1755 1305
1305 1231
1231 1802
1802 1412
1412 1488
1488 1695
1488 1331
1331 1231
1412 1874
1874 338
338 1491
338 1755
1755 1495
1495 911
911 1695
1695 102
102 1491
1491 733
733 1874
1874 338
338 102
102 1331
1331 1695
1695 886
886 1331
1331 1305
1305 1944
1944 136
136 1711
1711 1511
1511 1231
1231 1597
1597 338
338 456
456 276
456 1711
1711 1695
1695 1711
1711 1832
1832 1711
1711 1695
1695 1511
1511 1874
1874 276
276 904
904 1495
1495 1041
1041 1231
1231 1711
1711 1003
1003 1041
1041 1331
1331 1832
1832 811
811 276
276 152
152 1381
1381 1412
1412 1041
1041 1495
1495 1695
1695 276
276 136
276 1802
1802 338
1802 1164
1164 911
911 1305
1305 1003
1003 456
456 1597
1597 886
886 1488
1488 1003
1003 911
911 1491
1491 1305
1305 1381
1381 1832
1832 456
456 1802
1802 1944
1944 1488
1488 1695
1695 338
338 152
152 733
733 1695
1695 1003
1003 1412
1412 733
733 152
152 1488
1488 1381
1381 1164
1164 152
152 1874
1874 1381
1381 1711
1711 1491
1491 152
152 1491
1491 1412
1412 886
886 276
276 136
136 1003
1003 338
338 1944
1944 1802
1802 1003
1003 904
904 1003
1003 811
811 102
102 1381
1381 338
1381 1511
1511 1003
1003 1381
904 1711
1711 1802
1711 1381
1381 1003
1003 1832
1832 1491
1491 1944
1944 152
152 1597
1597 1944
1597 911
911 733
733 1412
1412 102
102 136
136 1488
1488 911
911 1003
1003 1597
102 1597
1695 1832
1495 338
338 886
886 1164
1231 620
620 152
152 1874
1874 1488
1488 1802
1802 1412
1412 1802
1802 1695
1695 276
276 1944
1944 620
620 102
102 1802
1802 1944
1944 1164
1164 1874
1874 1802
1802 1491
102 1488
1488 102
102 152
152 1711
1711 1491
1491 1331
1331 1003
1003 1944
1944 811
811 1695
1695 1041
1041 904
904 1944
1944 136
136 1874
1874 911
911 1711
1711 1331
1331 1832
1832 276
276 1003
1003 1491
1491 1412
1412 338
338 1164
1164 1695
1695 456
456 1832
1832 1231
1231 1305
1305 1802
1802 911
911 1597
1597 276
276 886
886 1832
1832 733
733 1597
1597 911
911 1832
1832 811
811 1711
1711 1305
1305 1381
1381 1491
1491 338
1597 1495
1495 338
1495 733
733 1597
1597 1944
1944 1874
1874 1041
1874 276
276 811
811 620
620 456
456 102
102 1711
1711 1231
456 1711
1711 886
886 1488
1488 620
620 456
456 1305
1305 456
456 886
886 1597
1597 1488
1488 1331
1331 1231
1231 1381
1231 1041
1041 1874
1874 276
276 886
886 1488
886 102
102 1491
1491 620
620 1802
620 886
886 1381
1381 1331
1331 338
338 1711
1711 1305
1305 620
620 152
152 1305
1305 886
1305 911
911 1331
1331 1491
1491 1231
1231 1711
1711 1381
1381 911
911 456
456 1802
1802 1381
1381 152
152 1488
1488 1491
1491 338
338 1695
1695 456
456 1711
1711 911
911 1495
1495 152
152 620
620 1597
620 1495
1495 152
1495 1832
1832 456
456 1412
1412 1597
1597 1041
1041 1711
1711 152
152 1944
1944 1597
1597 886
886 1511
1511 1331
1331 1488
1488 1381
1381 911
911 1695
1597 1711
1711 456
456 1802
1802 1488
1488 911
911 1597
1597 1488
1488 1832
1832 1412
1412 1944
1944 152
152 1231
1231 1597
1597 1802
1802 911
911 1412
1412 102
102 911
911 1495
1495 152
152 1511
1511 1488
1488 1511
1511 1597
1597 1412
1511 1597
1597 1495
1495 152
152 1597
1597 1488
1488 456
456 1495
1495 1412
1488 1495
1495 1944
1944 1231
1231 1944
1944 1331
1331 1832
1832 338
338 1495
1495 1488
1488 1597
1597 911
911 1488
1488 911
911 1412
911 102
102 811
811 338
338 1832
1832 102
102 1802
1802 1412
1412 811
811 1944
1944 1488
1488 1695
1695 811
811 102
102 1802
1802 1832
1832 1495
1495 911
911 1695
911 1944
1944 1488
1488 1511
1511 1412
1412 1231
1231 1511
1412 1832
1832 886
886 911
911 1802
1802 1331
1331 1695
1695 456
456 1695
1695 1231
1231 1495
1495 1381
1381 1491
1491 811
1488 1412
1412 1331
1331 1231
1231 1511
1511 1488
1511 1832
1832 1495
1495 1041
1041 1491
1491 1495
1495 1412
1412 811
811 911
1231 811
1944 1041
1041 1944
1944 1495
102 1695
338 1231
1231 1802
1597 102
102 1381
1381 152
152 102
1711 1381
620 1331
1331 152
152 1495
1495 811
811 1412
811 1944
1944 1412
1412 456
456 1231
1231 1491
1491 1331
1331 1802
1802 1491
1491 102
102 1511
102 1597
1597 1711
1711 102
102 1491
1491 456
1491 1695
1711 456
456 1491
1491 1802
1802 1495
1495 886
886 102
102 1412
1412 911
911 1231
1231 456
456 911
911 1041
1041 152
152 1802
1802 911
911 811
811 102
102 1491
1491 1802
1802 1832
1832 1695
1695 1944
1944 1597
1597 1381
1381 1488
1488 1802
1802 1597
1597 911
911 1695
1695 1488
1488 1491
1491 811
811 1597
1597 1412
1412 911
1488 1412
1412 1331
1331 1231
1231 1488
1488 1711
1711 1802
1802 102
102 1488
1488 1495
1495 1711
1711 1231
1231 1511
1511 886
886 911
911 1412
1412 1231
1231 1832
1832 620
620 1041
1041 886
886 1041
1041 886
886 1381
1381 1695
1695 911
911 1597
1597 1412
1597 1491
1491 1711
1711 1488
1488 1802
1802 1231
1802 1511
1511 456
456 1711
1711 886
886 1511
1511 1491
1488 1832
911 1511
1695 1231
1495 1331
1331 811
811 911
911 1495
1495 1041
1041 1331
1331 1491
1491 1381
1381 1491
1491 102
102 1695
1695 1381
1381 1488
1381 1695
1695 886
886 1231
1231 1488
1488 1832
1832 102
911 1711
1711 456
456 911
911 620
620 1695
1695 456
456 1511
1695 886
886 338
338 1802
1802 620
620 1495
1495 1331
1331 1802
1802 1488
1488 1412
1412 456
456 1231
1231 1711
1711 1488
1488 1832
1832 456
456 1491
1491 1488
1488 1597
1597 1511
1511 456
456 1597
1597 338
338 102
102 1488
1488 1381
1381 1711
1711 338
338 1041
1041 620
620 1511
1511 1041
1041 338
102 1231
1231 1491
1491 620
620 102
102 886
886 1488
1488 1381
1381 1041
1041 1231
1231 102
102 1832
1832 1041
1041 1488
1488 1597
1597 1695
1695 620
620 1832
1832 456
456 1488
1488 338
338 1695
1695 1331
1331 1488
1488 1331
1331 1511
1511 456
456 1491
1491 1488
1488 1711
1711 1511
1511 811
811 1331
1331 811
811 1711
1711 1381
1381 1695
1695 456
456 1695
1695 811
811 1597
1597 1802
1802 1711
1711 102
102 811
811 1231
1231 1381
1381 811
811 1711
1711 1802
1231 1041
1041 1695
1695 1381
1695 1832
1832 1412
1412 1511
1511 456
456 1331
1412 1331
1331 1597
1597 811
811 1511
1511 456
456 1802
1802 1711
1711 1802
1802 456
456 1488
1488 620
620 1488
1488 1491
1491 1511
1511 1331
1331 1412
1412 1711
1711 1802
1802 1412
1412 1511
1511 1597
1597 1331
1331 1231
1231 1832
1832 1331
1331 1488
1488 1711
1711 1695
1695 1802
1802 1331
1331 1711
1711 1381
1711 1695
1695 1711
1711 1597
1597 1832
1832 1511
1802 1711
1711 1381
1381 1488
1488 1511
1381 1597
1597 1231
1231 1491
1491 1711
1711 1511
1511 1802
1802 1041
1041 1491
1491 1511
1511 1381
1381 1488
1488 1331
1331 1488
620 1711
1711 620
620 1231
1231 1412
1412 1041
1041 1802
1802 1832
1832 1491
1491 1041
1041 1511
1511 1832
1832 1381
1381 1231
1231 1802
1802 1331
1331 620
620 1331
1331 1412
1412 1041
1412 1491
1491 620
620 1412
1412 1231
1231 1802
1802 620
620 1491
1491 1041
1041 1802
1802 1231
1231 1491
1491 1041
1491 1597
1597 1511
1511 1488
1488 1597
1597 1412
1412 1832
1832 1231
1231 620
620 1511
1511 1491
1491 1231
1231 1491
1491 1331
1331 1695
1695 1597
1597 1041
1041 1511
1511 1488
1597 1695
1491 1041
1041 1597
1597 620
620 1832
1832 1695
1695 1412
1695 1802
1802 1412
1412 1511
1511 1331
1331 1802
1802 1597
1597 1695
1695 1488
1488 1231
1231 1832
1832 1597
1597 1832
1832 1231
1231 1412
1412 1331
1331 1511
1511 1802
1802 1491
1491 1511
1511 1832
1832 1597
1597 1511
1511 1231
1231 1695
1695 1802
1802 1695
1695 1041
1041 1511
1511 1695
1511 1231
1231 1695
1695 1802
1802 1491
1491 1041
1041 620
620 1802
1802 1412
1412 1231
1231 1597
1597 1511
1511 1491
1511 1802
1802 1412
1412 620
620 1511
1511 1491
1491 1802
1802 1491
1491 1041
1041 1491
1491 620
620 1695
1695 1231
1231 1695
1695 1041
1041 1231
1231 1412
1412 1802
1802 1412
1412 1041
1041 1491
1491 1412
1412 1231
1412 1491
1491 620
620 1802
1802 1511
1511 1041
1041 1802
1802 1412
1412 1597
1597 1041
1041 1231
1231 1412
1412 620
620 1597
1597 1802
1802 1491
1491 1832
1832 1491
1491 1597
1491 1597
1597 1832
1832 1231
1231 1802
1802 1041
1041 1597
1597 1231
1231 1832
1832 1041
1041 1832
1832 1231
1802 1597
1597 1041
1041 1832
1832 1597
1597 1041
1041 620
620 1041
1041 1231
1231 1802
1802 1597
1597 1231
1231 1597
1597 620
620 1832
1832 620
620 1832
1597 1802
1802 1832
1231 1802
1802 1832
1832 1231
1231 1832
1832 620
1832 1802
1802 1597
1597 620
620 1832
1832 1597
1597 1832
1832 1802
1802 1597
1597 1231
1231 1597
1597 1231
1231 1802
1832 1231
1231 1832
1832 1802
1802 1597
1597 1802
1802 1597
1802 1597
1597 1802
1802 1597
1597 1802
1802 1597
1597 1802
1802 1597
1832 1802
1231 1832
620 1231
1231 620
1041 1231
1491 1041
1412 1491
1511 1041
1041 1511
1511 1491
1491 1412
1412 1491
1695 1491
1331 1695
1488 1491
1381 1041
1711 1331
1331 1695
456 1041
1041 1711
811 1491
102 456
456 1381
1381 1695
1381 102
102 811
811 1711
338 1041
886 1491
1491 456
456 1491
1491 1412
1412 886
886 102
102 1695
1695 1488
1488 338
338 886
886 811
811 456
456 1491
1491 1412
1412 1511
1511 1041
1041 1381
1381 1331
1331 1041
1041 811
811 1511
1331 456
456 1412
1412 811
811 456
456 1041
1041 338
338 1381
1381 338
338 1412
1412 338
338 102
102 1412
1412 1041
1041 1412
1412 456
456 338
338 1511
1511 456
456 338
338 811
811 456
456 1711
1711 1491
1491 338
338 456
456 1711
811 1711
1711 1511
1511 811
811 1412
1412 1381
1381 1711
1711 1331
1711 102
102 1381
1381 1412
1412 456
456 1511
1511 1491
1491 1041
1041 1511
1511 1041
1041 1491
1491 1381
1381 1511
1381 811
811 1511
1511 1711
1511 1331
1331 1711
1711 1491
1491 338
338 1041
1041 338
338 1711
1711 1511
1511 811
811 1711
1711 456
456 1381
1381 1331
1331 1511
1511 1381
1331 456
456 1331
1331 1381
1381 1412
1412 811
1381 811
811 1412
1412 811
811 1381
1381 456
456 1711
1711 1331
1711 1412
1412 102
102 1711
1711 1381
1381 1331
1331 456
456 811
811 1511
1511 102
102 1491
102 1491
1491 1381
1381 1331
1331 1041
1041 456
456 1381
1381 1331
1331 811
811 1412
1412 1711
1711 1381
1381 1511
1511 1331
1331 1381
1381 1711
1711 456
456 811
811 1412
1412 1381
1381 456
456 1412
1412 1381
1381 1331
1331 1511
1511 1381
1381 1412
1381 1041
1041 456
456 1711
1711 1381
1381 1412
1412 1041
1041 1381
1381 1412
1412 456
456 1412
1412 1711
1711 1041
1041 1381
1381 1412
1412 1381
1381 1041
1041 1711
1711 1041
1041 1381
1381 1412
456 1711
1711 1412
1412 1041
1041 1381
1381 1711
1711 456
1041 456
456 1381
1381 1412
1412 1381
1381 456
456 1412
1412 1041
1041 456
456 1412
1412 1711
1711 1412
1412 1711
1711 1412
1412 1711
1711 1412
1412 456
456 1412
1412 1711
1711 456
456 1711
1711 456
456 1711
1412 456
1041 1412
1412 1041
1041 456
456 1041
1412 456
456 1412
1381 456
1511 456
1331 456
811 1331
1491 456
456 1511
1511 1381
1381 1491
456 811
102 1511
1511 1491
1491 102
102 811
1491 102
102 1331
1331 811
811 1511
1511 456
456 1381
1381 1331
1331 1511
1511 102
102 811
811 1381
1381 102
102 811
811 1511
1511 102
102 811
811 1331
1331 1511
1511 102
102 811
811 1511
1511 811
811 1511
1511 102
102 811
1511 102
102 1511
1511 102
1331 1511
1511 811
811 102
102 811
811 102
102 811
811 102
102 1511
811 102
1331 811
1381 1331
456 1381
1381 456
456 1381
1381 456
456 1381
1381 456
1491 1381
338 1491
1491 338
338 1491
1491 338
338 1491
1491 338
338 1491
1491 338
338 1491
1491 338
338 1491
1491 338
338 1491
886 338
1488 886
886 1488
1695 886
1495 1695
911 1495
1944 911
152 1944
1944 152
1305 1944
1944 1305
276 1944
1944 276
1874 1944
733 1944
1944 1874
1874 1944
1944 1874
1874 733
733 1944
1944 733
733 1874
1874 1944
1944 1874
1874 733
733 1874
1874 733
733 1874
733 1874
1874 733
733 1874
1944 733
733 1944
1944 733
1944 733
733 1944
1944 733
733 1944
1164 733
1003 1164
1164 1003
1003 1164
1164 1003
1003 1164
136 1003
1003 136
136 1003
904 1003
1755 904
904 1003
1003 1755
1755 904
904 1755
1755 136
136 904
1755 904
1003 904
161 1755
626 136
136 626
626 136
136 904
904 136
136 161
161 904
904 1755
1755 136
136 1755
1755 136
1755 136
136 1003
1859 626
626 1755
1755 626
626 904
904 626
626 1003
1003 626
626 1755
1755 626
626 904
904 161
161 904
904 626
626 136
136 626
626 1859
1859 161
161 1003
1003 136
136 1003
1003 626
626 1859
1859 1003
1003 161
161 136
136 1003
1003 136
136 161
161 1003
1003 1859
1859 136
1859 1003
1003 161
161 136
136 626
626 1003
1003 1859
1859 161
161 1859
1859 136
136 1003
1003 161
161 1859
1859 136
136 161
161 626
1003 136
136 1859
1859 626
626 1003
1003 136
136 161
161 1003
1003 1859
1859 1003
1003 1859
1859 136
136 626
626 1003
1003 626
626 1859
1859 136
136 1859
1859 136
136 1003
1003 626
626 1003
1003 136
136 1003
1003 626
1003 1859
1859 626
626 1859
1859 626
626 1003
1003 136
136 626
626 136
136 161
161 1003
1003 626
626 136
136 626
626 1003
1003 1859
1859 626
626 1859
626 1859
1859 136
136 626
626 1003
1003 136
136 161
161 1003
1003 161
161 626
626 1003
1003 626
626 161
161 626
626 1003
1003 136
136 626
626 161
161 136
136 1003
1003 626
626 136
136 626
1003 626
626 136
136 1003
1003 136
136 626
626 136
136 626
626 136
136 626
626 161
161 1003
1003 626
626 1003
1003 626
626 161
161 136
136 626
626 161
161 626
626 161
161 136
136 161
161 136
161 1003
1003 136
136 161
161 136
136 161
161 136
136 161
161 136
136 161
161 136
136 161
161 136
136 161
136 161
1003 136
626 1003
1003 626
1859 626
626 1003
1859 626
626 1859
1859 626
626 1859
1859 626
626 1859
904 626
626 904
904 626
626 904
904 1859
1859 626
626 904
904 626
626 1859
1859 904
904 626
626 1859
1859 904
626 1859
1755 626
626 1755
1755 626
626 1755
1755 626
1424 1755
1755 1424
1424 1755
1421 1755
1588 1424
1424 1421
1421 1424
1424 1755
1755 1421
1421 1424
1424 1755
1755 1421
1421 1755
1755 1421
1421 1588
1588 1421
1421 1755
1755 1588
1588 1755
1755 1424
1755 1421
1421 1424
1424 1421
1421 1755
1755 1424
1424 1755
1755 1424
1755 1424
1424 1755
1421 1424
1424 1421
1588 1424
1558 1588
1588 1558
1267 1588
1588 1267
1055 1588
1963 1055
1028 1963
762 1028
762 1028
1028 762
738 1028
1630 738
738 1630
1630 738
738 1630
1630 738
738 1630
1346 738
1383 1346
1346 1383
1368 1346
1346 1368
1984 1346
686 1984
1607 686
1100 1607
637 1100
1780 637
637 1780
1780 637
637 1100
1780 637
907 1780
178 907
247 178
178 247
1732 178
790 1732
1732 790
1290 1732
1779 1732
1732 1290
1290 1779
1779 1290
1732 1779
1377 1732
1732 1377
1377 1732
1732 1377
1732 1377
1377 1732
1732 1377
845 1732
368 845
1390 368
