2000 2000
1021 1003
1021 1841
1841 1143
1021 1143
1143 1841
1021 704
704 1841
1021 1333
1021 1003
1021 704
704 1841
1021 1143
1143 1841
1143 704
1143 1333
1333 704
704 1841
1333 1003
1143 1333
1143 704
1021 599
1021 1841
1021 599
1021 1841
1841 704
1841 1003
1841 599
599 1333
599 1333
599 1333
1021 1003
1003 1143
1021 1003
1003 1333
1021 1333
1333 599
1333 1003
1003 1143
1143 820
1333 820
1333 1003
1333 1003
1333 1841
1841 599
599 1003
1333 1143
1333 1841
1333 1003
1333 1003
1333 820
1333 820
1333 599
1333 1003
1003 820
1333 820
1333 1003
1003 599
1333 1143
1021 1143
1143 1003
1021 1841
1021 1841
1841 704
1021 599
599 1003
1021 1003
1003 1143
1003 599
1003 1333
1333 820
1003 599
1003 704
704 1333
1333 599
1003 704
1003 1333
1333 704
1003 820
1003 704
704 599
1003 599
1003 704
1003 1333
1003 704
1003 1143
1003 599
1021 1003
1021 599
1021 599
1021 1143
1021 820
820 599
820 704
1021 1003
1003 599
599 1841
1021 1003
1021 820
820 704
1021 1841
1021 1143
1143 820
820 1841
1143 599
1143 1003
1143 1841
1143 1003
1143 704
1021 1841
1021 820
1021 1841
1841 820
1841 704
1841 1333
1841 1143
1021 1333
1021 820
1021 1841
1841 1143
1021 599
1021 820
1021 704
1021 704
704 1003
704 1143
1143 820
1143 1333
704 1841
1841 599
1021 1841
1021 704
1021 820
1021 1333
1333 1003
1333 820
1333 1841
1021 1143
1143 1841
1841 704
1021 1143
1021 1841
1021 704
704 1143
704 599
704 599
704 1003
1021 1003
1021 820
1021 1333
1021 704
1021 1003
1021 820
1021 1143
1143 1333
1021 1003
1021 1333
1021 704
1021 820
1021 1333
1333 1841
1021 704
1021 820
1021 704
704 1841
704 599
599 1333
704 820
704 599
599 1333
599 1841
599 1333
704 599
704 599
704 1143
704 1003
704 599
599 1143
599 1003
1003 1333
599 1333
704 820
704 1841
704 599
704 1333
704 1333
704 1003
704 820
704 1333
704 1841
704 1333
704 599
704 820
820 1841
704 1143
704 1841
704 599
599 820
704 820
704 1333
704 599
704 1003
1003 820
704 1143
704 820
820 1841
820 1841
820 599
599 1841
599 1143
599 1841
820 1003
820 1841
1841 1333
1333 599
1333 1841
1333 599
599 1003
1333 1143
820 1841
820 1003
820 1143
820 1003
820 1333
820 599
599 1333
599 1841
820 1143
1143 599
820 1143
1143 1003
820 1143
820 1143
820 1841
820 1003
1003 1143
820 1143
820 1143
820 1143
1143 1003
820 1003
704 599
704 599
704 1333
704 1143
704 820
704 820
820 1143
704 1143
704 820
704 599
704 1333
1333 1003
1333 1003
1003 1841
1003 1841
1333 599
704 820
704 1841
704 1841
704 1143
704 1333
704 599
599 1333
599 1333
599 1841
704 1841
1841 1143
1841 820
820 1003
820 1333
1841 704
704 1143
1143 1333
1333 820
1021 704
1021 599
599 704
1021 1003
1021 1003
1021 820
1021 1841
1021 1333
1333 1143
1021 1003
1021 1003
1003 1143
1021 1003
1003 599
1021 1003
1021 1003
1021 1841
1021 1333
1021 820
820 1333
1333 1841
820 1143
1021 820
820 1841
820 1003
1021 820
1021 1143
1143 1841
1143 820
1021 599
1021 820
1021 1143
1021 599
1021 1841
1841 599
599 820
1021 1333
1021 1143
1021 704
1021 820
820 1003
820 1003
1021 599
599 1003
599 1003
1003 1333
1003 820
1003 1841
599 1003
599 1143
599 1841
599 1143
599 1003
599 704
704 1841
704 1841
1841 1003
704 1143
599 1003
599 1841
599 820
820 704
599 820
599 1003
599 1003
1003 820
1003 820
1003 1841
1003 1143
1143 704
1143 1841
1143 1841
1143 820
1143 704
1143 820
1003 1841
1003 820
1003 1143
1003 704
704 1143
1003 820
1003 1841
599 1003
1003 820
599 1003
599 820
599 1841
1841 704
599 1143
1143 820
1143 820
599 1841
599 1333
599 1333
599 1333
1333 1841
599 1333
599 820
599 1841
599 820
599 1003
1003 704
1021 704
1021 820
1021 1841
1841 1143
1143 704
704 820
1021 820
1021 599
1021 1333
1021 599
599 1841
599 1333
1333 1841
1333 1841
599 820
820 1003
599 1841
599 704
704 1841
599 820
820 704
599 1003
599 1333
599 704
599 704
599 1333
599 820
599 1003
1003 704
1003 704
1003 704
1003 1333
599 1333
1333 1143
1143 704
1333 1841
599 1003
1003 1333
1333 1143
1003 1841
599 820
1021 704
1021 1841
1021 704
1021 1841
1841 1003
1841 704
1841 704
704 1143
1841 599
1021 1143
1143 1003
1021 1841
1021 1841
1021 1841
1021 1143
1021 1003
1021 820
820 599
1021 704
1021 1841
1021 1333
1333 1143
1333 820
820 599
1333 820
1333 599
1021 1003
1003 1333
1021 1841
1021 1333
1021 820
1021 1841
1021 820
1021 1003
1021 1143
1021 1841
1841 704
1021 1003
1021 1143
1021 1333
1333 1841
1021 820
1021 1003
1021 1333
1021 1333
1333 1143
1021 599
1021 1003
1021 1333
1021 1003
1003 820
820 1143
1143 1333
1333 704
1003 1841
1841 820
1003 1333
1333 1841
1003 704
1021 1003
1021 1143
1143 1841
1021 704
704 820
704 599
599 1333
704 1333
704 1333
1333 820
704 1333
704 1333
704 1841
704 1333
704 1143
704 1143
704 599
704 1841
704 1333
704 599
704 1143
704 1003
704 1003
704 1841
1841 1333
1841 599
1841 1143
1841 1003
1841 599
1841 1143
704 1003
704 599
599 820
599 1841
1841 1003
704 820
704 599
704 1333
1333 1003
1333 1003
1003 820
820 1841
1841 599
599 1143
1841 599
820 599
1003 1841
1841 599
1003 820
1003 820
1333 599
1333 1003
1333 1003
1333 1841
1333 1841
1333 1841
1841 1003
704 820
704 1841
704 1333
704 599
704 1841
704 1841
704 599
704 1841
1841 599
1841 1333
704 1841
1841 599
1841 1003
1841 599
1841 1333
1333 1003
1333 1003
1333 1003
1003 599
1003 820
1333 599
599 820
1333 820
1333 599
599 1003
1841 1333
1841 1333
1841 599
599 820
820 599
1841 599
1841 1003
1841 1333
1333 599
1841 599
1841 599
1841 1333
1841 599
1841 599
1841 1003
1003 820
1003 599
1003 820
820 599
599 1333
820 599
820 599
1003 599
1003 820
820 599
1003 820
1003 820
820 599
1003 820
1003 599
1003 599
1003 599
1003 820
1841 599
704 1841
1841 599
1841 820
1841 599
1841 820
704 1003
704 599
704 820
704 1003
704 1003
704 820
704 1003
704 820
704 820
820 1003
820 1003
1003 599
1003 599
599 1003
704 1841
1841 599
1841 820
704 599
599 1003
599 820
599 1841
599 820
599 1003
599 1003
599 1003
599 820
599 1841
704 1003
704 820
820 1841
704 820
704 1841
704 1003
704 820
820 1841
820 1841
820 1841
1841 1003
704 820
820 599
704 1003
704 1841
704 1003
704 599
599 1841
704 1841
704 1003
1003 599
599 820
1003 820
1003 1841
1003 599
1003 599
1003 599
704 1003
704 820
704 820
820 1003
1003 1841
1841 1003
820 599
820 1841
704 820
820 1841
704 599
704 599
704 1003
704 599
599 820
704 599
704 599
599 1841
599 820
599 820
599 820
599 1003
599 1003
599 820
599 820
820 1003
820 1003
820 1841
820 1841
820 1841
820 1841
1841 1003
1841 1003
820 1003
820 1841
820 1841
599 1841
599 1003
599 1003
1003 820
1003 1841
599 1841
599 1841
599 820
599 1003
599 1841
1841 1003
599 1841
1841 1003
1003 820
599 1841
1841 1003
1841 1003
1003 820
1841 820
820 1003
1841 820
1841 820
1841 820
1841 820
820 1003
820 1003
820 1003
820 1003
820 1003
820 1003
820 1003
820 1003
820 1003
820 1003
1841 820
1841 1003
1841 820
1841 820
1841 1003
1841 820
1841 1003
1003 820
1841 1003
599 1003
599 820
704 1003
704 1841
704 599
599 1003
704 1003
704 599
599 1003
599 1841
599 1841
1841 820
1841 820
599 1003
599 1841
1841 820
704 820
704 1003
704 1841
704 820
704 1003
1003 820
1003 599
704 820
704 599
599 1003
599 1003
599 1841
1841 820
704 599
599 1003
704 820
1021 704
1021 599
599 1841
1021 1003
1021 820
820 1841
820 704
820 704
820 599
599 704
599 1003
820 599
1021 704
704 599
1021 1841
1841 1003
1841 820
1841 1003
1841 704
1841 820
820 1003
1841 704
704 1003
704 820
820 1003
820 1003
820 599
704 1003
704 599
704 1003
1003 820
1841 599
1841 599
599 820
1841 820
1841 599
1841 599
1841 704
1841 704
1841 704
1841 820
820 704
820 704
704 1003
820 599
599 1003
1003 704
599 704
599 1003
599 704
599 1003
820 704
1841 820
1841 599
599 820
1841 599
1021 820
1021 1841
1841 599
1841 1003
1021 820
820 704
704 599
704 1841
820 1841
1021 1841
1021 820
1021 1003
1021 704
1021 704
704 1003
1021 1841
1021 820
1021 1003
1021 599
599 1841
1021 820
1021 704
704 599
1021 704
1021 820
820 599
1021 599
1021 820
1021 1841
1841 704
1021 599
599 1841
1021 1003
1021 1841
1021 704
1021 1003
1021 1841
1021 704
704 599
1021 1003
1003 599
1021 599
1021 1003
1021 1841
1841 1003
1841 1003
1003 599
1021 820
1021 820
1021 1841
1021 1003
1021 599
1021 820
1021 704
1021 599
1021 1003
1021 599
1021 820
820 1003
1021 599
1021 704
1021 1003
1003 599
599 820
1003 820
1021 1841
1021 1841
1021 704
1021 704
1021 1841
1021 820
820 1003
820 1003
1003 704
1021 820
1021 599
1021 1003
1021 599
1021 820
1021 820
1021 599
1021 1003
1021 820
1021 599
1021 704
704 1841
704 1841
704 1841
704 599
704 599
704 599
704 1841
1841 1003
1021 599
1021 820
820 1003
1021 1841
1841 820
1841 1003
1003 599
599 820
1003 599
1841 704
1841 820
820 704
1841 820
820 704
704 599
704 599
820 1841
1021 1841
1021 1003
1021 820
820 1003
1021 704
704 599
599 1841
704 599
704 1841
704 820
820 1003
820 1003
1003 599
820 599
599 1841
599 1003
820 599
820 1003
820 599
820 1003
1003 599
820 1841
820 1003
1003 1841
1841 1003
820 1841
1841 599
704 599
704 599
704 599
704 1841
704 1003
1003 820
1003 599
599 820
599 1841
599 820
1003 1841
1841 599
1841 599
1003 1841
1841 599
704 820
820 599
599 1841
704 1003
704 599
704 820
820 1003
1021 599
1021 1003
1003 1841
1021 820
820 1841
1841 1003
820 599
599 704
599 1003
820 704
1021 820
1021 820
820 704
820 1841
1021 1003
1003 820
1003 1841
1003 704
1021 1841
1841 820
820 599
1841 704
1021 1841
1021 820
820 599
820 599
1021 704
1021 599
1021 599
1021 704
1021 704
704 1003
1021 599
599 820
599 1003
599 1003
1021 1841
1021 599
1021 704
704 820
704 599
599 704
1021 820
1021 820
820 1003
1021 1841
1021 704
1021 820
820 599
599 1003
820 1003
1021 820
820 704
820 1841
820 1841
1021 820
820 599
1021 599
1021 1841
1021 1003
1003 599
1003 704
704 599
1003 820
1021 704
1021 704
1021 1841
1021 1003
1003 599
1021 1003
1003 1841
1003 1841
1003 704
1003 1841
1003 599
1003 599
1003 599
1003 1841
1003 1841
1003 599
1021 1003
1021 820
1021 820
1021 704
1021 1003
1021 1003
1003 1841
1003 820
1021 1003
1003 820
1021 599
1021 599
1021 820
1021 704
704 1841
704 820
820 1841
704 1003
1021 704
1021 1841
1021 599
599 1003
1021 599
599 1841
1021 820
1021 1841
1021 1841
1021 820
820 1003
820 704
704 1841
820 1841
820 599
1021 599
1021 704
1021 599
599 1841
1021 599
1021 1841
1841 704
1841 704
1841 704
1841 1003
1003 820
1841 704
1021 599
1021 1841
1841 599
1841 820
1021 1003
1003 599
599 1841
1003 820
1021 1841
1021 1003
1021 1841
1841 1003
1003 1841
1021 1841
1021 1841
1021 820
1021 704
1021 1003
1021 1841
1021 704
1021 704
1021 820
820 1841
1021 704
704 1003
1021 704
1021 1003
1021 1003
1021 820
1021 820
1021 704
1021 820
1021 704
1021 599
1021 1841
1841 599
1021 820
820 1003
1003 1841
820 599
820 599
820 1003
1003 1841
1841 704
1841 599
1841 704
704 1841
1003 599
599 1841
1003 704
1003 704
1003 1841
1841 1003
820 1841
820 1003
820 704
1021 599
1021 704
1021 599
599 704
599 1841
599 704
704 820
820 1841
704 1841
704 599
704 820
1021 599
1021 704
1021 599
1021 1003
1003 1841
1841 820
1841 820
1003 820
1003 1841
1003 820
1003 1841
1003 599
599 1841
599 1841
1841 704
599 820
820 1841
820 704
820 704
820 1841
1841 704
820 704
820 704
599 1841
599 820
1003 1841
1003 599
1003 704
1003 820
820 1003
1003 599
820 599
820 599
599 704
820 1003
820 704
704 1841
704 820
704 820
704 599
1021 1003
1021 1003
1003 1841
1003 704
1021 820
1021 1003
1021 820
1021 599
599 1841
1021 599
599 1841
599 704
704 820
1021 1841
1841 820
1841 820
1021 1841
1841 599
599 1003
599 1003
1841 820
820 1003
1841 820
1841 820
1841 704
1841 704
1841 599
1841 820
1841 1003
1841 1003
1021 1841
1841 1003
1003 820
1841 704
1841 820
1841 704
704 820
820 1003
704 1003
1841 599
1841 1003
1841 704
1841 820
820 1003
820 1003
1003 704
820 704
704 599
1841 820
1841 599
1841 1003
1003 704
1841 1003
1003 820
1003 704
1021 599
599 1841
1841 820
1841 704
599 1841
599 1841
1021 820
1021 820
820 1003
1003 1841
1841 599
1003 599
820 1003
820 704
704 820
1021 704
1021 1003
1003 1841
1021 1003
1021 1003
1003 599
1021 1841
1021 704
1021 820
1021 820
1021 704
1021 704
1021 599
1021 820
1021 1841
1021 1841
1021 1003
1003 1841
1003 820
1021 820
820 1003
820 599
820 1003
1021 1003
1021 704
1021 1841
1021 820
1021 1841
1021 1003
1021 820
820 704
820 1003
1003 704
1003 820
1021 1003
1003 599
1003 1841
1003 704
704 820
1021 1003
1003 820
1021 1003
1021 599
1021 704
704 599
599 1003
1021 1003
1003 704
1003 820
820 599
1003 704
1003 1841
1841 704
1003 599
1003 599
1003 704
1003 599
599 704
599 704
599 1841
1841 820
1841 820
1841 704
704 820
1841 704
599 704
599 820
599 820
599 820
820 1841
599 704
599 704
599 704
704 820
704 820
820 1841
820 1841
820 1841
820 1841
820 1841
704 1841
599 704
1003 820
820 704
820 1841
1003 1841
1003 599
599 704
599 1841
599 704
1003 1841
1003 704
1003 1841
1003 1841
1841 599
1841 599
1003 704
1003 1841
1003 820
1003 599
599 820
599 1841
599 704
1003 820
1021 820
1021 820
1021 1841
1841 704
1021 820
1021 599
1021 1003
1021 704
1021 820
820 1841
1021 704
1021 704
1021 820
1021 1003
1021 704
1021 704
704 820
1021 1003
1021 1003
1021 1841
1021 704
1021 820
820 1003
820 599
1021 1003
1003 1841
1021 1841
1841 1003
1841 820
1841 1003
1003 820
1021 704
704 1003
1021 599
599 704
704 1003
1003 704
599 1841
1841 704
599 1003
599 820
599 820
599 1841
599 820
599 820
599 704
599 820
599 704
599 820
599 1841
1841 704
599 820
599 1003
1003 704
599 820
599 704
599 1841
1841 704
599 1841
599 1003
599 820
599 1003
599 1841
1841 1003
1003 1841
599 1841
599 704
599 1003
599 704
704 1003
1003 820
820 1003
704 1003
599 1003
599 1003
599 704
704 820
704 820
599 1841
1021 1841
1841 704
1841 599
1021 704
1021 820
1021 1841
1021 599
1021 1841
1841 1003
1021 820
820 1841
820 1003
820 599
820 1003
820 1841
820 1003
1003 599
820 1841
820 599
820 599
599 1841
820 1841
1841 704
704 1003
1003 599
1003 704
820 1841
1841 599
820 1841
820 704
704 599
820 599
820 1841
1841 599
1841 599
820 599
820 599
1021 599
599 1841
1021 820
1021 704
1021 704
704 1003
1021 704
704 820
1021 1003
1021 1841
1021 1841
1021 704
1021 1003
1021 1003
1021 1841
1841 704
1841 820
1021 599
1021 820
1021 1003
1021 599
1021 599
1021 704
704 1841
1841 599
1021 1003
1021 820
1021 599
599 820
599 704
1021 1841
1841 599
1841 820
1021 820
820 1003
820 704
820 1841
1021 599
1021 599
1021 599
1021 1003
1003 820
1021 599
599 704
599 704
1021 1003
1021 820
820 704
1021 599
599 1003
599 1841
1841 704
599 1841
1021 599
1021 1003
1003 704
1003 599
1003 704
1021 599
599 1003
1021 1003
1021 820
1021 820
1021 1841
1021 1841
1021 1841
1021 704
1021 1003
1021 599
1021 599
599 1841
599 1003
1021 820
1021 704
1021 704
704 1003
1003 599
704 820
704 599
599 1841
1841 1003
1841 1003
1003 820
1003 820
820 1003
1841 820
820 1003
599 1003
1003 820
820 1003
599 820
599 820
704 599
704 599
599 1003
1003 599
704 1841
704 599
704 820
704 599
704 599
704 1841
1841 704
1841 704
1021 599
1021 704
704 820
704 1003
704 820
820 1003
1003 599
820 1003
704 1841
1841 1003
1021 1003
1021 599
599 820
599 704
599 1841
1841 599
1021 599
599 820
599 1841
1841 704
1841 820
599 1841
599 820
599 704
599 820
1021 704
1021 820
1021 820
820 1003
1021 1003
1003 820
1021 599
1021 820
1021 1841
1841 599
1021 599
599 1841
599 1841
599 704
1021 820
1021 599
1021 820
1021 704
1021 704
704 1841
1021 599
1021 599
1021 704
704 1841
704 820
820 599
820 1841
1021 1841
1021 704
704 1841
1841 599
704 599
599 1841
704 599
1021 1841
1021 704
1021 1841
1021 1003
1003 704
704 1841
704 820
704 599
704 1841
1003 1841
1003 704
1003 820
1003 704
1021 1003
1003 599
599 704
599 704
599 704
704 599
1003 820
1003 704
1003 704
1021 820
1021 704
1021 704
1021 1003
1021 820
820 704
1021 820
1021 704
1021 1841
1021 599
1021 820
820 599
599 820
1021 820
1021 1841
1021 704
1021 599
599 1003
1021 1003
1021 599
599 820
599 820
599 820
599 1841
599 820
599 704
599 820
820 1003
599 1841
599 704
704 599
704 599
704 1003
1021 1003
1021 704
1021 1003
1021 704
1021 704
704 599
1021 820
1021 1003
1021 1003
1003 599
1021 1003
1003 704
1021 704
704 820
820 1841
1021 820
1021 1841
1021 599
1021 820
1021 1003
1021 1003
1021 704
704 1003
1003 1841
1841 599
704 1003
1003 820
704 1841
704 820
704 599
704 1841
704 599
704 599
704 820
704 1003
704 1841
1841 820
820 599
704 820
820 599
599 1841
1841 1003
1841 1003
599 1841
1841 599
820 1841
820 599
820 1841
820 599
599 1841
599 1841
820 1841
704 599
704 820
820 1841
820 599
820 599
704 599
599 704
1021 1841
1841 820
1841 599
1841 599
1021 1841
1021 1841
1021 599
1021 1841
1841 704
704 1841
1021 820
1021 820
820 704
820 599
1021 599
1021 1841
1021 820
820 599
1021 820
1021 820
1021 820
820 599
820 599
820 704
1021 1841
1841 599
599 704
1841 599
1021 1841
1021 599
1021 820
820 1841
820 1841
1021 599
1021 820
820 704
1021 1841
1841 704
704 599
1841 704
1841 599
599 704
599 704
1841 704
1841 704
1021 820
1021 704
704 820
704 820
1021 599
1021 1841
1021 1841
1841 704
704 599
1841 599
1841 704
704 599
1021 599
599 1841
599 704
599 1841
1841 704
599 820
820 704
820 704
1021 820
820 1841
820 599
1021 704
1021 1841
1021 704
1021 1841
1841 599
599 820
1021 820
820 704
704 599
704 599
704 599
599 1841
820 599
820 704
820 704
820 704
704 599
820 1841
1841 704
704 599
599 704
1841 704
1841 599
1841 599
599 704
704 599
1841 704
1841 599
1841 599
820 599
820 1841
1841 704
820 599
820 1841
820 1841
820 1841
820 599
820 599
820 704
820 704
704 599
704 1841
1841 599
1841 599
1841 599
704 599
820 599
599 704
704 1841
820 1841
820 1841
1841 704
820 599
820 1841
820 599
820 599
820 599
820 1841
1841 599
1841 599
1841 599
1841 599
820 1841
1841 599
820 599
820 599
820 704
704 599
820 1841
1841 599
599 704
1841 599
820 599
820 1841
820 599
599 704
820 599
820 1841
820 1841
820 599
820 704
820 1841
820 1841
820 599
599 704
820 1841
1841 599
1841 599
1841 704
704 599
1841 704
704 599
1841 599
599 704
704 599
820 704
704 1841
704 599
599 704
820 599
599 1841
820 704
704 1841
820 599
599 1841
820 599
599 704
599 1841
599 704
704 1841
704 599
1021 704
704 820
1021 820
820 599
599 1841
820 599
820 1841
1021 599
599 820
1021 1841
1021 599
599 820
1021 704
1021 704
704 599
704 599
599 1841
1841 820
1841 820
1841 820
820 599
820 599
1841 820
820 1841
820 1841
704 820
820 1841
704 1841
704 1841
1841 820
704 820
820 1841
704 820
704 1841
1841 820
704 1841
704 1841
1841 820
704 1841
1021 1841
1841 704
1841 704
1021 1841
1021 1841
1021 1841
