2000 2000
1584 1944
853 1300
193 1550
5 1709
1366 853
43 300
737 1662
1160 1292
1959 1325
1498 875
1532 949
1132 545
1486 815
445 1550
839 802
345 113
579 655
1108 141
1140 1968
1332 1153
1992 537
1921 1329
1325 1959
292 363
1642 1958
934 1694
512 1063
205 1916
1940 1333
1105 1320
56 292
1910 292
1333 194
1536 756
666 1611
826 1188
1836 627
1016 1300
56 292
1566 1365
656 1348
26 826
1565 516
1061 96
873 1126
1485 52
630 1907
853 1016
374 1228
1520 1684
367 472
1188 826
1496 701
1188 115
1788 1467
1786 510
1139 1812
1187 1874
1609 1325
1485 202
1722 94
866 1808
1531 1733
745 490
1089 1647
1330 864
407 1711
1510 1175
1910 115
800 514
1501 1460
802 1804
237 95
894 1929
1910 894
1548 1239
1627 1479
363 635
1335 1284
270 57
1056 965
49 113
1958 1496
1522 1745
1765 815
1479 1627
1929 56
1388 1226
1703 1230
1291 1643
1926 1398
646 1114
1875 1332
512 1063
1876 561
419 310
1356 567
1680 308
789 551
114 539
49 1108
567 1356
1605 1601
494 1129
447 749
1828 81
384 500
297 833
310 729
1311 1113
578 1125
591 1238
273 1292
1204 540
1110 513
420 1307
1397 914
1365 579
1106 847
1798 1723
347 1893
1358 1858
1583 1318
478 667
1764 347
1830 149
1929 826
745 1892
620 347
503 1687
1536 579
1446 712
1347 1396
748 9
1284 1922
1257 1770
314 1820
1063 1398
673 1633
115 826
1870 589
1864 854
26 115
347 1873
573 1275
642 604
141 345
1335 1284
57 1485
349 103
1535 1100
974 297
439 1496
1910 56
744 1563
1606 1760
1921 1890
1745 756
288 1828
1339 1323
1076 1306
1217 158
1212 891
1454 164
308 1680
1404 1879
1583 1895
839 673
420 251
1180 13
345 113
668 288
1967 548
578 1328
826 56
1897 685
905 230
1708 974
1075 603
1012 569
814 1518
254 448
1801 572
1026 1476
1850 202
1398 1520
1198 543
1356 567
1962 537
1676 1209
73 1204
1172 1844
1379 113
1449 621
298 1006
1257 1237
1187 1982
802 1804
1030 1281
791 169
1063 1398
1887 1315
570 1250
1409 753
1095 1886
701 875
1493 1482
1226 464
95 1633
1479 1627
741 323
1480 1675
1671 1169
1684 1520
1016 853
363 292
378 1700
1687 503
692 239
1800 1758
1763 1734
705 328
1468 714
642 756
1254 1657
826 1910
1713 1199
1723 439
651 1496
1204 540
246 426
965 1135
198 1272
906 1346
1063 1398
271 944
1436 503
1710 1112
1709 709
134 1716
1959 73
435 1884
1958 356
1715 609
1356 567
1611 202
1828 288
800 120
1621 273
894 1910
56 894
1811 1277
435 1132
248 1485
323 1336
726 416
936 357
1583 1826
1398 512
1760 1606
1428 1517
1647 1005
349 1946
1843 16
670 996
402 1242
1231 212
1322 1930
1332 1545
1868 898
52 600
712 205
137 1799
1708 974
403 1241
1325 1500
1687 1436
1185 1364
345 113
1413 1060
1738 1237
193 1550
628 601
774 754
1958 356
1016 853
944 271
1922 206
260 794
1768 1987
270 52
512 1926
292 1188
1422 682
1379 141
1096 1340
5 709
470 739
1486 602
1929 363
1480 1675
193 445
1422 682
1723 1798
800 1980
1370 246
824 1566
944 271
1620 183
481 508
1174 531
1752 1611
1250 1702
1366 1016
1554 494
230 1342
43 246
1788 505
1909 710
786 496
941 1071
308 1680
826 56
512 1063
1786 1982
445 287
1189 557
894 363
1716 1486
915 379
115 1188
1292 1254
397 518
944 271
141 49
115 26
724 875
1089 1579
87 1200
1366 853
812 1603
86 1113
1959 73
1804 95
1300 1366
363 1929
728 176
1256 1884
1412 398
385 1731
1293 1298
271 944
854 1999
1479 1627
530 1648
1507 1620
1662 737
103 1185
1929 26
1057 409
360 1061
685 1798
1259 1360
1812 1565
1016 853
26 56
345 113
588 1698
934 548
937 411
1168 1932
1551 116
1063 512
234 308
1301 1268
1505 844
592 197
1895 1076
1188 363
741 866
1361 1185
113 345
1318 1076
1329 1174
1068 1196
1939 1040
266 1872
784 547
227 586
115 363
1114 1152
824 1729
1064 331
808 576
1289 1486
878 1647
1333 1498
902 1554
1605 1773
1069 985
651 1333
1614 1661
1877 694
657 379
1486 176
1758 158
113 49
1040 1939
1747 560
1479 1627
1379 113
1129 418
56 26
784 1836
1627 1479
512 1520
1108 113
824 1365
1627 1479
824 579
1262 1529
1675 1480
1423 814
547 1239
1790 1920
271 944
469 1811
1064 833
1659 1994
1264 374
1016 853
1051 1134
380 641
1142 1529
308 1680
824 604
1334 1748
1520 1063
1897 356
1927 1208
52 1752
234 308
1152 1772
927 161
468 865
1161 1002
1300 1016
1999 854
271 944
764 1118
1016 853
403 582
1323 1339
589 1904
779 1925
1599 1211
1786 927
1587 105
1081 361
1335 206
347 1873
1879 647
161 927
1436 1687
308 234
115 26
186 354
1811 1277
224 1641
1873 1893
56 363
1710 1272
1641 457
1826 1076
1146 570
439 1642
254 1061
368 1908
1256 1132
1733 1303
1883 86
481 1147
1234 379
1132 1068
147 1702
1379 49
1915 1461
244 726
1300 1366
1442 1223
241 1763
1338 1900
1063 1520
1786 1417
1108 113
284 775
1216 974
116 328
1089 1005
1536 756
1675 1480
651 685
1409 753
43 1417
10 403
415 1134
1627 1479
1763 729
741 1616
1463 125
293 829
1621 1071
169 1100
1535 494
937 942
1409 753
1684 1063
1926 1063
1047 1596
1884 1196
1727 1304
1356 567
300 1874
1306 1476
1275 144
1016 853
1396 1753
55 1120
654 372
99 457
115 1929
193 1550
1476 1575
691 1663
107 404
1569 66
853 1300
1190 1273
503 1436
1958 1897
1627 1479
413 503
512 1520
813 1425
570 1793
56 1929
1133 800
245 773
1675 1480
176 504
1752 248
1433 284
781 683
130 1893
829 414
554 1191
801 1505
56 26
1684 512
1675 1480
57 600
49 1108
604 1536
949 687
1680 308
567 1356
383 130
1596 1731
1627 1479
382 1189
302 1186
504 1716
1983 41
287 445
1910 1188
503 1436
891 192
1910 56
1356 567
917 1178
1300 1016
308 1680
743 1747
1760 1567
1848 660
1729 824
1500 540
75 705
682 743
1174 1826
802 95
1910 826
1929 292
1904 1176
778 1054
630 1992
1189 1835
744 365
1016 1300
1091 1059
1926 512
1920 1747
83 304
270 1481
1656 927
503 1687
1102 1147
1807 1320
12 1499
86 1711
1379 113
1514 230
894 292
872 296
942 28
1250 570
446 1340
1188 363
1365 574
450 831
1313 228
826 292
1321 379
363 115
383 620
1656 1982
1811 172
602 688
822 89
481 1346
120 1311
1018 1608
1680 308
1608 974
586 1039
1827 716
253 277
1870 927
826 1188
1338 696
1520 1398
1325 73
1926 1520
1184 1757
1188 363
1068 1132
982 30
1841 871
1701 1278
1684 1926
349 103
1535 169
1364 933
56 1929
56 363
1609 1500
1366 1016
655 1745
577 563
237 673
824 85
906 106
1477 446
826 635
1638 138
801 844
1907 960
1100 586
64 560
494 990
1520 512
1675 1480
728 688
709 1709
1657 854
1926 1063
600 248
1699 702
1207 140
642 824
1633 1804
750 693
1500 1959
1002 1129
668 849
4 460
655 1745
1382 1118
1727 750
444 572
655 579
1710 331
1757 1184
1252 1797
287 1550
1439 1821
111 1241
363 115
1313 1790
1071 553
1642 1333
1184 528
823 919
475 596
741 310
193 287
707 1011
110 1317
159 1094
1479 1627
878 1647
384 1109
1870 43
673 95
1059 447
934 548
50 1766
1461 508
503 1687
349 933
1702 720
1479 1627
115 292
1876 1116
1814 1651
1398 512
1664 409
574 655
1204 1959
503 1436
141 1379
1764 620
426 1874
1183 1637
1772 1876
445 287
1307 1987
1500 1959
115 56
512 1684
1071 848
809 1902
363 56
826 363
1684 1926
363 1910
455 622
26 1188
1485 1611
791 1554
127 1945
1872 1311
1097 695
304 1317
1611 248
1350 1406
944 271
566 1564
1750 1524
186 630
1684 1926
115 635
606 725
397 1807
1858 869
617 1005
1479 1627
1828 1438
99 1167
768 555
688 902
1894 1242
418 602
1478 1930
1050 1256
73 1500
1286 829
1005 617
1493 1847
300 510
699 1812
212 1070
1783 1643
26 1188
413 503
1126 1147
1507 1939
1300 1016
764 1382
530 125
871 1028
1018 1710
1251 428
1188 115
206 1284
1766 1358
141 49
1729 1745
631 1477
554 243
1039 1289
737 1662
293 1286
1627 1479
1364 1946
1300 853
812 135
75 169
115 635
875 685
914 934
1167 1001
602 504
1118 1382
49 113
141 49
176 1100
1107 681
586 75
824 604
1633 237
345 49
909 279
130 383
1554 874
1025 264
1015 758
334 412
785 1254
1741 400
906 910
1633 95
115 292
1495 1231
642 604
1629 201
1284 1335
877 1183
1089 617
705 874
1493 1602
298 628
1917 1738
1535 1289
1500 540
1738 1257
1300 1366
1500 1325
1216 437
56 894
598 869
1662 737
241 1734
1636 1983
1272 331
115 1929
1910 1929
1414 60
582 1763
1395 200
1479 1627
1243 1811
1419 911
1615 1649
1436 413
1767 607
1366 853
202 1850
569 1012
1992 354
1795 1178
748 690
1793 1702
1922 1284
85 574
1883 86
1636 41
1241 419
363 115
1487 788
1680 234
687 1315
73 1204
579 1566
1959 1325
1370 589
1550 287
1008 1075
1684 512
1012 569
1030 1775
234 1680
632 750
53 1347
231 127
853 1366
1804 673
1030 66
489 1726
989 1790
206 1335
146 1880
647 382
743 1313
1254 1071
345 141
1253 1413
248 52
216 1571
102 1963
439 701
1018 1317
274 1889
1488 1962
1505 290
1999 1617
1550 193
1687 503
851 414
1118 764
41 1983
240 243
115 363
1396 44
1108 49
1436 503
347 1893
1325 1959
1723 1798
1684 512
1902 1036
913 386
1167 457
685 194
73 1500
1256 1050
124 117
324 1475
1016 1366
826 635
1649 309
1566 574
1850 174
95 1633
1005 878
553 1864
1063 512
1588 1781
1826 1620
849 1438
1254 717
853 1300
1335 206
1752 174
345 141
198 463
1380 1262
897 1177
1822 1099
1550 445
621 1461
113 1379
495 911
73 1500
1409 753
234 308
1395 877
516 699
322 1487
1636 1983
1836 1548
1500 540
1436 413
1926 1684
802 237
271 944
1808 741
1615 1119
1108 1379
1987 1444
1983 1636
205 1821
815 1650
1083 1178
1197 548
131 1231
1603 1127
4 1732
1214 1172
1802 1568
756 1745
1304 137
1633 802
292 826
1256 1175
1927 1975
547 1239
878 1005
450 1672
1335 1284
1636 41
788 1307
1563 75
1346 1853
987 951
300 1187
604 1729
1476 1192
1675 1480
839 1804
1611 1752
300 927
944 271
1063 1684
1398 1063
906 578
617 1647
1558 275
756 1365
1070 217
1675 1480
1827 716
202 1611
537 767
164 402
65 458
95 839
1819 411
1808 111
1485 1752
354 852
141 49
1608 198
135 1396
1176 1982
1258 691
135 1913
1453 41
194 1333
826 363
1068 1510
41 1453
1804 802
248 666
1398 512
894 292
833 1608
564 1208
518 122
1804 237
75 1554
1318 1939
1510 1175
243 1178
1926 512
1926 1063
792 1423
1436 1687
834 1213
391 1723
293 414
1325 540
756 85
1927 368
730 949
1951 1477
174 666
1614 293
1377 1913
159 465
287 193
1768 420
1520 1063
208 913
796 2
1284 1922
1520 1926
1633 237
1159 406
1926 1063
1764 1893
437 1112
170 798
445 193
949 1911
349 901
49 1379
1129 1551
1687 503
1884 1175
1402 231
567 1356
582 1808
186 1488
1672 369
1219 1879
141 49
264 145
1422 1084
944 271
1088 1626
1642 105
1790 1422
426 1904
1329 1192
677 76
883 609
1156 1996
304 1064
1318 1620
1002 1100
413 1687
901 1185
1344 375
894 26
122 1783
826 363
1498 194
1433 1415
85 579
1147 425
1967 1197
627 1836
1409 753
164 402
141 49
97 1069
1532 1602
878 1839
989 1920
709 1709
96 1264
271 944
1301 1165
481 578
1250 1702
1684 1398
1915 425
756 1365
1709 5
1804 237
1453 1636
1662 737
1480 1675
1684 1520
1929 56
789 551
173 380
530 980
287 1550
635 115
1453 1636
1480 1675
5 709
1311 1883
202 1611
641 750
1420 1884
844 290
1959 73
347 1893
460 385
987 939
1687 413
120 407
99 1001
1510 1884
1642 1798
56 1910
1438 1762
1500 1609
365 1161
1959 540
1284 1335
347 1764
1766 1358
1480 1675
271 944
1711 120
1680 308
349 901
251 420
875 701
1453 41
1145 1886
1566 1365
10 241
1028 1649
482 12
1300 1016
1588 1732
292 363
853 1300
1365 1745
791 728
1579 1089
851 414
163 1871
1479 1627
205 466
1926 1063
9 706
446 487
83 198
1300 853
363 1188
31 1358
1827 1382
1839 878
227 75
1549 663
141 1379
440 754
1656 1176
824 1365
851 1661
1016 1300
1910 26
1481 1485
94 212
1016 1366
833 198
753 1409
47 454
1992 1962
548 934
103 1185
853 1300
115 635
891 1203
709 1709
1192 1040
802 1633
1188 635
198 331
110 1216
113 49
729 1749
443 1061
1926 1398
1480 1675
1480 1675
523 1962
1703 1367
935 732
1293 486
356 1333
56 635
1365 1745
49 1108
110 304
1460 1569
976 1461
1480 1675
730 1315
839 673
1479 1627
345 49
1734 1771
1726 911
1366 1016
1834 349
1089 1579
697 29
1063 1926
1926 1063
95 802
143 231
832 251
1680 308
554 917
945 172
774 766
707 1273
206 1922
1729 1536
1049 154
185 277
775 563
933 1143
620 347
839 95
1566 824
41 1983
1379 49
349 1364
1590 976
666 1752
298 601
1675 1480
788 1740
1808 729
1727 554
818 159
345 141
331 297
1352 1441
202 57
73 1325
1929 1188
1492 42
876 1374
115 1910
531 1921
271 944
1745 604
1361 1143
1465 646
86 1830
1335 1284
1729 1365
1929 635
524 1070
1680 234
806 1025
141 1108
1687 503
1355 1512
446 1392
1687 1436
1888 1297
905 594
1926 1398
1535 602
1178 958
567 1356
923 1262
1865 763
1089 1005
1118 1827
1522 655
1325 73
1834 1185
1453 1983
1314 498
113 1108
1204 1500
1423 1909
1781 4
582 323
606 1931
1627 1479
1731 1663
673 1633
1520 1926
308 234
1160 1617
1343 1558
163 316
1536 1566
86 149
1520 1684
488 1512
1897 1333
198 304
1656 246
56 1929
552 1425
1959 1609
200 1477
359 1711
445 193
141 345
1770 1738
5 1709
1028 1482
1088 1688
1779 189
753 1409
1827 1382
1947 1245
579 756
290 1505
709 5
1192 1620
1809 28
26 826
635 894
1684 1063
1609 1959
519 969
1016 853
1959 1204
1453 1636
907 858
1278 1800
103 1361
10 1771
261 432
1839 1089
784 1548
331 297
115 635
1808 1763
1068 1175
567 1356
1551 134
56 292
345 141
314 1271
1840 83
1284 1922
26 115
1321 1011
503 1436
853 1300
701 685
665 110
928 877
753 1409
1808 1734
1549 663
1621 1996
550 1378
1436 503
1479 1627
1884 1175
589 1176
635 292
287 445
234 1680
445 193
26 363
26 363
1922 206
1089 1647
1188 826
1270 466
445 1550
540 1500
1192 183
26 56
1047 691
1398 512
1166 425
193 1550
929 1969
206 1335
1506 1341
1398 1063
1684 1398
1323 1339
839 802
863 461
829 851
174 1481
1109 488
1439 1821
716 1118
57 1752
657 754
1614 1286
443 725
665 1708
503 1436
117 1301
1524 1200
1379 113
1507 1476
1647 1579
1188 292
1188 56
1453 41
1133 1980
1292 981
418 1486
413 1436
1536 756
572 1230
74 920
977 96
1379 141
1680 308
1790 228
259 175
115 292
1398 1520
183 531
1457 1657
1005 1089
617 878
887 1380
1684 1926
234 308
555 663
1166 621
1197 914
1656 1874
466 118
1987 1740
512 1926
1063 1684
567 1356
596 792
105 356
1437 789
781 1166
986 772
1951 631
1284 1335
914 934
240 1191
453 1061
603 1008
1175 1256
1366 1300
1603 786
887 1092
1550 287
1959 73
1284 1335
945 1811
425 508
1366 853
1921 1620
1627 1479
1063 1398
1795 1727
545 1256
673 95
418 328
1479 1627
1729 85
1012 569
934 1694
705 744
1637 1540
1114 1580
1980 1133
742 813
1613 1187
407 1133
1050 1068
770 1490
1602 1841
1893 1764
174 248
1670 582
910 1023
766 440
1284 1335
878 1839
818 1285
37 760
1684 1926
1891 1332
1680 234
1680 308
1839 1647
1480 1675
462 1324
945 172
1551 1535
514 1311
866 1771
1335 1284
1916 1439
1929 115
322 251
75 744
1770 1257
174 600
1486 116
874 1161
1804 673
648 1797
1893 383
1684 1520
1775 284
1076 1318
331 110
1550 287
1379 141
512 1926
1335 1922
1479 1627
1958 701
1446 712
1579 617
944 271
1088 967
75 586
194 1496
1453 41
1243 469
1851 351
1177 62
777 48
130 620
1958 1723
1693 1957
437 1317
49 141
944 271
1551 990
523 852
1317 297
617 1647
853 1300
617 1005
1434 1616
1742 1438
1080 1923
234 308
1926 1684
1687 413
56 635
973 1526
1662 737
1710 1112
1241 10
1022 87
1479 1627
667 478
1066 822
1587 1958
1587 391
1063 512
879 1560
1385 1624
1575 1076
619 1357
1555 1126
753 1409
1587 194
1784 76
26 894
1764 1893
853 1300
1650 744
75 1716
1161 815
1016 1300
1678 475
1192 1040
1187 927
79 1482
287 193
694 223
1335 1922
1453 41
523 1992
363 635
1481 202
1438 1828
1658 1408
1442 402
1357 1689
1900 599
1573 1337
535 1326
860 1412
1861 519
1520 1063
194 701
1409 753
174 1485
1983 1636
1241 1808
1883 1980
290 1505
1139 699
783 1385
1747 1313
604 1522
1143 1834
1762 1171
420 1487
1005 1089
1078 7
1278 158
1480 1675
1398 1684
1028 1315
1461 1442
894 363
1500 1959
743 1313
826 115
64 1313
130 347
1482 1847
1328 1454
1984 1
363 826
1063 1520
1277 469
554 137
512 1684
1250 570
1616 310
345 49
1520 1063
744 902
716 1827
1616 582
764 716
59 119
1766 31
43 1870
1283 1150
1064 1216
1684 1063
1321 440
1709 709
1999 848
637 624
1150 1367
838 1079
988 1759
1143 1185
424 1886
1586 1569
439 1798
1118 764
1365 1745
359 1980
1398 1520
331 833
1329 1895
1926 1063
1640 1342
1522 642
1109 358
5 1709
895 1724
1749 10
1687 1436
668 1762
1827 1382
103 1946
1910 826
439 1587
1904 246
380 1795
569 1012
670 1978
1904 1187
1048 1183
635 115
1047 787
75 705
1438 81
944 271
413 1436
345 1108
825 314
606 1595
316 1580
1633 673
398 1497
1750 680
685 1333
1893 383
1063 1926
1680 308
418 902
1939 1076
602 1100
1436 1687
1627 1479
1479 1627
363 56
1633 237
345 1379
1910 363
445 287
744 874
287 193
1910 1929
389 692
1667 1840
414 1661
1068 1884
1738 601
762 1651
503 1687
1642 1587
1922 206
1436 413
308 1680
887 493
1601 1803
1365 1745
1631 1495
540 1609
234 308
839 673
292 26
164 1672
66 1460
1834 933
1534 139
632 750
1379 1108
989 682
1366 1300
1197 516
1550 193
56 363
853 1300
115 894
16 1226
77 1686
1292 941
1838 1347
1951 1096
5 1709
1935 1309
706 690
503 413
1366 853
551 1075
1568 1110
41 1983
308 1680
375 1429
1436 1687
1398 1063
271 944
1118 716
1364 103
512 1926
1680 234
1453 1636
1987 1307
1874 300
130 1893
145 48
724 701
802 673
1085 761
1318 1026
328 134
445 287
1734 1763
105 701
363 115
1480 1675
902 688
856 455
105 1940
927 1613
1462 1473
435 1175
1534 749
976 831
941 1657
363 1910
1315 1482
1475 1698
750 243
1926 1520
699 1197
1675 1480
343 1741
894 1188
323 1616
1929 26
1592 1392
1145 1886
1481 270
1300 1366
237 673
1170 1553
363 894
1065 571
1132 1884
1300 853
482 768
1874 510
193 287
1551 494
413 503
134 1535
1335 1284
246 589
524 1631
1886 424
1328 1853
1333 356
1379 1108
1784 46
1566 756
1171 1067
705 1345
1236 1639
1439 109
1603 1135
73 1204
308 1680
1745 824
1436 413
1233 1275
1168 368
1928 438
1973 1634
1426 395
1654 775
1115 519
1211 1530
227 176
785 1617
1500 1204
894 115
1675 1480
1457 187
1365 642
443 399
356 1958
844 1505
1436 413
1637 1592
1627 1479
1691 1632
621 369
1374 186
292 826
1479 1627
604 824
1398 1063
1175 1884
1548 784
1609 1204
328 91
1983 1636
234 308
94 217
234 1680
1694 516
1064 1840
1910 894
1684 1520
1237 601
1325 540
495 986
512 1398
1426 317
363 635
765 1124
1922 206
1566 655
1139 699
1682 14
49 113
1325 1609
1836 784
1729 642
1879 269
666 174
1873 130
1632 1341
1872 1830
1520 1063
1552 276
802 673
1481 202
1982 1613
1204 540
1032 479
1586 1222
1910 826
1341 1807
1366 1016
1026 1939
1747 1790
56 1188
103 1946
1636 1453
1016 853
1600 1477
1609 73
1841 1887
853 1366
1397 1967
760 713
1481 1850
1888 1042
1627 1479
853 1300
113 1379
1222 1797
1891 1276
261 1943
1809 28
1684 512
463 437
263 1801
1636 1983
1261 628
802 839
635 1929
237 1633
1614 1661
1374 767
635 894
1970 170
800 1980
445 1550
1910 56
