2000 2000
1799 144
1033 145
1875 1701
1408 1423
333 197
1417 493
145 1359
839 1273
542 1546
1308 1344
1410 77
1025 1377
1417 426
855 212
495 1251
905 611
1539 1350
1325 680
1295 1754
144 450
417 1616
287 1284
1739 997
51 726
262 734
614 86
313 1849
77 1946
151 222
551 624
1420 912
1501 489
1600 667
226 1362
1468 227
1544 513
1485 95
957 131
1065 1243
1238 591
1096 236
1881 17
1932 166
1939 290
426 1334
1065 1245
468 498
1881 1143
1295 414
1822 1409
1163 799
262 885
1245 329
17 1035
1748 863
1168 1835
780 1011
1276 1798
883 513
1056 1921
1616 1517
101 1164
145 576
542 225
513 889
1011 953
533 173
1410 1589
1491 437
1946 77
221 522
1382 1712
1182 1545
1909 1916
1408 1086
115 1731
145 719
1306 1770
591 1672
885 1072
1596 1693
1586 496
1456 1579
724 406
1209 82
1125 958
957 978
1357 729
1276 366
277 1795
1525 1170
953 1232
1420 407
406 1700
903 379
1411 1690
1455 447
493 1183
1143 1206
775 1804
450 434
1573 1938
1333 175
152 181
1801 459
1795 1480
1218 1802
591 743
1183 1396
1600 1878
1579 1456
1164 500
155 1752
361 1225
614 286
131 1324
1337 7
1939 105
1548 83
340 1441
1702 475
1501 975
1809 448
448 882
434 177
1093 1792
1751 1711
413 1591
874 1660
878 1108
1671 938
329 463
878 586
1921 182
187 456
1875 1507
1350 1955
1701 1367
1689 1819
715 1718
279 1041
1539 301
1751 336
863 256
624 1992
1174 1613
775 1354
335 404
1455 1734
726 100
448 1470
646 762
1748 1864
887 502
407 508
1374 228
319 369
1554 1848
277 1488
1904 728
127 28
1455 441
493 258
413 465
393 1714
1916 1657
1889 1696
413 1851
724 124
1740 659
1656 922
943 1578
591 1513
286 1529
1701 1758
743 1118
418 1924
151 1112
533 41
467 544
533 990
1734 1282
1366 20
166 1467
958 1197
576 913
1849 1498
1118 515
905 109
1618 579
1206 2
1377 991
1002 941
533 1440
719 487
909 604
262 813
498 1497
13 1797
1164 635
624 1842
1878 1986
339 525
1041 382
1635 283
743 149
100 51
1455 1744
978 532
1989 559
1508 969
611 1102
377 310
1696 1750
839 759
7 1755
1986 1871
653 218
646 1260
1350 14
447 690
1955 764
829 1159
1539 1918
1501 405
1798 590
941 1177
872 567
914 1887
872 1018
1245 1532
1508 868
1775 208
532 1781
1159 790
1475 1664
690 960
1243 650
155 250
1306 710
468 1493
1758 1857
287 1948
1367 1701
1618 1094
1295 273
1546 542
1308 341
1958 439
1539 793
590 1356
1182 924
1347 1101
1337 1755
991 1602
406 1831
1689 1742
941 29
1573 1353
1245 1257
281 1764
861 180
1489 1803
1470 184
1695 1783
1497 615
1744 1511
1635 283
975 556
13 143
1690 354
1112 1198
1511 690
1096 593
1021 1626
614 1529
360 1751
1306 716
1599 331
533 1584
144 177
152 1570
1620 1219
1018 890
2 900
1835 1237
1740 282
1587 431
1916 1191
1396 78
1086 1317
680 1325
1410 827
532 136
1488 190
379 501
341 1617
958 388
1503 1039
1170 1217
1455 987
1700 1831
178 534
1151 133
155 892
212 855
587 1026
783 592
501 1227
878 1388
340 1767
182 1478
1102 324
1065 1965
556 1906
1570 1886
1657 1909
1711 360
1317 186
366 385
1795 190
1955 793
1948 72
1411 1977
1072 713
331 1224
713 1840
105 1494
1420 1242
1740 321
1809 841
1664 253
1573 561
1235 1185
1965 812
115 1080
131 1536
1835 1685
734 1233
14 1539
487 719
743 1238
1798 146
1072 1891
607 610
551 1862
598 1805
938 1575
78 1590
404 867
1702 464
17 1127
1347 1668
617 349
1224 1346
1128 1154
1548 123
361 1105
1295 1777
5 1100
1233 1533
1485 1290
728 1904
281 898
406 1700
1344 738
1497 1978
1475 1387
542 1987
1475 1810
226 772
1571 524
331 1346
598 640
1118 950
83 123
286 1895
659 1993
607 1114
993 225
1435 789
1809 882
1080 1214
1235 1332
886 1471
17 685
1904 137
1170 1525
1792 1991
155 1547
1033 688
544 122
532 554
1243 1965
1809 90
1396 645
515 1238
1489 435
1354 737
1417 1396
1374 228
1357 138
1410 1082
290 259
1851 736
1432 92
282 602
843 1478
598 838
1434 1722
395 1988
435 1126
1485 1607
429 1424
1347 742
1731 1637
456 1519
426 645
184 226
1878 1871
1422 954
1871 1595
145 694
1767 988
133 1151
1613 1984
1498 1957
1700 1831
536 1363
1580 349
973 243
1317 741
1238 1730
1410 58
340 833
464 240
414 241
1168 524
1527 1068
1886 1538
1278 217
715 1155
1237 1168
1948 1284
177 450
1671 203
253 1492
1509 809
571 749
1488 1795
513 1397
887 687
887 472
516 1077
1077 684
629 1510
671 1868
1620 1979
688 821
1378 422
969 1733
1143 2
670 1724
1021 1524
686 1742
665 1403
684 1109
181 963
319 237
590 121
1920 834
1201 1663
136 959
1529 1113
369 319
287 224
426 258
127 1623
1545 1949
1273 759
845 1070
1478 1921
1928 1248
738 1308
217 1720
1881 17
1739 1246
279 849
742 1894
1696 1087
1955 1539
685 17
1801 459
706 361
1605 362
1105 361
1388 952
508 1680
498 1978
282 153
105 676
1029 1468
213 1452
906 175
1742 686
173 990
152 195
1306 716
1925 759
1878 1600
799 1014
1975 1380
1565 1793
749 1372
1344 847
1114 607
1086 741
290 1460
685 1881
464 240
319 1709
1926 1137
225 993
1712 804
1508 792
138 1357
1809 1106
145 123
1616 242
1197 68
615 468
1963 1058
762 641
1586 966
761 612
688 123
341 847
1014 1522
77 1313
670 1030
953 1256
153 321
1219 1842
1350 1955
1125 1951
259 132
49 1515
556 573
1891 6
1742 686
813 1891
785 588
256 1961
1273 759
1467 1713
755 543
279 382
1183 426
1018 1204
1591 413
508 407
277 1795
282 1178
887 846
761 612
1218 377
988 26
13 1342
960 1633
95 1370
286 1529
1183 258
77 58
1347 742
878 930
456 951
1951 1125
109 575
1871 1595
1939 259
951 187
1352 795
1164 1001
1237 1571
82 999
207 773
1739 1246
728 185
121 774
1108 878
489 619
1159 272
1733 786
694 722
1501 573
1198 1112
1752 1547
413 1851
734 1233
1758 1686
1695 1727
958 68
1740 321
1353 247
610 507
253 1492
1862 1842
186 1140
1797 1681
1544 1321
1217 1170
568 855
1177 1002
1724 1552
385 1959
764 1955
1889 1750
1616 933
1362 90
706 1105
184 882
1656 1221
839 759
1139 1231
31 1600
1510 107
354 1644
1411 899
997 1409
1467 166
1423 1317
100 1465
1411 81
1932 1477
1058 1963
1573 1381
131 136
556 573
1682 63
36 818
1065 1243
1701 1367
121 1187
1030 1724
153 1193
1571 1168
1321 513
1618 1124
1803 435
647 1157
590 940
1183 78
1904 185
493 78
645 493
1714 393
502 887
1510 1394
719 733
687 1945
1187 1358
713 734
137 1904
867 404
1731 1055
181 1886
1857 828
1180 1064
1290 297
1375 49
1488 277
283 1635
1106 184
500 1902
1026 982
899 535
447 832
1290 1607
1465 1990
1538 205
1502 507
818 36
628 1142
1493 670
20 43
1082 1313
1354 1804
863 380
684 896
1957 1498
457 1404
659 1740
137 185
775 514
41 173
828 1857
439 1402
1620 1862
997 318
86 1529
629 1859
855 568
1587 1062
1173 1650
41 173
1370 1290
1410 1589
82 21
103 1445
501 745
1695 581
1308 847
1096 593
1856 844
1596 1960
1354 775
818 36
571 1667
301 764
1992 1219
1857 828
1257 1065
1714 1531
1417 1183
812 1065
31 1600
1822 318
493 1417
1571 1168
990 41
319 369
1367 1857
1948 287
592 139
676 259
1051 308
1092 277
1493 670
1607 956
74 293
1465 480
1633 832
279 1041
1218 310
103 1171
1432 92
1291 1332
1164 1001
1233 713
789 3
1589 1313
624 1992
567 1018
318 1739
146 590
551 1992
341 1308
973 682
1233 734
1545 671
887 1123
466 439
741 771
1928 1936
1151 1855
1587 1392
123 609
1804 775
1093 1792
1948 224
1294 1088
1475 253
195 1692
987 1120
1692 963
1909 1191
1237 1571
1198 1112
107 629
890 460
786 1733
898 1764
297 1854
886 294
1781 136
1125 958
1124 1335
1978 1493
544 122
1990 1081
719 733
694 84
889 1397
500 1164
1871 31
247 1353
1221 832
1701 1367
834 238
211 418
563 238
1755 7
29 1002
456 951
1690 899
1987 1546
1086 703
772 1106
1219 1992
1249 389
340 1441
1711 360
543 755
1734 960
409 1647
409 1673
247 1353
614 86
918 1051
1656 1734
1488 277
1140 1423
728 185
1506 1214
86 614
645 493
281 632
1904 728
3 504
376 1403
1945 846
1109 516
729 1357
987 1656
156 330
1792 22
686 1742
615 1978
290 1939
951 456
833 988
362 1605
362 747
1411 899
83 145
749 571
724 1700
166 1932
1231 465
872 1018
182 1974
1127 1035
78 645
706 1105
1376 831
938 1879
713 734
1906 975
132 676
1171 1643
1295 1754
1977 1690
885 713
1886 1538
464 475
828 1367
922 987
422 1681
382 279
960 922
1353 561
1139 1231
1317 1140
899 1977
1358 590
1387 253
667 1595
1532 812
861 933
1595 667
262 885
1509 1050
1476 33
1673 1903
1720 1278
455 1022
1248 1115
375 1540
1014 445
1295 273
1200 1008
1522 1069
256 1843
508 1242
375 1043
1491 437
1671 0
1977 899
498 615
709 1426
1174 25
1667 749
1324 1781
591 482
186 1317
1810 1387
1303 717
1702 464
950 1238
180 933
1775 1588
340 988
1313 77
1332 1235
1854 860
1517 180
1372 1667
494 779
687 887
1591 1541
1206 1035
28 875
445 1163
1033 83
1191 1909
682 243
956 1854
1831 406
441 1120
623 59
1366 1249
293 194
1157 1095
1690 899
724 1831
912 508
1552 498
754 1792
886 294
722 145
310 1218
1441 340
68 1951
1515 1375
1918 301
567 460
286 86
953 773
335 404
1552 498
493 645
1690 899
1497 498
1517 180
445 1163
1713 166
1317 1423
1722 1239
575 109
1233 262
924 701
237 1709
404 1184
1344 341
1522 445
913 722
1231 1541
1478 1921
1182 924
1001 1164
1404 1228
51 726
482 950
247 1353
330 156
1120 960
659 1193
409 1903
313 1414
1225 706
1748 1234
734 262
1990 51
83 719
17 685
1382 991
1925 1273
1411 1690
1072 734
502 846
100 1081
422 1681
1388 1108
405 1501
1805 598
1734 960
226 1106
623 1846
1431 438
1948 224
417 180
813 1072
1979 1219
722 83
1928 1115
1754 241
26 340
1618 1124
414 1754
524 1237
1197 1125
463 1532
1501 405
1011 953
1387 1475
336 1711
1692 1886
1657 1191
1077 1267
1986 1595
1735 1542
1588 920
1184 404
417 180
1498 1849
912 1649
1043 1205
1428 823
1680 912
1478 1188
1754 414
1752 1547
1329 1142
905 1102
199 1057
563 238
494 343
1086 186
354 899
1002 941
1524 1618
405 1501
105 132
262 813
294 886
21 837
1946 77
283 1436
383 1077
1228 1404
1455 1734
1335 1524
413 1231
3 1710
212 855
489 1501
867 1184
336 1711
1960 654
889 1321
1617 1344
743 1118
1411 1690
434 177
716 1306
1409 318
1227 501
1313 77
1231 1541
1570 1692
1802 1218
1435 1073
1700 1831
610 1114
827 1313
379 903
703 1086
920 1588
978 1781
99 224
1804 775
426 78
645 426
1120 1455
1600 1595
635 1164
1690 899
201 286
1544 889
1396 645
1507 828
855 568
647 1736
487 913
1094 1335
567 872
1959 1798
1700 724
380 158
1875 828
1637 115
33 1476
849 382
1001 635
81 1690
115 620
659 1193
1991 754
914 35
1854 297
1417 1396
1525 1217
1984 1613
1822 318
1902 635
1527 1856
5 1947
1921 1188
863 380
1599 1224
1842 1219
1647 1673
1125 1197
1291 1235
1251 964
178 534
650 1532
1783 581
360 1711
834 1920
49 1515
646 1260
593 156
602 659
1142 628
940 590
1887 914
31 1600
1026 982
1025 804
1843 863
590 1669
899 1690
1590 1417
321 602
1477 1713
1938 247
883 1544
468 1497
1764 632
175 906
1238 743
180 417
1846 37
687 502
1140 703
1139 1231
1033 83
1685 1237
1745 1887
1434 1722
253 1810
1102 575
1354 1804
1673 1647
1070 1801
1359 1033
429 709
1758 1875
1150 1453
1018 567
310 1802
221 522
554 1781
1513 743
1445 1643
377 1802
530 707
1616 417
407 1680
151 1198
1367 1758
726 51
1180 157
726 1081
617 1580
1499 1565
127 28
1977 81
164 980
719 1359
409 1673
333 603
1975 344
575 905
846 687
273 1295
1352 1815
999 21
477 312
1511 1120
1533 262
887 846
890 1018
786 1733
832 1120
1637 1214
354 899
1204 890
222 151
360 1711
121 940
561 1938
95 1854
590 1959
1137 1844
950 1238
501 903
1979 1219
1260 646
906 1883
123 719
1209 21
956 95
197 333
975 489
273 1754
1035 1143
1545 1182
385 940
1961 1843
522 1464
417 180
987 832
164 658
339 637
220 1778
335 867
487 123
1465 1081
653 1549
1056 1921
858 1017
1519 951
774 1187
208 920
1414 1498
603 333
1859 107
241 273
17 1143
1178 321
1244 445
1257 650
1070 1801
843 1188
1494 105
330 156
933 180
1218 1802
287 1948
993 1987
1977 899
1656 987
203 1671
836 1486
1936 1115
487 123
13 1681
688 487
508 407
468 1497
1409 1822
143 13
1077 383
1382 1025
445 1244
1315 1222
1290 956
1435 365
1986 31
1408 186
952 1388
1948 287
1570 1692
1185 1332
1974 1188
1249 1366
860 95
221 1208
1963 850
726 1465
1239 1434
1798 590
1993 1178
1163 445
590 774
493 1590
650 1257
1626 1094
863 1961
1367 828
6 262
1748 863
1017 858
591 743
1467 166
1809 226
122 1131
131 554
1243 650
1541 1139
1995 867
1993 1178
1506 1731
922 1656
297 1290
1018 890
809 275
544 122
741 1408
1575 1671
1802 310
1080 1731
90 1809
653 1998
1497 468
640 838
329 1243
1686 1875
1440 41
812 329
532 1324
1183 1590
103 1643
1080 1731
614 201
1260 646
684 1077
1204 1018
259 1494
1478 843
1986 1600
624 1979
841 90
224 287
1633 922
1924 211
354 899
1513 743
1848 1325
1291 1235
1977 354
242 933
1700 724
997 1409
249 1435
472 846
1522 1163
516 1077
828 1686
861 242
1402 1958
1623 127
20 1249
878 952
1548 688
1358 590
959 131
1617 1344
1752 1547
1035 1143
1903 409
1260 646
482 950
1616 242
1840 6
612 213
799 1522
1315 4
1588 920
1596 88
847 1617
1180 1610
954 127
212 766
1125 1951
366 590
107 942
821 1548
1873 1877
1724 1497
107 942
571 1667
88 1960
1798 366
1105 706
460 890
290 1494
1573 561
737 1354
607 610
1601 1431
187 1519
101 1902
783 98
576 821
256 1748
1236 1904
1440 990
84 576
889 883
957 959
152 1570
900 1035
766 855
1758 1686
1987 993
1533 1840
1394 107
1146 440
1362 841
1871 1986
665 1403
413 1541
475 240
1842 1979
31 1986
258 1183
1422 954
82 1209
573 975
1030 1724
1245 812
1610 157
524 1685
568 855
1690 1977
388 1125
319 1709
1879 1575
1024 1315
383 516
1844 548
646 641
1100 1947
1068 1856
619 573
414 273
1637 1080
1921 1478
422 143
941 1177
7 1337
133 1111
115 1080
1637 115
1974 1921
122 1131
1455 1633
1957 1414
1643 103
1128 1654
690 1455
1891 1840
1470 1362
144 434
1093 754
1510 1394
950 482
1441 26
789 504
1288 1266
771 741
1337 7
1778 1054
624 1979
445 799
954 1422
1033 84
793 1918
182 1974
1951 958
329 1245
155 1547
1335 1626
1792 754
1408 771
1695 1783
1752 155
643 1748
956 297
1939 290
448 1470
1055 1637
571 1667
710 716
1883 1333
1334 258
195 152
1906 619
1378 422
845 1070
900 1035
786 1733
1278 1720
121 1798
678 437
672 1189
207 1011
1862 624
591 950
99 224
1978 1030
1554 680
1342 1378
1868 1545
567 460
1801 1814
336 360
238 1920
1610 1180
738 1344
780 207
1123 472
1171 1643
1125 68
472 1123
1620 1862
1522 445
1573 561
1356 121
1303 717
417 242
543 755
1538 195
1602 1382
1248 1936
556 1906
883 889
1735 897
28 1422
1849 1414
513 883
1140 1408
829 1159
609 1033
952 878
1669 1356
14 793
1350 14
1014 1522
146 1669
447 690
31 1871
1730 591
1396 1334
1519 187
495 964
542 1987
887 1123
987 447
860 956
1043 1205
456 1519
1589 1313
579 1335
1819 686
222 1198
1607 860
1436 1635
465 413
250 155
1359 609
774 146
1921 182
475 240
43 1366
1881 900
455 1683
1842 1620
1864 1748
365 3
1995 867
346 1305
905 575
1001 101
1455 987
1624 1867
405 556
588 1150
761 213
1232 780
1168 524
1502 1114
1945 1123
868 786
339 510
833 26
1008 1200
1626 579
812 329
1204 460
1859 1394
145 1359
1394 1859
872 460
1767 1441
1069 1522
1073 580
684 383
593 330
1515 1375
472 1123
629 1394
72 99
922 1455
329 812
1420 508
324 905
1664 1387
1947 54
218 653
1755 7
1411 1690
1730 591
755 1505
312 606
775 1354
736 465
1710 3
999 21
1354 775
28 1422
1480 277
963 1538
1798 774
1513 1730
43 1249
1358 774
1242 1420
733 145
1799 434
181 963
1100 5
1529 614
1814 459
448 1470
658 164
1356 774
1214 1055
493 1334
241 414
1859 1394
1284 72
1470 448
892 155
1517 1616
1291 1185
417 1517
1626 579
1335 1626
17 1881
930 878
1752 892
991 1382
900 1881
217 1278
95 1607
155 892
1082 1589
145 733
329 812
1118 1513
1740 1178
1367 1758
554 957
1948 72
1988 395
1848 680
138 1199
137 728
1877 904
843 1921
1799 434
1238 1118
650 812
2 900
1377 1382
31 1871
369 1709
1693 88
207 780
1435 3
839 1925
1672 1238
954 28
441 922
1159 272
1731 1214
1507 1367
1549 218
1101 1347
1021 1626
361 706
1751 360
1993 1740
313 1414
749 1667
1778 866
903 379
579 1335
789 3
958 388
51 726
987 441
1669 774
1602 1377
1109 684
1777 414
957 554
1805 640
1295 414
1387 1810
74 293
1955 1350
426 1334
1842 1620
515 1672
1620 1862
1069 1522
610 1502
318 997
887 1945
1227 903
127 954
1073 789
100 51
1423 1140
1509 1050
242 417
109 324
3 1073
1649 1420
1324 957
1276 1669
184 1470
1559 765
1111 1855
1718 715
68 958
861 242
978 1324
493 426
671 1868
1112 1198
1086 1423
1163 1069
694 145
182 843
480 51
1948 72
1552 1030
1764 632
938 1575
896 1109
124 724
1588 920
224 72
1990 51
1554 1848
654 1693
1710 3
886 929
1056 182
1584 1440
1088 1294
1549 218
1878 1986
1127 2
1797 1342
1373 979
635 1001
745 903
914 35
1724 1552
1721 228
606 312
1435 1710
710 1306
1510 629
1334 1396
1895 614
533 1440
1187 1276
607 1502
146 1187
431 1392
1151 1111
1668 1101
346 1305
913 145
1835 1168
1096 593
1798 146
405 556
28 954
1480 1488
1662 147
256 1864
1637 1731
828 1367
1234 256
1993 1740
249 1435
319 1709
580 249
1154 1941
467 122
676 1939
272 790
1288 1969
1026 982
952 930
563 238
628 1329
940 1798
1949 671
82 999
1627 795
1485 95
703 1086
1070 1814
236 593
543 1495
1070 1814
685 1127
516 1109
1246 318
58 1082
203 1575
385 1798
1801 1070
1370 95
1284 224
1511 987
1221 1511
573 405
1536 978
1397 889
1058 1963
1204 872
643 1864
1494 676
1460 1494
1410 58
611 109
1014 1163
1501 556
573 1501
940 385
319 237
993 542
1959 940
504 249
532 978
336 360
1164 1001
1727 1783
603 333
722 913
1951 68
567 872
1591 736
745 903
1701 828
1317 703
1946 1410
1332 1235
1218 310
1955 1350
1770 716
20 1366
1375 49
1452 761
844 1856
737 1354
792 868
827 1946
153 1993
1998 218
1503 1039
1596 88
772 184
586 952
1209 999
475 240
513 1397
259 1460
1711 336
958 1951
1752 892
1410 58
743 1672
1610 1180
404 335
1495 543
426 1334
14 1350
1282 1221
1018 567
516 896
1026 1327
100 480
63 176
127 28
1358 940
1938 1573
1775 208
1218 377
20 1366
41 1440
464 475
1372 749
653 218
1610 1180
81 1411
282 1993
620 1637
205 181
1206 685
1667 571
514 737
54 1100
422 1378
1693 88
74 1999
1381 561
1623 28
969 792
1613 25
793 1350
672 126
1508 792
1356 1358
501 745
1062 1392
1428 1650
587 982
1947 5
1197 958
1689 1742
1770 716
493 1334
1125 1197
149 515
1233 1840
1096 330
694 913
759 1925
1188 843
1206 685
250 892
1781 978
253 1387
710 1770
903 745
1506 620
635 1001
1712 1377
463 812
991 1602
1155 1776
388 958
1475 253
1664 1475
1644 1690
1744 1282
1256 1232
507 610
1627 795
551 1862
225 993
1588 1775
1587 1062
500 1001
1102 611
1849 1414
1571 524
17 1127
318 1409
1092 1480
1851 465
1692 205
785 1453
1991 754
365 249
845 1070
1680 1649
688 913
