2000 2000
1367 457
1367 1853
1367 459
459 178
459 863
863 457
459 743
743 1853
1853 459
1367 743
743 459
459 1853
743 178
178 863
863 1853
178 457
457 863
178 457
457 459
178 457
457 1853
457 178
178 1853
743 457
457 459
457 743
743 1853
1853 459
1367 459
459 743
459 457
457 1853
459 743
743 863
459 1853
1853 457
1853 459
459 178
178 863
863 1853
1367 178
178 459
178 863
178 1853
178 863
178 863
863 457
863 1853
1853 743
1853 743
1853 457
457 743
1853 459
459 1853
178 459
459 457
459 743
459 1853
1853 459
1853 459
1853 863
1853 459
459 743
459 457
178 743
743 1853
1853 459
743 459
459 863
863 459
178 1853
1853 457
1853 743
743 457
743 459
743 863
743 863
863 743
1853 457
457 743
457 459
457 863
863 1853
1853 743
178 457
457 863
457 459
459 863
457 1853
1853 863
457 459
459 1853
457 863
863 1853
1853 457
863 457
457 459
863 743
743 459
743 1853
1853 459
863 459
459 863
863 457
863 743
743 1853
743 459
178 459
459 863
459 863
459 863
863 457
457 743
457 743
863 743
743 863
863 459
743 863
863 457
457 1853
178 863
863 457
863 1853
863 1853
1853 178
178 743
178 1853
1853 743
1853 457
1853 743
178 457
457 459
863 178
178 1853
178 457
457 459
457 743
743 863
457 743
743 1853
457 459
459 863
863 459
457 863
863 178
863 1853
1853 743
863 178
178 459
178 863
863 459
457 178
178 457
178 1853
1853 743
743 457
1853 863
863 457
178 863
863 1853
1853 743
743 863
743 178
1367 863
863 743
863 457
457 178
178 459
457 459
459 1853
1853 459
863 743
743 457
743 459
743 863
743 1853
743 459
459 863
459 863
743 178
178 1853
178 863
863 743
178 457
457 743
743 1853
457 1853
1853 743
743 459
457 863
863 178
863 459
863 459
459 457
457 178
178 1853
178 1853
1853 457
1367 178
178 459
459 457
459 1853
459 863
863 459
178 1853
1853 863
1853 863
863 457
863 457
863 1853
1853 743
1853 863
178 863
863 1853
1853 743
1853 457
1853 459
459 743
863 457
457 459
459 1853
459 1853
1853 743
459 457
457 743
457 1853
863 457
457 1853
1853 459
457 459
459 1853
459 457
459 743
459 863
863 457
178 743
743 863
743 863
863 1853
863 1853
863 1853
743 457
457 863
743 863
863 457
743 459
459 863
863 457
743 1853
1853 743
743 863
743 1853
1853 743
178 743
743 459
743 457
457 459
459 457
459 1853
743 459
459 863
863 459
743 459
459 457
457 1853
457 743
459 863
863 457
863 459
459 457
457 1853
178 1853
1853 459
459 457
1853 459
459 1853
1853 743
459 1853
1853 863
1853 457
457 863
459 863
863 457
863 1853
1853 457
1853 743
1853 743
1853 743
1853 743
863 457
457 1853
1853 457
459 457
457 1853
457 863
863 743
863 457
863 743
743 863
459 743
743 1853
743 863
863 1853
743 1853
1853 457
457 863
743 457
457 1853
457 863
863 1853
743 457
457 1853
1853 743
1853 863
863 1853
457 743
743 1853
743 863
863 743
863 1853
1853 863
457 1853
1853 743
1853 743
1853 457
457 743
743 863
459 743
743 457
743 863
743 1853
743 863
863 743
743 457
457 1853
457 1853
457 863
863 457
743 457
457 743
743 1853
459 457
457 863
863 743
457 743
743 457
743 863
863 459
743 459
459 743
743 457
743 1853
1853 863
743 459
459 863
459 1853
1853 863
1853 459
178 743
743 863
743 1853
1853 457
1853 863
743 178
178 863
178 1853
178 863
178 863
863 457
863 457
743 1853
1853 459
459 1853
459 1853
743 457
457 1853
457 178
457 863
457 459
459 457
459 1853
1853 457
743 863
863 178
178 459
178 1853
1853 178
863 459
459 178
178 457
743 1853
1853 863
863 459
459 457
459 178
459 178
459 863
743 459
459 863
459 863
459 178
459 457
457 1853
457 1853
459 457
457 1853
459 1853
1853 178
459 457
457 863
457 178
178 863
457 178
178 863
863 178
178 1853
743 178
178 459
459 863
459 457
459 1853
178 459
459 743
178 457
457 863
863 457
178 1853
1853 743
743 1853
743 459
459 1853
743 863
863 459
178 863
863 1853
863 743
743 1853
743 1853
863 459
459 457
457 863
457 863
457 863
459 743
743 863
459 743
743 863
459 457
457 863
863 457
178 743
743 457
457 1853
457 459
743 863
863 1853
743 457
457 178
178 459
178 863
863 459
863 1853
1853 743
863 459
459 1853
1853 743
863 1853
1853 743
1853 743
743 459
459 1853
459 457
178 743
743 459
459 178
459 178
178 863
863 743
863 178
178 459
459 743
1367 178
178 743
178 863
863 457
863 459
863 1853
1853 743
1853 457
863 457
457 743
743 457
457 459
457 743
863 457
457 1853
457 459
457 1853
1853 459
457 863
863 459
863 743
743 1853
457 1853
1853 743
743 863
457 459
459 743
459 1853
1853 743
743 459
457 459
459 1853
459 743
459 457
457 1853
1853 863
457 1853
1853 459
457 459
459 1853
459 863
863 1853
457 743
743 1853
1853 863
863 457
178 1853
1853 863
1853 863
1853 459
1853 863
863 178
1853 459
459 457
1853 863
863 457
863 178
178 459
1853 457
457 863
457 178
457 863
863 459
1853 863
863 178
863 743
743 457
743 178
178 459
863 457
457 178
457 178
178 743
178 457
1853 457
457 459
457 743
743 178
178 863
863 459
178 863
863 459
178 863
863 743
743 863
457 743
743 863
743 457
457 459
459 178
459 863
863 178
457 459
459 863
459 178
178 863
459 457
457 178
1853 178
178 457
178 457
457 743
457 743
743 863
743 459
457 863
863 743
743 459
743 863
743 457
178 863
863 743
863 743
863 743
743 459
863 459
459 457
459 457
457 743
457 863
863 459
178 863
863 459
863 743
743 457
743 459
459 178
459 178
743 459
459 863
863 459
1853 457
457 743
457 178
457 863
863 459
863 743
457 863
863 457
457 178
457 178
178 743
863 743
743 457
743 178
743 457
743 178
178 863
863 457
457 459
457 459
1853 178
178 457
178 743
178 863
863 459
178 863
863 743
178 863
863 457
457 459
457 459
459 743
459 743
457 743
743 457
178 863
863 459
459 743
863 743
743 457
457 743
743 457
863 743
743 863
863 457
457 743
178 457
457 863
457 459
457 743
743 863
457 863
863 459
459 743
457 863
863 459
863 457
457 459
457 743
863 743
743 457
863 743
743 459
743 459
459 457
743 863
863 459
743 457
457 863
457 863
457 863
863 457
178 863
863 743
743 178
743 863
863 457
863 459
743 457
457 743
457 178
178 743
457 863
863 459
459 178
457 743
743 178
743 459
743 457
743 459
459 863
743 178
178 457
457 459
743 178
178 457
178 457
457 178
178 459
1853 459
459 863
863 743
743 178
863 743
743 863
863 743
743 1853
459 1853
1853 178
1853 743
743 178
178 863
743 863
863 743
863 743
743 863
1853 863
863 743
863 1853
863 178
863 1853
1853 457
1853 178
178 743
863 743
743 1853
1853 457
457 743
459 457
457 863
863 178
457 743
743 459
459 863
459 743
459 457
457 863
863 178
457 743
743 457
457 1853
459 863
863 457
863 457
457 1853
457 743
457 1853
457 178
178 1853
863 743
743 1853
1853 457
457 743
457 178
863 1853
1853 743
743 457
743 457
457 178
457 178
743 178
178 743
743 457
1853 178
178 457
457 178
178 1853
863 178
178 1853
178 743
178 863
863 457
178 743
743 863
743 863
743 863
863 1853
743 178
178 457
457 1853
457 178
178 1853
459 1853
1853 178
178 459
178 743
178 743
178 743
743 459
178 459
459 743
1853 178
178 863
863 743
178 863
863 743
863 1853
1853 457
178 743
743 1853
743 457
457 459
457 1853
457 178
178 459
459 743
459 743
178 863
863 459
863 743
457 459
459 1853
459 178
459 863
863 178
459 457
457 743
743 457
457 178
1367 178
178 1853
1853 457
178 743
743 457
178 1367
1367 459
459 1853
459 863
863 1367
863 1853
178 743
743 1367
743 459
459 863
743 457
457 459
457 1853
457 1853
1853 863
457 1367
1367 1853
457 1853
1853 1367
1367 459
1367 863
743 459
459 457
459 1853
1853 863
863 457
459 1853
1853 863
863 1367
743 863
863 459
863 459
459 457
457 863
743 863
863 459
459 743
743 457
743 1367
459 1853
1853 1367
1367 457
863 457
457 863
457 1853
1853 743
457 863
863 1367
1367 1853
178 1367
1367 743
743 459
459 457
1367 743
743 457
743 1853
743 1853
1853 457
457 743
1853 863
863 459
459 863
459 1853
1367 1853
1853 457
1853 743
1853 457
1853 1367
1367 863
863 1853
1367 863
863 459
459 457
457 743
1367 457
457 459
459 1853
1853 459
457 743
743 457
743 863
863 1367
178 743
743 459
743 457
457 459
457 1367
1367 1853
1367 459
457 1367
1367 863
743 459
459 1367
459 1367
459 1853
1853 1367
743 457
457 863
457 863
863 1367
863 1367
1367 459
457 1853
1853 863
863 1853
863 459
863 459
457 459
459 863
459 457
457 1367
457 1853
457 1367
1367 1853
743 457
457 863
457 1853
1853 459
1853 459
1853 863
1853 863
863 1367
1853 1367
1367 1853
1367 459
457 863
863 1367
1367 1853
1853 459
1853 1367
1853 457
457 1853
743 457
457 1853
457 1367
1367 459
1367 459
1367 863
1367 1853
457 1853
1853 457
457 1853
457 1853
457 1853
1853 1367
1853 863
1853 863
863 1367
1853 1367
1367 863
743 459
459 863
863 743
459 863
863 1367
863 457
457 863
863 743
863 1367
863 1853
1853 457
1853 1367
863 1367
1367 743
863 1853
1853 457
1853 1367
863 1853
1853 1367
1367 457
863 457
457 863
863 743
863 1367
863 743
863 1853
1853 743
459 1853
1853 743
1853 1367
1853 457
457 863
1853 457
457 863
863 1367
863 1367
457 743
743 863
863 457
1853 457
457 743
457 1367
1367 743
743 1367
1367 863
1367 863
743 863
863 1367
457 743
743 863
743 1367
1367 863
743 1367
1367 863
1367 863
1367 863
863 1367
743 1367
1367 863
863 743
1367 743
743 863
1367 743
743 863
1367 863
863 743
1367 863
863 743
743 863
457 1367
1367 457
1367 743
1367 457
457 743
457 743
743 863
743 863
457 863
863 457
1367 863
863 743
863 743
863 743
863 1367
1367 743
1367 863
863 743
1853 457
457 1367
457 1367
1367 863
1367 863
457 863
863 1367
457 743
743 1367
457 1367
1367 863
1367 743
743 1853
743 1367
1367 863
1367 1853
743 863
863 1853
743 1367
1367 1853
457 743
743 1367
1367 863
743 1367
1367 863
1367 743
1367 863
863 1367
1367 863
1367 743
1367 1853
1853 743
457 743
743 863
743 1367
1367 1853
1367 457
743 1367
1367 1853
1367 457
457 743
743 1853
1367 743
743 457
743 457
457 863
743 457
457 863
863 743
457 863
863 1853
1367 1853
1853 1367
1853 1367
1367 863
1367 863
863 743
1367 743
743 863
743 863
863 457
1367 743
743 1367
1367 863
1853 743
743 457
457 1367
457 863
457 1367
743 1367
1367 863
863 1367
863 743
459 1367
1367 743
1367 459
459 1853
1367 743
743 863
743 1853
743 457
457 743
457 459
1367 1853
1853 1367
1853 863
1853 743
1853 863
863 459
1853 457
457 1367
1853 459
459 1367
459 457
457 743
457 743
743 457
459 743
743 863
863 459
863 743
863 457
457 743
1853 459
459 743
459 1367
1367 743
459 863
863 1367
459 1367
1367 457
1367 743
1367 457
457 743
457 1367
1367 743
1367 743
1367 743
457 743
743 1367
459 457
457 1367
457 863
457 1367
1367 457
457 863
459 863
863 1367
863 743
743 459
863 459
459 1367
459 1367
1367 457
1853 459
459 1853
1853 457
457 1367
457 1853
459 1853
1853 743
743 457
457 1367
743 457
457 743
457 863
1853 863
863 1367
1367 863
1853 457
457 1853
1853 457
457 743
457 1367
1367 1853
1367 863
457 1853
1853 457
459 743
743 863
743 1367
1367 863
1367 459
459 863
863 457
863 457
459 457
457 459
459 1367
743 1367
1367 863
863 459
863 743
743 1367
1367 459
178 1367
1367 863
1367 863
863 1853
863 1853
863 457
863 457
863 457
457 1853
457 459
459 1853
459 743
863 459
459 457
459 743
743 457
863 457
457 743
457 1853
1853 459
457 743
743 457
743 457
457 1853
743 1853
1853 743
863 459
459 1853
459 457
457 743
459 863
863 1853
863 459
459 863
1367 1853
1853 459
1853 863
863 743
1853 459
459 1853
459 863
459 743
743 1853
459 743
743 863
863 457
743 863
863 457
743 863
863 743
743 457
1367 863
863 459
863 1853
1853 459
863 743
743 1853
743 457
457 743
457 743
743 459
459 1853
863 1853
1853 457
1853 457
457 459
459 743
1853 457
457 1853
457 459
459 743
459 1853
1853 743
1853 743
457 459
459 743
743 1853
459 743
743 459
459 743
457 743
743 459
743 457
457 1853
1853 743
863 457
457 743
743 1853
457 743
743 1853
743 1853
1853 459
1853 459
1853 743
457 459
459 743
743 1853
459 1853
1853 459
1853 743
743 1853
457 459
459 743
459 457
459 457
457 743
457 1853
1853 457
459 457
457 743
457 743
743 459
459 743
457 459
459 457
459 457
457 743
457 1853
459 743
743 459
459 743
863 459
459 457
459 1853
1853 457
1853 743
1853 457
1853 743
743 1853
1853 457
1853 457
743 457
457 1853
457 1853
457 1853
1853 457
459 457
457 459
457 459
459 1853
459 1853
1853 459
1853 459
459 743
457 459
459 1853
1853 743
1853 743
459 743
743 1853
743 1853
459 1853
1853 743
1853 459
459 743
1853 459
459 1853
459 1853
1853 743
459 1853
1853 743
457 1853
1853 457
1853 459
459 457
1853 459
459 743
743 459
1853 459
459 1853
1853 743
459 1853
1853 457
457 459
863 457
457 743
743 1853
743 1853
457 1853
1853 459
459 743
459 457
1853 459
459 743
743 457
457 743
457 743
459 457
457 743
743 459
457 459
459 457
457 459
1853 743
743 459
459 1853
459 457
457 1853
1853 459
863 459
459 863
459 743
459 743
743 863
743 863
863 457
457 1853
743 457
457 743
457 743
743 1853
743 457
457 1853
1853 743
1367 863
863 457
863 1853
1853 743
863 459
459 743
459 1853
459 457
459 457
459 1853
1853 457
1853 457
1853 743
459 743
743 1853
1853 743
743 457
743 457
1853 457
457 459
457 743
743 1853
863 743
743 1853
1853 459
1853 459
743 863
863 459
863 1853
1853 459
1853 743
863 743
743 457
743 459
743 459
863 459
459 863
459 457
459 743
743 457
743 1853
743 1853
459 1853
1853 457
1853 457
457 1853
1853 457
459 863
863 1853
1853 743
1853 863
863 743
1367 863
863 1853
863 743
863 743
743 459
743 459
863 457
457 743
743 863
457 459
459 743
459 743
743 863
457 1853
1853 863
863 1853
863 1853
863 459
459 863
863 743
457 863
863 1853
1853 743
1853 743
1853 457
457 743
863 1853
1853 457
457 459
459 1853
863 743
743 863
743 863
743 457
457 863
457 863
457 459
459 1853
459 863
863 743
863 743
459 863
863 1853
863 743
863 743
743 459
459 863
457 1853
1853 459
459 1853
1853 743
743 457
1367 743
743 459
459 457
743 1853
1853 1367
1853 1367
1853 863
863 1367
1853 457
457 459
457 863
863 459
863 1367
1853 459
459 457
457 459
457 1367
457 863
457 1367
1367 459
1367 459
1367 863
457 459
459 863
1853 1367
1367 457
1367 457
457 459
457 863
457 863
863 457
863 459
459 457
863 459
459 863
1367 459
459 863
863 459
863 459
459 863
1853 1367
1367 863
863 459
459 863
1367 863
863 459
459 863
1367 863
863 459
863 459
459 863
863 459
1367 459
459 1367
459 863
459 863
459 1367
1367 863
1367 863
1367 863
863 459
1853 1367
1367 863
1367 459
1367 863
863 459
863 1853
863 1853
1853 863
1853 459
1367 459
459 1853
1853 863
1853 863
459 1853
1853 1367
1853 863
863 1853
459 1367
1367 1853
1367 863
863 1853
459 1367
1367 863
863 1853
863 1853
743 863
863 1367
863 1853
1853 1367
1853 459
459 1367
1853 1367
1367 459
459 1367
1853 459
459 1853
459 1853
1853 1367
1853 1367
459 1367
1367 459
1367 459
459 1853
863 1367
1367 1853
1367 1853
1853 459
1367 459
459 863
863 459
1367 863
863 1853
1853 459
863 1853
1853 1367
1367 459
863 1853
1853 863
1853 1367
1367 459
1853 459
459 1853
459 1853
459 863
863 459
863 1853
863 459
743 1853
1853 743
1853 863
863 1367
1367 743
1367 459
1367 863
1367 743
1367 459
459 863
1367 863
863 459
459 743
863 459
459 743
863 459
459 743
1367 743
743 459
459 863
1367 459
459 1367
459 1367
459 863
863 459
863 1367
1367 863
863 1367
1853 863
863 1853
1853 459
459 1367
1367 743
743 1853
1853 1367
863 1853
1853 863
1853 1367
1853 863
863 1367
863 743
743 1367
863 743
743 1853
863 459
459 743
459 743
743 1367
743 1853
459 1853
1853 1367
1853 743
743 863
863 459
1853 459
459 1853
459 1367
1367 863
863 1853
178 459
459 863
459 863
863 1367
863 1853
863 1853
1853 863
459 1367
1367 743
1367 178
178 743
459 863
863 1853
1853 1367
1853 1367
1853 1367
1367 178
1853 1367
1367 1853
863 1853
1853 178
178 743
459 1367
1367 1853
1367 863
863 1853
863 743
743 178
743 1853
1853 863
1367 1853
1853 178
1853 743
743 863
863 743
863 178
1367 178
178 743
178 743
178 1367
178 743
178 1853
1853 743
743 1367
743 863
178 863
863 1853
1853 743
1853 1367
863 743
743 178
178 1367
178 743
743 1367
1367 1853
743 863
863 743
459 743
743 863
863 178
863 459
743 459
459 178
178 459
743 1853
1853 459
459 1367
743 1853
1853 1367
1853 1367
1367 863
1853 178
178 863
178 459
1853 1367
1367 863
863 459
863 459
459 178
178 863
743 1367
1367 178
1367 459
459 863
1367 863
863 1853
1853 1367
1367 178
1367 863
863 1367
743 863
863 178
178 1853
178 1367
1367 1853
178 459
459 1367
459 1853
1853 1367
1853 459
459 1367
1853 1367
1367 178
863 459
459 863
459 1853
459 863
863 1853
863 178
459 863
863 1367
863 1367
1367 1853
459 1853
1853 863
1853 178
1853 1367
1853 863
1853 178
178 863
863 1853
863 178
178 863
459 1367
1367 1853
1367 178
178 863
178 1367
1367 459
459 863
1367 1853
1853 1367
1367 459
743 1367
1367 178
178 863
1367 1853
1853 459
459 863
1853 863
863 459
863 178
178 459
863 178
178 459
178 459
863 459
459 178
178 1853
459 178
178 459
178 459
178 459
459 178
863 459
459 178
459 863
863 178
863 459
459 178
863 178
178 459
459 178
1367 863
863 1367
1367 178
863 459
459 178
178 459
863 1367
1367 459
1367 178
178 1367
1367 863
863 459
459 863
743 178
178 1367
1367 743
178 459
459 863
863 1367
459 1367
1367 459
178 459
459 743
459 1367
459 863
863 743
863 459
459 743
178 743
743 178
178 863
863 1367
743 863
863 1367
863 178
863 1367
1367 459
459 178
459 178
1367 459
459 1367
863 1367
1367 459
459 1367
863 459
459 1367
1367 863
459 1367
1367 863
863 1367
459 1367
1367 863
863 459
459 1367
743 1367
1367 743
743 863
743 459
1367 743
743 1367
1367 863
1367 863
743 863
863 459
459 1367
1367 863
459 1367
1367 459
459 1367
743 1367
1367 459
459 743
459 743
743 1367
743 1367
1367 743
459 1367
1367 459
459 1367
459 1367
1367 459
1367 459
459 1367
1367 459
