2000 2000
236 944
944 1282
236 658
658 1524
658 1048
1524 1946
1048 1274
236 458
1946 1258
1946 834
458 867
236 1572
1946 1624
867 369
1048 1883
944 277
944 97
658 661
1258 298
658 1860
97 263
944 136
1946 1270
1572 885
298 453
277 1216
277 791
661 1259
1216 294
834 173
298 1430
294 1220
1048 935
1216 953
661 1219
173 1595
1282 169
458 230
1270 680
1430 1713
1216 1560
1282 1907
661 1254
1258 1876
1048 375
1259 1756
1259 1349
1216 1648
277 1854
953 939
294 886
886 1408
294 536
1946 238
97 739
1254 107
953 1095
1595 387
1648 354
680 529
277 49
867 662
791 1052
1349 1744
791 757
1216 1320
387 1389
97 1515
1219 1695
1876 42
791 496
1560 1294
263 150
1744 1058
1560 827
453 1267
1883 1434
169 1032
1095 1286
496 1559
680 1846
1648 740
277 1359
1946 162
1216 642
173 877
1756 127
1259 645
529 1157
939 774
1876 338
740 488
1258 1837
127 208
173 538
1430 711
208 1012
173 1679
662 247
740 337
97 1031
1095 1970
1058 78
645 1853
337 1174
136 443
1408 567
1946 331
236 385
953 902
944 194
1219 13
1883 94
935 784
375 1749
774 750
1515 459
885 1894
1259 914
645 1446
294 814
173 1872
294 1342
1876 1523
385 284
1320 752
1286 1290
1430 807
1282 1082
536 1721
1624 1902
1756 1435
1970 789
1756 1934
711 1839
1095 1924
1435 1564
230 1488
49 295
1359 1660
902 742
538 997
1839 490
1031 248
1058 102
385 882
169 1623
1560 1057
791 1376
107 16
1744 1716
298 73
885 187
1744 1960
1854 1424
1408 1584
1523 1882
1359 157
757 1192
194 1748
529 163
1048 646
1095 660
944 653
1934 940
1435 1039
807 1070
78 1656
1872 258
658 1064
1349 429
150 1786
1430 269
107 262
1837 223
1648 1325
375 1501
294 1751
258 57
269 519
1907 1866
163 1138
1138 1714
387 629
1744 1239
78 1287
42 1447
127 1526
1359 1880
645 199
1032 1240
1751 875
238 673
997 848
1907 894
1860 1212
1286 1848
1853 444
1756 1310
834 229
1070 1228
169 314
1192 144
629 684
262 801
834 1732
1282 1646
1216 1578
1219 1674
1258 1542
791 1076
953 1132
827 652
369 1619
1960 1963
742 918
1749 1686
1721 1608
294 140
1359 635
1290 1666
1430 1743
1894 481
375 1018
1894 438
194 50
1756 1117
1743 469
1853 1940
97 510
875 537
294 1188
789 1512
338 998
1216 967
1714 307
935 691
263 1268
680 372
1512 202
1940 197
94 1180
1648 1941
187 117
827 1615
202 317
1220 365
1064 1363
117 22
684 767
1039 108
1258 1525
1274 408
1584 128
1666 876
1359 769
331 587
1157 382
197 1919
1970 132
1941 946
269 904
1501 1870
102 809
337 379
1595 1600
108 377
375 1042
967 323
1615 343
1363 1122
538 1385
1430 1045
1839 1021
438 596
42 1137
537 275
673 1851
653 557
1940 81
1940 1299
1870 601
263 1724
827 835
1180 495
1408 1187
1188 1965
529 1033
894 971
827 384
1082 1547
1446 1419
429 214
453 1877
914 831
784 1858
1070 131
739 1348
459 90
1656 1651
1941 1127
997 1648
529 511
875 901
1117 966
78 668
247 1727
258 184
1320 1567
1648 1884
1076 1271
557 1915
966 1303
894 1464
1839 1806
684 1026
1876 151
1138 1068
1117 1279
894 756
882 749
750 6
767 1025
263 1698
1268 1275
971 389
1698 880
136 641
57 1006
1963 400
1464 1217
1045 857
238 1472
49 325
791 698
338 1085
1267 174
173 821
510 948
946 508
128 414
1057 564
757 313
78 1656
801 1985
1559 1510
750 1250
1846 1170
1698 1111
94 1642
1619 1945
49 559
1870 218
275 1020
1567 1183
1714 883
1488 301
1515 1096
814 856
262 1511
835 463
1660 455
202 1284
258 1849
323 139
469 1640
1217 1710
1348 526
150 1195
1724 873
883 1458
1941 415
1870 1007
343 800
1567 1816
997 484
1615 1633
662 720
1560 1495
1435 1916
284 1726
856 1247
1259 891
269 982
510 1053
1026 906
680 145
42 1483
230 1576
653 1982
1052 840
1058 143
1894 1607
1018 293
90 99
662 109
740 1809
1744 68
277 969
481 1118
969 811
1447 291
127 1362
269 1594
1363 390
645 788
940 1335
365 563
1250 1743
1157 7
117 1669
173 1414
463 1983
169 1802
997 1779
658 910
658 1832
1284 404
1710 1793
68 133
1714 1041
1564 1249
1640 356
1970 730
1615 270
174 424
1624 1128
1806 1765
128 1888
1042 1931
202 486
564 1203
331 506
508 1973
1963 1134
169 1623
1111 659
668 1120
1846 1549
269 1393
1192 1704
90 216
1934 1399
1839 401
1941 1641
997 1822
1389 1561
1435 1103
375 586
1608 1242
834 330
635 526
809 950
1012 787
809 1563
1183 1523
1619 759
400 8
967 705
1271 843
1973 599
197 1745
660 589
800 604
78 1072
1188 704
950 1986
1117 293
1250 1116
834 124
1724 339
184 451
495 619
1187 1833
668 1459
1501 1129
469 1237
269 1893
1012 165
1076 36
1716 1104
1888 468
1188 80
906 1601
1806 250
1048 58
1960 33
1907 1152
1290 683
1458 449
379 286
58 543
1941 177
275 470
1646 723
6 1794
1137 1535
1679 1675
589 618
589 606
739 655
1258 232
1435 777
635 1969
1884 25
750 734
313 1427
1547 1378
1393 134
390 865
248 855
354 1293
1220 647
662 1073
586 353
301 1295
1714 830
684 678
1809 1617
1472 390
1745 1801
1524 1113
424 1324
1064 1597
1714 560
128 957
6 330
1134 809
1447 515
734 714
379 593
127 1539
1152 857
848 1477
948 1471
330 569
940 932
1483 1264
1117 1448
1877 1847
68 194
1103 922
821 514
1851 794
230 936
284 176
1794 1238
338 633
683 530
57 984
269 1298
1032 1122
1359 1990
1727 1325
1118 1407
1132 1125
538 1921
827 1133
1448 373
560 830
633 1586
1660 670
618 654
801 725
323 1562
1188 869
885 1708
537 1592
134 1179
725 1165
1576 635
6 1797
683 746
882 1165
1708 1271
495 528
526 266
966 110
1117 241
1990 605
830 663
323 1361
1393 265
971 1904
337 1419
1801 1309
1096 233
787 1605
184 1599
187 813
294 555
821 989
1578 520
1048 1831
275 1071
298 1634
1064 1638
971 1129
295 347
375 1390
673 1160
944 837
807 595
458 33
1299 808
1118 1957
1174 1233
468 291
661 1996
323 73
293 1162
1876 1089
1018 1009
1138 1060
1052 805
680 1144
216 1599
233 1382
684 332
1220 1360
1165 427
390 1006
1931 1731
1794 402
645 1604
1249 1835
1048 1437
1360 1351
238 1071
1113 228
1809 500
150 399
564 1823
332 1364
1242 1715
332 486
811 1522
1539 361
1744 696
904 115
247 1563
586 1411
1802 634
132 51
1970 244
1744 930
484 1845
1745 637
740 863
1578 1221
1726 1207
801 1999
642 1043
1448 1939
1430 1244
510 1119
107 1736
589 1657
1985 1591
1710 79
1853 1991
1704 1100
678 1865
194 1911
110 1377
1945 290
176 1968
323 1614
238 1514
1249 113
1279 260
1195 375
1152 501
940 452
184 1712
684 24
1488 442
325 979
705 754
969 120
429 1100
1744 717
1274 524
696 192
1267 879
808 1770
1695 1445
400 1108
277 1040
619 944
1865 749
800 371
698 231
997 1739
241 1511
1846 366
1831 1786
696 1566
1572 158
906 1177
338 24
163 517
199 18
427 71
313 736
641 697
58 1975
314 934
1320 758
883 628
1511 478
163 540
752 250
1085 465
1749 167
42 234
1724 1798
1634 657
1710 1317
1822 1036
569 369
1064 303
720 280
110 1150
1390 1655
18 942
1797 1974
843 1275
25 994
1594 961
301 1094
645 1571
465 1662
353 166
944 628
379 760
807 1598
1270 1744
734 726
490 1247
1459 1870
563 1236
998 1895
1907 1101
1295 1864
1983 1779
187 181
443 1932
1183 1100
1996 815
1031 989
145 1611
415 1587
1931 1725
865 565
486 1017
414 1962
657 1139
1883 639
199 825
1563 480
1039 1556
1320 1275
794 533
339 1868
863 1906
1563 1819
187 1198
538 492
537 429
181 1775
1152 549
533 1473
1946 1342
238 912
835 1961
1018 709
944 1805
1860 1717
1157 1431
788 1015
128 1719
1040 584
1858 37
1068 643
1053 1425
508 198
133 628
18 732
1991 293
1132 1621
1607 1935
427 1415
1216 1617
6 1782
510 830
902 1124
1157 1103
752 410
1819 1114
1704 507
307 152
619 775
1648 1010
1010 156
1748 1594
1298 1074
1798 845
484 1746
453 1644
1940 611
639 295
1446 99
1010 1332
1924 755
1282 273
1996 300
1510 1717
16 1168
673 1935
1448 924
373 70
1415 748
865 1628
1945 1260
767 1020
565 279
1894 710
234 1455
1118 1399
777 780
1376 1808
1471 1633
338 1118
1935 871
875 1922
263 1185
307 1037
1076 622
8 1262
654 1426
1736 494
1866 1909
1495 1232
774 1229
1048 1790
459 1071
1104 426
840 178
1731 1098
1286 638
356 1433
514 1678
1572 1517
746 409
270 1804
1060 1498
1542 1572
260 1795
705 155
984 429
313 402
940 1586
1833 1594
1595 1238
469 672
1919 1396
660 1771
202 1613
1041 405
777 1818
469 338
1108 1603
1262 1764
1805 1458
1945 254
1168 1827
1633 1953
1765 472
1411 1558
1599 1785
1219 243
1628 1355
875 1788
638 1413
1180 495
867 1395
801 1173
102 1010
587 1925
1426 271
1848 1630
1823 188
969 1470
606 237
1242 1402
1217 1474
472 588
856 225
886 1682
254 787
1686 1319
223 958
1260 1630
979 0
1363 493
131 45
1866 1817
704 1013
808 1723
622 888
1817 1828
1293 895
1132 669
1445 179
595 1253
1744 104
957 1666
387 1735
1415 103
589 371
543 1553
855 1156
113 1400
1746 1549
895 1649
1127 172
653 1997
1168 836
1447 1400
353 860
1116 1023
443 376
1735 552
216 854
1884 1419
1053 783
1006 846
801 440
139 685
1045 512
280 1107
1299 1882
1539 1607
876 933
1909 1376
967 385
1848 656
1598 1741
1916 39
918 737
375 620
1025 616
604 50
1678 149
1739 1301
663 393
808 678
691 931
442 651
1817 963
821 411
752 1568
1310 461
343 145
1411 1706
1446 531
73 1086
659 849
1832 788
1244 1245
939 255
809 114
1717 62
62 559
1817 1820
834 116
1756 250
669 1295
1605 1367
821 908
827 1626
13 168
661 1057
214 1239
1744 307
908 1841
1820 44
599 209
1270 790
641 351
1524 1452
865 1809
1361 257
557 363
668 1781
173 1109
657 529
1771 1336
834 1311
1113 321
634 527
1845 1029
1072 502
1860 579
1614 914
1907 1330
461 1995
404 1161
1483 823
639 1084
1052 785
415 491
1586 1343
633 993
641 891
323 741
58 712
1221 1589
1400 1428
1916 1368
755 134
1853 1121
104 636
1452 574
1233 175
748 1518
1525 1508
255 1388
1414 1191
1744 342
1568 329
124 1469
1402 1692
588 189
584 246
260 121
633 644
490 1061
0 1779
1797 1506
1614 1923
115 372
1712 734
486 185
37 1829
399 269
1094 1526
1808 249
265 874
1739 1589
1817 1720
1832 1594
1595 214
233 1886
930 1204
1342 1269
1860 1742
794 600
469 1218
1941 1635
1301 1314
567 716
1043 182
1835 426
1104 1102
229 198
775 602
102 1214
922 1190
1655 1476
270 35
1262 1264
132 1823
444 1410
1986 770
1746 1731
1587 1379
1786 1476
90 548
1828 951
1259 319
1007 1209
653 1780
586 304
238 948
1924 1370
1932 735
1997 469
737 1344
1968 1347
1744 351
208 20
266 1799
888 358
1633 1266
877 529
1377 469
1410 1497
1644 1319
1827 62
1713 855
1598 138
1853 1664
414 719
874 1384
1095 1636
1290 1570
1266 1312
250 1984
1860 212
602 514
1041 766
231 1697
39 1869
563 810
1052 346
644 291
175 400
156 564
427 713
600 174
472 1411
1188 886
185 1658
1934 695
894 1550
758 336
1745 620
438 534
317 1783
1395 660
356 861
1906 1054
645 1749
490 814
1400 981
1160 89
680 1597
997 1471
1170 1320
136 1650
1854 529
373 1124
645 1495
931 554
1284 1730
1303 1347
1566 1615
1359 1233
323 694
735 687
115 868
1121 721
1751 1029
424 388
1183 609
1642 110
181 1654
969 1867
629 1878
468 1214
481 287
1150 1044
811 201
225 203
1839 1274
1006 1005
526 1528
1720 1516
1220 417
801 1169
1082 66
8 500
942 1722
1678 1768
1650 139
1351 834
1894 4
1611 725
1144 1902
363 436
218 91
1009 23
1746 392
1459 469
1882 1776
536 859
1279 1063
1731 911
225 1411
263 1865
36 1202
1904 976
143 93
1566 570
645 1027
57 452
1187 544
1997 241
1270 1700
1071 1208
790 1085
44 426
1086 1734
1347 1905
830 978
1626 222
1764 1491
835 586
248 1432
939 1228
641 1726
277 862
234 194
758 1688
1915 59
1220 1482
1168 1343
647 226
644 1723
1819 1407
912 658
652 252
114 578
33 0
286 990
1250 217
848 1856
351 751
1734 965
1156 493
1849 255
184 970
304 582
132 1336
1999 1703
633 363
1411 55
635 1281
1018 1220
544 1033
338 428
133 1626
1675 254
1523 940
1239 1019
120 871
104 1470
1287 1684
1183 672
1045 359
604 148
555 1952
739 1236
387 1057
1214 1352
172 1956
492 703
1187 899
1094 1133
1962 1529
1060 759
1351 1970
197 1609
1309 1936
1254 442
720 708
1686 1616
55 306
1609 73
375 372
217 1436
472 616
1242 1736
1594 432
80 1893
1894 1066
1100 628
217 1890
45 1918
1424 1541
1572 1901
1437 561
401 242
570 787
1410 1102
811 1261
1679 818
1749 1133
197 952
1363 903
1780 1060
554 1640
440 1060
347 6
1128 976
1294 1703
1488 95
1027 890
1657 846
115 126
633 1804
1433 919
375 1523
66 750
231 1370
740 441
1237 1987
1104 489
108 856
1549 591
291 1030
1739 1240
1587 999
1237 362
931 1181
1756 396
149 1201
158 6
530 1249
1432 31
1390 1038
931 1024
1648 435
1716 887
1250 1545
203 489
1037 207
116 399
1601 1019
1470 1388
529 973
1975 1308
1721 412
1572 1163
1819 413
1269 1424
560 1102
1343 450
450 1051
325 60
375 1199
1348 1649
502 1450
1382 1331
1086 235
173 1283
646 481
301 1818
1120 1115
102 68
697 1120
484 1579
646 459
1118 462
1138 1915
1704 170
1472 833
1996 949
559 1502
1997 1797
742 606
1679 957
1801 1241
99 1743
260 538
472 1525
1448 801
1968 398
528 1979
695 123
94 1972
874 422
1932 598
638 1383
506 463
904 1472
596 1020
102 407
1695 1860
126 821
1032 1347
883 1529
280 1880
39 898
1281 1045
1990 1815
1717 326
1510 289
1446 951
512 195
1576 1851
342 770
271 556
1012 86
1103 23
1990 734
461 267
1427 1531
438 1346
1785 980
86 1862
440 1977
1965 855
766 1605
1708 1637
452 1696
876 1575
584 947
109 3
1743 1189
248 1873
794 531
1605 1504
197 905
486 1860
720 547
1604 709
405 999
440 1876
940 985
1563 1854
1108 729
181 886
199 362
780 10
574 1734
1561 918
1294 1811
455 1172
1697 84
1383 1965
121 1450
173 1083
1572 1228
1017 1947
1768 1645
1865 457
932 881
1799 1753
726 1369
531 1146
719 338
1936 1263
1170 912
1924 998
1448 1976
1029 1502
876 728
1607 513
1152 1698
148 851
1703 766
293 1087
910 1439
1849 347
1723 1035
1202 977
132 1978
102 1173
1832 1321
713 517
1033 644
1349 170
336 1599
6 1877
911 854
1829 839
622 385
860 446
759 1110
620 243
307 1148
427 481
1066 1843
36 1424
910 1202
1746 1281
1359 325
458 1613
1559 476
1388 1667
1111 1943
1351 1674
1888 56
314 374
1512 632
208 957
712 517
155 1854
809 1277
862 1668
89 486
766 10
1058 920
1556 1083
1506 788
760 332
1432 1269
1668 1274
1715 877
226 1212
851 1807
646 1298
258 553
42 1410
1342 1877
834 622
1275 1077
655 713
1179 1720
639 1542
1782 1619
1649 1168
593 1419
50 332
257 1221
1595 312
1435 650
1972 1537
89 792
1742 113
1060 73
1471 583
1446 973
49 1222
848 1483
1798 926
1474 1154
1169 1693
636 97
1617 1424
1430 1368
1015 1182
1776 71
737 1226
1847 1860
1114 1598
1102 701
1925 1759
766 1750
840 1087
1905 639
148 1344
1716 391
1448 1296
736 1135
1704 1196
543 751
1311 6
1921 533
1589 793
1818 1271
1919 1418
1427 181
424 1283
243 509
531 68
1286 166
1283 238
1267 1282
1477 572
144 835
825 1652
1393 1092
79 315
59 626
1783 1422
432 1327
1115 798
1986 1918
1408 1830
684 1446
1139 944
398 718
1219 923
1170 64
494 1468
1217 686
651 514
821 1432
372 1831
1446 1129
71 1885
1207 1465
970 1828
167 1124
1026 1720
556 287
1522 264
323 944
1411 1143
1335 1231
930 308
300 638
569 1024
770 728
515 1973
1750 985
138 1523
1402 1976
179 1380
1058 27
1523 1822
1082 4
343 710
1173 648
919 1810
808 1027
1600 1364
1819 1545
1697 634
313 1331
1771 1502
1662 99
698 282
1999 1172
1869 1823
1434 1173
1806 1687
1129 1432
648 801
410 530
449 1088
1975 11
1100 278
90 1489
1054 1895
223 610
735 96
636 1639
1782 861
648 1213
851 802
1542 799
1188 579
330 680
1187 1473
126 1257
427 535
1477 7
279 627
831 548
282 811
695 1894
1335 1145
382 428
312 150
493 302
1991 14
465 120
50 1594
492 1788
1332 549
1795 1255
680 46
1010 1675
903 700
1060 300
1720 1648
1489 53
438 1857
601 1367
1472 1695
1721 915
788 790
759 1545
1312 1815
668 760
1188 1416
1203 1485
50 66
904 520
1395 1667
605 227
1804 1821
596 351
802 593
1469 1363
859 144
415 366
25 192
1786 61
1614 1079
958 731
197 132
10 1198
225 595
1259 717
1192 1721
638 357
139 1333
1036 1596
721 867
1713 573
559 1102
730 1196
660 348
1083 1019
891 298
1939 124
357 917
1820 1496
1592 1487
1070 410
1204 88
1156 1521
1715 1221
1642 381
1346 1367
1853 130
179 1762
901 25
1965 1664
998 1531
104 636
1997 298
1884 430
1320 1902
384 1762
1437 218
637 1283
136 690
1010 465
1636 1123
1174 530
1957 1541
1146 1174
775 183
391 1043
989 1993
1864 1326
1727 328
519 368
298 1664
1295 376
634 57
1698 606
1362 1487
96 1857
1512 495
90 394
868 1539
1872 1837
375 545
668 1577
933 1641
336 1107
1870 969
363 1766
1771 851
1877 1250
184 1117
1310 1571
578 901
1284 153
633 110
1575 1548
438 1465
697 1808
1608 1016
1642 721
1172 1438
1491 1098
678 415
1736 1772
739 1555
509 35
124 1636
277 935
134 1514
1368 212
430 622
347 1869
1083 406
1714 649
582 1228
1015 1336
1346 573
1048 813
526 1429
898 1521
910 1678
1655 956
596 1840
784 442
908 343
331 841
520 1983
1244 322
1052 880
882 20
1389 1501
830 1826
732 1586
1110 1075
528 85
1848 783
93 565
470 316
1122 383
1369 1690
810 343
931 324
401 1740
1727 331
1389 1877
1188 335
1975 62
920 1559
1515 1947
865 1170
982 1137
208 1370
1731 61
158 1956
534 477
652 587
957 460
869 1326
1821 520
1326 1838
552 25
95 1882
329 1431
233 1405
890 990
1089 801
1780 638
127 1838
932 1264
158 350
465 499
1528 112
800 1835
275 172
440 726
373 74
236 1054
903 210
1064 567
1839 623
1963 602
911 1345
885 698
1021 994
848 1404
1609 949
1303 735
424 872
361 865
1160 502
85 195
770 778
1660 610
167 1150
1793 1135
315 889
1783 449
1931 1872
1550 464
775 959
510 1675
1504 17
1845 856
1025 1272
918 1706
805 442
1053 1941
857 1506
1772 1728
1722 1904
1217 750
926 981
1308 973
875 447
1418 506
1587 705
825 1031
1301 703
169 1652
1445 82
1040 1328
950 759
1902 1404
81 804
1415 533
1196 802
1690 644
1012 1819
949 1373
1290 1857
1107 48
1043 625
1932 882
1277 1860
484 891
436 57
798 53
93 140
103 1502
1360 1274
800 490
519 1382
1427 1676
1468 1895
914 1605
1236 1054
302 1820
1921 1107
1473 1151
109 43
1838 555
1716 1753
791 320
1524 1604
636 249
1317 137
1987 1962
1984 299
1788 1742
559 788
1579 917
322 1069
1260 762
188 150
414 1757
470 1706
1835 1275
1935 145
899 1276
1328 224
108 1397
390 436
1750 829
1419 195
1111 760
1658 1087
33 792
1221 824
1069 355
375 1244
946 254
1765 197
1019 242
1267 112
151 1743
394 516
531 1815
1037 1767
1742 1081
1963 1559
271 1506
144 1021
1023 1383
587 1186
1985 1269
1407 194
1094 1013
1428 1531
1501 477
8 992
1208 1645
695 853
1878 1816
1407 1826
853 1510
81 223
506 1660
906 104
1044 201
1191 1942
1750 830
934 378
658 903
1906 1752
889 1606
170 842
430 981
1886 745
1995 1762
635 957
331 1317
99 1561
1865 1216
438 1092
1402 1796
429 254
1595 638
1287 682
71 360
1399 1549
1293 1912
1759 1809
95 1072
451 221
633 501
1626 1856
120 923
