2000 2000
466 347
1906 1039
168 676
760 1433
168 1086
466 1787
168 470
1319 852
168 1458
1677 1028
760 727
1682 1448
727 1554
1514 1979
1787 824
1319 28
347 839
168 672
672 1295
672 1946
824 725
28 963
1787 864
839 542
1554 651
1039 1965
1677 1212
1787 1720
470 830
168 586
542 1218
727 478
839 313
313 1942
830 110
1900 1451
470 25
1554 98
168 176
1319 398
1900 1784
1514 1255
1965 112
824 171
864 496
1946 273
1946 916
839 1478
1682 1371
176 984
963 1365
1371 448
1371 91
830 1464
466 264
1433 549
1478 1520
1979 1142
672 910
1218 1620
1906 52
830 1310
1028 1356
91 1341
1086 1465
25 321
1478 1292
1500 1763
1310 142
1212 942
1028 1837
963 252
963 1660
176 1157
142 1497
910 1003
25 9
28 1962
586 658
1784 122
1979 232
1465 911
168 141
273 417
911 1062
176 623
1514 1931
171 1426
586 411
1942 815
1295 1156
411 245
25 1279
1900 1186
1279 729
122 1091
1962 1575
1946 1850
1365 161
245 1363
1365 1817
1900 1234
1451 1044
651 1945
725 136
52 1530
273 371
398 1378
911 617
1044 1013
586 493
1212 362
1497 1991
672 1840
141 698
984 1267
1575 1613
1962 881
321 535
1142 465
466 1832
1575 1917
321 592
1319 327
698 1133
176 1971
362 856
232 923
824 312
1464 430
9 1857
676 513
1319 1056
25 977
658 1008
112 1043
313 1198
1279 952
25 1121
110 1273
963 1952
1763 267
856 780
466 759
1832 1774
1946 440
168 1589
1378 386
513 1855
1991 194
440 231
1363 23
496 1434
1371 463
1837 1933
651 1863
911 1427
916 1688
1319 782
168 970
386 220
672 1561
1465 1548
592 431
911 1959
672 1240
1682 1030
1186 1456
1991 78
911 1778
592 1260
122 732
824 1601
864 487
1900 367
1056 1261
347 763
970 1136
273 1372
1962 1010
1620 1184
727 512
1514 767
478 1611
1952 456
780 1977
1613 1936
1261 975
98 54
1427 837
1086 74
1371 1031
1341 1591
760 1491
864 213
25 1115
815 256
1857 832
1677 607
911 511
161 1553
194 1245
470 904
1952 1801
1031 1289
1917 948
923 677
1991 1581
470 1966
1906 129
1979 359
1448 1231
923 1069
478 988
1863 166
430 1238
1142 1653
542 545
1966 10
881 573
725 1558
129 370
759 1222
252 1381
1156 96
916 1925
431 1224
91 198
1837 1729
430 1058
493 1119
623 1087
194 908
267 1336
1240 1807
1478 697
1381 876
54 635
952 1907
1611 1526
513 1419
1336 863
830 1360
1157 1124
1156 1655
231 587
1952 251
729 497
28 15
677 486
245 629
1465 1744
1729 209
371 757
1273 1502
1778 966
1942 89
1372 1066
676 1536
1426 1597
1906 1621
729 1522
1255 481
635 1625
448 62
9 1264
1863 68
1946 611
91 92
1013 1912
676 753
767 1760
782 1920
1500 1854
1295 388
321 48
1238 805
1925 1168
487 866
592 1096
780 575
1168 1897
1434 155
1597 41
1031 595
1058 1476
1448 127
1677 1372
759 1635
1561 1383
54 1017
417 790
977 446
62 946
975 1232
1925 983
573 924
312 456
155 17
232 877
321 219
1136 1957
1419 19
1837 85
672 1623
1912 1505
465 1151
757 806
496 97
371 1788
1136 1934
1465 218
362 1317
805 882
74 1115
1013 1485
398 660
1433 1211
1212 1138
161 1507
171 501
975 1202
362 771
155 1622
595 307
1264 1515
28 1904
1620 1387
1965 1016
988 377
478 1402
1977 1926
1548 636
1807 1555
98 524
209 244
1261 1299
367 1557
1402 868
760 46
697 111
213 1079
511 252
1319 915
763 1435
252 1919
1946 65
698 1236
1151 1782
1245 962
1013 1974
493 1269
1028 488
1028 35
904 144
970 1827
830 1821
1660 1997
1465 382
97 956
1553 337
1136 369
946 1839
1925 84
111 518
1957 376
882 1513
1926 1400
1904 832
542 475
1677 1955
487 1671
171 1745
1784 1408
677 1866
1202 1991
1965 1270
1591 673
511 332
1224 591
1497 1716
1977 27
1236 186
607 1209
977 1241
267 1492
1186 346
592 887
1236 1740
1784 788
607 1772
1611 163
1621 1813
1813 997
1066 1748
1044 992
369 1132
1402 581
1426 468
1238 624
984 305
136 1420
1513 715
19 1759
727 45
481 775
1299 300
1991 1140
78 945
1965 805
166 1082
1058 1326
1043 752
155 391
23 292
141 157
1270 378
25 266
1677 1544
782 625
945 1222
1688 1906
1601 1404
1505 747
493 1097
1224 1001
54 906
790 1984
1966 330
1621 1285
1096 282
524 1940
1625 656
545 1447
1912 1879
312 1498
824 477
1729 1354
112 637
440 1277
382 51
194 1681
1952 406
824 406
1554 1675
1087 2
370 1440
542 1982
775 386
1261 621
1218 1600
1530 646
386 1524
1058 104
1655 714
1363 381
983 1927
1261 1593
448 512
542 1823
1433 1434
963 1182
946 1826
327 663
62 869
1372 1252
430 164
89 593
198 526
1962 366
1056 1906
9 1486
513 454
1966 8
518 197
52 785
977 299
915 521
1451 1775
1363 1989
465 615
1168 964
110 982
1857 955
1601 33
1319 483
1234 380
330 761
1434 1130
761 1276
623 1109
1555 1583
1635 103
1478 1287
1270 1189
591 686
624 1308
1497 892
869 1411
1231 1032
1660 1173
1087 1483
1308 1180
1360 716
1498 1732
1372 1052
1850 716
155 1302
1151 576
378 1738
1530 138
1801 820
380 885
1979 1337
465 1975
946 739
923 1694
673 421
1189 1668
312 1875
983 916
97 1328
1907 1265
198 1771
962 77
763 631
1138 718
171 583
1285 1670
785 422
1363 1518
327 745
1138 195
672 1422
1356 1753
468 1649
1772 829
718 1882
1771 555
496 419
48 1308
1688 1213
231 1849
942 1437
876 341
1774 1335
1326 1771
672 1405
144 616
45 1411
264 876
637 1836
1319 234
1270 1730
1465 1923
1982 1511
658 116
636 67
1837 483
234 1552
1016 527
593 1193
1252 1762
1031 250
475 151
369 40
535 331
168 1549
1926 183
252 410
1086 1543
615 1678
1771 504
1354 502
576 1860
982 1924
1601 1835
837 239
89 534
542 1994
790 1793
524 589
1497 1806
767 77
1671 633
1613 1643
1782 1854
752 1634
327 64
982 522
1287 1948
881 1942
273 1641
942 1499
96 93
1745 1377
1010 1937
305 1872
256 1838
761 1582
1787 203
1422 201
422 950
1716 297
1173 314
305 772
346 696
417 1680
1927 1495
1222 1316
511 540
1086 1428
535 11
1326 684
761 692
581 604
1925 1268
1292 753
48 1153
1180 550
1378 397
583 98
763 87
446 98
144 675
307 789
1850 1085
789 1074
1184 632
1520 1344
359 1263
1677 1462
2 1512
576 1562
975 1125
963 1918
856 1490
1589 1976
607 689
314 1531
540 1176
1125 104
1994 1609
1912 429
775 1728
67 510
1341 34
760 980
1434 1645
1530 1790
496 109
362 473
92 1429
1422 1169
868 971
1904 233
1211 563
1817 1399
446 159
1857 1389
502 44
127 809
1013 308
1292 253
25 1981
1074 1249
663 1038
8 442
692 580
23 609
714 1760
658 1627
1434 858
589 1590
970 286
1451 1606
916 917
1787 670
501 1864
963 457
1526 1443
1912 1135
104 1494
382 143
1269 1621
330 892
624 1191
267 340
1982 29
1635 450
1465 673
714 903
658 1347
616 1819
465 1719
607 857
446 6
1860 1876
1678 1628
378 1172
882 1309
245 254
815 1509
1562 582
1458 1071
1138 99
1263 1556
1806 274
1044 1416
757 723
670 1617
370 1293
1549 922
164 1675
213 556
1513 972
359 1529
77 1240
1926 1521
1748 1881
1553 166
651 829
716 80
760 1717
785 1537
48 443
1198 1799
1513 57
1337 1073
1982 633
632 1201
1991 1741
197 318
535 1177
1492 647
1521 1314
1531 1278
54 515
1936 912
318 1167
1597 1998
1069 358
1627 398
1635 1453
589 1777
1591 131
1940 132
832 1266
512 1080
609 1543
155 536
1740 1345
858 1388
1753 1100
1365 1992
1821 1065
1377 571
677 1364
1668 701
521 803
466 1644
1505 197
1001 1542
1514 289
962 1223
616 1106
378 1871
1775 1651
1389 901
1289 1618
697 1517
1561 1961
1316 726
138 875
292 121
1156 78
1720 710
388 781
1465 309
1879 1072
1427 1117
1623 1206
1806 259
1827 1102
359 953
997 365
715 1533
138 1560
1364 120
450 1579
1741 95
308 1938
1356 215
1548 1183
857 1710
250 1199
6 186
103 163
1601 817
591 35
536 1488
443 1274
781 895
789 1661
549 211
1273 1235
1668 682
1531 1053
1109 331
1488 597
1855 968
977 1237
286 1993
1422 24
1498 1610
581 1103
504 1436
1003 1814
1499 1720
157 849
370 1816
1554 743
549 650
629 1573
1511 734
1103 1700
1274 113
1448 1049
806 1414
788 847
1962 180
406 252
377 1873
1039 1846
1561 1393
1277 1144
1520 1679
977 252
64 1372
903 1229
970 513
1679 1058
456 27
1729 557
198 1782
942 640
1072 641
159 16
1621 1503
997 1256
312 407
386 184
450 105
948 766
1052 94
1581 797
593 1669
549 1471
970 1333
852 801
213 1977
1202 1068
141 564
1500 295
1414 597
1625 1669
852 32
1261 1431
442 1037
1135 225
1872 1729
580 769
1590 1865
857 1007
80 515
684 58
1124 1947
1249 897
10 567
1065 505
62 1141
1486 1213
1222 1449
582 325
1013 1271
701 1768
359 383
501 1377
997 752
1109 868
1082 951
144 1687
463 684
388 690
684 1533
1971 1539
1240 1250
556 1189
1039 1008
1212 822
1618 1718
692 286
563 1694
521 1343
1974 1409
1462 1933
470 721
980 1576
1544 300
515 1636
1201 1412
203 1472
1977 308
1522 1714
592 1022
710 1803
493 647
1356 393
1854 305
46 600
1997 845
1753 1098
1364 1565
1364 364
616 871
468 867
656 1999
1317 1303
1333 125
386 1614
1678 1830
313 1154
586 1476
1010 1932
716 1604
631 84
1115 1015
1411 1206
1651 270
376 186
1263 668
297 1497
203 900
1080 934
983 1469
463 595
442 271
1644 1892
1341 431
980 677
1835 1989
615 1586
597 578
743 1553
233 708
219 1452
1488 560
1840 1280
581 1411
1718 1898
715 446
1100 1190
1491 1290
15 979
512 1890
57 137
1920 529
1476 1978
300 524
1649 1084
1117 1509
815 695
1999 318
176 1363
1213 1988
1209 913
1173 34
1153 1924
856 1765
1512 227
362 14
1835 1585
871 1162
615 612
1319 237
955 1771
906 866
1678 349
341 1214
1212 197
346 927
1522 1221
1393 552
895 1063
732 1248
1236 1641
109 1283
1904 1754
1738 1757
163 444
1937 928
1517 1309
1562 654
493 1639
151 1225
1429 659
1994 69
1066 260
1365 1334
725 848
513 503
1465 374
289 1197
759 327
1491 1603
184 1070
1500 20
1276 1781
1876 1993
299 714
1001 1619
1873 734
1622 1501
670 391
168 115
1609 1286
307 322
1299 1421
617 1798
1498 1188
806 1850
1421 420
444 1035
371 784
650 1759
747 1135
924 1594
10 1191
367 566
1334 625
1062 790
1030 436
1679 212
1966 851
1962 1846
327 246
1759 235
1765 735
1133 730
1801 1743
1976 1067
824 18
1618 1686
184 155
1360 1175
1232 525
1957 1915
1498 701
1277 342
1317 1184
115 1911
1882 170
337 1313
1582 1517
1778 792
730 533
220 1859
723 782
512 1241
364 1664
420 1820
141 840
822 1382
1465 657
1261 783
1109 787
1502 1042
115 430
1740 358
138 1620
1619 966
1977 1233
1520 107
410 1803
1363 920
526 276
1681 1828
953 1019
721 699
763 553
1058 1209
1285 1807
783 1214
915 1570
1594 1212
1991 1842
1781 86
473 221
10 669
1334 1219
1412 970
982 750
1549 181
1840 595
556 1034
1223 818
181 324
1993 52
45 426
463 939
260 1423
1555 1713
1102 288
1873 495
611 1881
1449 823
85 222
533 1939
34 1210
1472 776
51 1107
46 175
1530 1558
194 653
533 633
127 769
125 1731
832 76
1231 1744
801 1626
659 617
858 1897
818 530
1661 919
1222 1651
1981 1765
504 754
589 428
1103 508
522 1228
867 1229
743 810
365 514
1542 1150
527 1821
1813 1033
347 1360
426 46
534 522
1056 385
183 1563
1221 1876
1989 853
386 205
1267 1063
80 1831
1754 1057
529 1152
121 1582
251 1868
359 1415
1354 1421
1664 1953
1140 773
92 1475
1539 730
1382 1152
1549 962
1915 1013
1069 1589
504 53
15 1691
1176 179
109 943
1453 1697
797 121
170 309
1738 1218
767 1668
942 1646
1133 1431
1558 244
1168 435
659 1060
503 152
1427 1824
1144 1448
887 160
1931 1421
1866 1126
699 0
805 1653
647 368
115 649
143 155
308 346
299 1899
1997 1662
1433 1734
1273 1663
1859 1189
1864 965
218 839
801 1587
34 679
157 1992
1978 282
1224 172
1462 1747
19 1455
478 876
699 545
1533 263
927 1421
668 849
1180 256
847 1592
942 691
1521 1102
1440 1060
233 1131
483 843
430 1174
1966 599
231 389
91 244
1627 1457
237 1101
753 1105
161 1324
848 183
1966 1976
1653 1417
1501 1758
691 866
34 1866
132 123
9 1748
682 117
1670 1938
1875 908
1033 420
510 572
179 698
40 1504
1543 397
231 1803
1694 1770
1530 793
1292 1926
137 160
113 1330
829 913
305 1737
729 1163
244 839
1131 1263
621 823
904 387
1515 1561
1865 1368
211 338
1303 491
274 1024
1334 1895
1604 341
1653 1283
1622 71
1451 662
1080 1518
747 1534
1504 1438
1536 1480
1224 1787
1010 1741
1832 651
111 286
1622 993
689 633
876 148
1015 1432
1945 83
470 1813
769 419
246 1204
1542 173
810 147
1961 1540
1740 242
1065 579
1548 1649
1144 1809
962 1300
1540 937
1173 118
378 1152
1144 800
633 860
276 711
1426 1994
1289 569
1319 1256
1626 408
887 819
924 1945
116 1942
1176 1046
711 758
1859 895
1427 469
466 971
1859 815
1435 1346
775 943
830 1312
1483 1141
871 1483
1583 873
662 359
1655 1756
419 1493
1609 1252
1934 1208
1603 1028
24 1789
637 406
564 139
1013 1193
1860 848
589 1050
1074 533
1199 64
1032 379
324 1787
1806 462
1107 181
282 65
1453 72
1234 1178
96 688
677 1637
1330 1800
1066 782
1485 25
885 321
1131 898
1719 1844
1570 1297
984 859
379 748
760 241
18 1454
1988 301
1917 1368
1687 434
148 1681
1932 1957
542 174
1806 1835
823 1445
1687 469
859 1432
1582 449
1125 975
225 1127
787 1008
1328 1226
934 145
583 467
159 834
845 1704
1206 1155
1509 1696
14 857
607 1296
422 1780
1107 1492
1432 1027
852 1300
708 187
1644 1325
318 506
338 854
297 1015
322 1918
635 1179
1162 855
1688 240
1955 1733
152 1527
346 914
117 1088
1198 1923
231 1709
1277 399
567 1177
1335 1987
1483 900
157 1624
1255 79
772 1952
370 1497
431 646
563 444
1188 373
282 957
131 1859
1628 1898
1704 1128
1549 316
1492 1274
1600 941
1115 1257
1091 1517
790 90
117 560
524 1706
116 738
470 1728
259 1116
1977 520
521 204
1536 1354
1643 480
1393 6
1585 133
1241 1277
419 450
817 1752
1062 531
1336 1291
1249 439
1518 272
138 1978
593 1854
945 664
1863 509
417 1727
1507 1141
195 808
1292 1888
725 1885
658 1374
763 1730
829 1707
151 660
1860 318
675 1531
1289 1567
1718 1732
51 850
1544 87
1965 1815
1250 978
1204 1026
1745 1088
1937 1016
411 842
1057 10
1762 299
251 134
747 1709
1141 1377
1085 1966
1728 1492
1502 958
442 844
1660 1041
143 499
1226 1251
1433 1542
1777 597
663 467
1741 508
1175 213
1440 994
1488 534
1947 1963
496 103
1065 474
1864 292
1062 1147
442 847
1536 173
1686 1811
1898 528
512 1415
1231 1582
587 1259
1443 682
1024 503
1377 814
382 1186
1803 164
1992 487
844 14
847 1321
823 223
587 1884
631 1938
1756 886
745 444
1039 866
1835 814
1157 688
331 681
673 228
767 537
609 560
1277 1052
288 1163
1879 458
1636 770
1759 903
1934 1084
1071 280
487 1929
431 1738
718 967
1437 1834
123 1373
1057 707
358 1327
1522 1167
1017 178
1131 644
1513 1005
839 135
466 143
1494 1829
668 1502
1745 1427
1316 1338
1056 7
1163 1112
1758 127
1238 1786
1428 326
1147 1785
540 1509
863 1753
1183 719
892 1322
27 318
1101 862
1250 890
241 40
592 432
951 1181
288 335
982 1468
943 1579
1131 545
264 471
1338 78
1085 535
1565 1946
1798 162
1840 328
1939 1134
1462 866
1966 405
1327 1766
732 1792
1813 1056
1814 892
1953 614
890 39
823 1289
1269 831
649 1121
1974 626
1302 503
898 56
1314 1292
1953 1482
1233 1260
474 1980
920 207
1500 1357
325 1254
1586 1424
33 1113
1899 614
1918 1605
1832 1843
576 808
397 1019
463 1230
1293 491
1610 369
1590 1503
520 1991
1895 617
509 1489
272 1100
446 667
965 1816
51 1299
1313 257
434 1121
33 1115
198 710
656 1922
1843 1141
1855 1612
1624 1701
1839 1281
449 561
1433 1151
750 54
1501 635
1412 307
1237 1084
1245 202
429 193
553 392
121 1475
495 478
1619 1454
820 1750
708 725
1907 630
443 346
992 1099
1173 1026
1892 1631
698 74
527 843
23 1053
1834 1746
528 1501
1336 635
571 1362
1594 1631
1420 639
1383 931
218 1871
380 1583
1465 1603
505 1853
340 1768
64 885
365 482
444 616
1337 159
1753 733
912 459
1651 910
276 379
747 1695
607 1224
1086 538
1345 1976
1065 1836
1277 551
253 580
1204 61
1008 1801
890 1155
600 613
1363 1578
1592 1410
1316 450
1842 1269
583 1411
1782 1602
1578 1052
988 1944
1641 1367
94 607
1485 32
322 899
1934 621
536 1236
110 1448
623 1227
1987 1078
979 115
1605 1179
842 29
962 395
578 295
1707 270
772 356
1540 559
1740 842
1562 1861
1422 1374
852 1185
1224 634
105 1174
1649 583
877 724
1432 402
1555 1382
1133 172
658 1000
1225 688
98 818
1429 1353
1948 1063
769 1085
644 779
1266 41
95 1042
1940 1064
567 884
1618 348
1803 871
1388 1216
266 565
215 131
417 1770
1199 1717
358 1588
1336 1805
273 1475
212 1635
271 237
524 1915
1260 1833
586 85
1066 1650
198 656
1116 723
209 300
488 1222
1680 873
233 486
19 647
903 93
1070 1607
176 1094
1587 1984
1850 1165
1868 663
1069 1246
195 1699
314 1040
1457 145
197 760
15 1784
623 1478
1959 846
1817 1215
573 994
848 1126
1469 796
654 1778
380 65
613 1396
1278 854
842 1056
1074 1257
174 712
252 256
1754 273
263 1418
1859 1477
1381 1524
1697 1842
772 1775
222 120
97 706
1872 63
495 309
1997 1480
1814 833
904 1245
1988 1653
1325 285
1091 104
330 692
917 1530
144 1061
84 1887
1365 34
684 576
1787 1285
48 613
1691 1815
341 1348
581 1824
368 1506
1710 1126
295 959
2 1104
1811 602
91 1371
1130 1606
1097 1829
32 1822
1255 362
0 1341
454 224
1404 1778
1681 1590
1515 960
520 843
1945 1216
1492 767
957 1073
330 1363
1172 539
1737 1929
882 372
372 1824
834 93
763 579
966 1198
908 149
186 1525
1422 1306
1609 427
900 1447
937 1369
91 583
555 1321
1402 1598
115 1660
952 677
1884 1584
346 1773
845 1803
763 1344
391 743
142 1032
597 1103
719 1873
463 1327
871 456
718 331
1623 1820
1493 52
1786 405
1563 1289
597 176
1635 500
1464 594
203 795
1369 1003
141 1795
392 734
1287 1739
892 1681
770 740
920 22
769 1621
1543 490
1713 40
571 881
763 1463
232 874
1411 416
1312 720
149 1352
500 1710
1280 1668
1346 1970
1387 1807
1729 1847
739 857
1756 1463
1353 49
213 385
1389 1361
846 746
483 1551
1266 490
244 433
1162 1230
1815 1528
500 272
537 182
145 769
1072 1719
1680 335
39 1159
462 638
676 51
180 17
1238 309
132 576
815 1176
39 332
222 1646
1044 1813
1924 1706
923 1486
1264 1572
1153 760
667 423
65 1719
1843 289
597 113
928 523
1185 670
1348 404
1295 73
1201 975
917 1040
1119 1782
1536 1517
1671 1313
471 791
1353 1502
550 680
444 973
1280 1477
1005 157
946 331
1041 281
1890 271
181 643
1259 1103
1952 1212
1144 1672
342 437
469 1041
201 1316
477 1954
112 1590
1299 1757
1760 1442
668 9
98 571
726 1788
692 434
1988 568
592 350
721 583
176 1779
1677 882
458 1781
10 1532
1087 316
299 154
609 1461
863 1711
1222 1076
801 629
19 986
538 60
1979 287
105 152
57 1722
1766 32
1091 1796
901 134
1202 1185
833 1848
631 268
337 1671
1277 660
701 945
815 449
529 825
533 782
635 1999
1489 1659
1334 1892
1668 1116
1528 1610
1419 506
1032 1500
946 1344
497 864
1448 1567
919 984
205 1350
1099 1379
1775 1822
1989 85
613 1599
1863 475
328 291
1132 541
851 1392
1210 1822
1659 1809
955 732
1637 1699
144 170
422 1837
876 698
397 434
1799 1812
1888 1834
1745 1358
1827 1021
109 619
1790 377
858 1481
1186 614
1372 1800
1261 1508
1793 1496
1066 1815
1998 1678
