56
27 4 349923
22 5 413859
28 26 436039
23 14 443567
24 12 445085
17 6 445569
27 16 446767
19 18 446825
9 2 447505
23 22 447561
18 3 447624
27 22 447649
13 8 447654
25 12 447656
23 1 447663
23 18 447663
23 11 447663
23 12 447663
23 13 447663
23 15 447663
23 17 447663
23 21 447663
23 20 447663
23 10 447663
24 0 447663
24 9 447663
24 7 447663
28 2 447663
24 12 686891
7 4 625206
28 16 505246
5 2 477837
14 9 455169
26 10 453391
7 1 448166
24 13 447819
21 8 447706
27 3 447673
25 20 447670
22 0 447669
24 17 447669
26 2 447664
6 5 447663
5 3 447663
6 0 447663
6 1 447663
14 13 447663
9 1 447663
8 7 447663
11 10 447663
16 0 447663
15 3 447663
19 14 447663
20 19 447663
18 0 447663
23 7 447663
