29 1000000
552337
552337 552337
552337 552337 552337
552337 552337 552337 552337
552337 552337 552337 552337 552351
552337 552337 552337 552337 552337 552337
552337 552337 552337 552337 552337 552337 552337
552337 552337 552337 552337 552337 552337 552337 552337
552337 552337 552495 552337 552337 552337 552337 552337 552337
552337 552337 552337 552337 552337 552337 552337 552337 552337 552337
552337 552337 552337 552337 552337 552337 552337 552337 552337 552337 552337
552337 552337 552337 552337 552337 552337 552337 552337 552337 552337 552337 552337
552337 552337 552337 552337 552337 552337 552337 552337 552346 552337 552337 552337 552337
552337 552337 552337 552337 552351 552439 552337 552337 552337 552337 552337 552337 552337 552337
552337 552337 552337 552337 552337 552337 552337 552337 552337 552337 552337 552337 552337 552337 552337
552337 552337 552337 552337 553233 552351 552337 552337 552337 552337 552337 552337 552337 552337 552351 552337
552337 552337 552337 552337 552337 552337 554431 552337 552337 552337 552337 552337 552337 552337 552337 552337 552337
552337 552337 552337 552376 552337 552337 552337 552337 552337 552337 552337 552337 552337 552337 552337 552337 552337 552337
552337 552337 552337 552376 552337 552337 552337 552337 552337 552337 552337 552337 552337 552337 552337 552337 552337 552337 553175
552337 552337 552337 552337 552337 552337 552337 552337 552337 552337 552337 552337 552337 552337 552337 552337 552337 552337 552337 552337
552337 552337 552337 552337 552337 552337 552337 552337 552337 552337 552337 552337 552337 552337 552337 552337 552337 552337 552337 552337 552337
552337 552337 552337 552337 552351 586141 552337 552337 552337 552337 552337 552337 552337 552337 552439 552337 552351 552337 552337 552337 552337 552337
552337 552337 552337 552337 552351 552439 552337 552337 552337 552337 552337 552337 552337 552337 556433 552337 552351 552337 552337 552337 552337 552337 552439
552337 552337 552337 552337 552337 552337 552337 552337 552337 552337 552337 552337 554915 552337 552337 552337 552337 552337 552337 552337 552337 552337 552337 552337
552337 552337 552337 552337 552337 552337 552337 552337 552337 552337 552337 552337 552344 552337 552337 552337 552337 552337 552337 552337 552337 552337 552337 552337 552344
552337 552337 552337 552337 552337 552337 552337 552337 552337 552337 552337 552337 552337 552337 552337 552337 552337 552337 552337 552337 552337 552337 552337 552337 552337 552337
552337 552337 552337 552337 650077 552351 552337 552337 552337 552337 552337 552337 552337 552337 552351 552337 553233 552337 552337 552337 552337 552337 552351 552351 552337 552337 552337
552337 552337 552337 552337 552337 552337 552337 552337 552337 552337 552337 552337 552337 552337 552337 552337 552337 552337 552337 552337 552337 552337 552337 552337 552337 552337 563961 552337
447663
447663 447663
447663 447663 447663
447663 448166 447663 447663
447663 447663 477837 447663 447663
447663 447663 447663 447663 447663 447663
447663 448166 447663 447663 625206 447663 447663
447663 447663 447663 447663 447663 447663 447663 447663
447663 447663 447663 447663 447663 447663 447663 447663 447663
447663 447663 447664 447663 447663 447664 447663 447663 447663 447663
447663 447663 447663 447663 447663 447663 447663 447663 447663 447663 447663
447663 447663 447663 447663 447663 447663 447663 447663 447663 447663 447663 447663
447663 447663 447663 447663 447663 447663 447663 447663 447663 447663 447663 447663 447819
447663 447663 447663 447663 447663 447663 447663 447663 447663 455169 447663 447663 447663 447663
447663 447663 447663 447663 447663 447663 447663 447663 447663 447663 447663 447663 447663 447663 447663
447663 447663 447663 447663 447663 447663 447663 447663 447663 447663 447663 447663 447663 447663 447663 447663
447663 447663 447663 447663 447663 447663 447663 447663 447663 447663 447663 447663 447669 447669 447663 447663 447663
447663 447663 447663 447663 447663 447663 447663 447663 447663 447663 447663 447663 447663 447663 447663 447663 447663 447663
447663 447663 447663 447663 447663 447663 447663 447663 447663 447663 447663 447663 447663 447663 447663 447663 447663 447663 447663
447663 447663 447663 447663 447663 447663 447663 447663 447663 447663 447663 447663 447663 447663 447663 447663 447663 447663 447663 447663
447663 447663 447663 447663 447663 447663 447663 447663 447706 447663 447663 447663 447663 447663 447663 447663 447663 447663 447663 447663 447663
447669 447663 447663 447663 447663 447663 447663 447663 447663 447663 447663 447663 447663 447663 447663 447663 447663 447663 447663 447663 447663 447663
447663 447663 447663 447663 447663 447663 447663 447663 447663 447663 447663 447663 447663 447663 447663 447663 447663 447663 447663 447663 447663 447663 447663
447663 447663 447663 447663 447663 447663 447663 447663 447663 447663 447663 447663 686891 447819 447663 447663 447663 447669 447663 447663 447663 447663 447663 447663
447663 447663 447663 447663 447663 447663 447663 447663 447663 447663 447663 447663 447663 447663 447663 447663 447663 447663 447663 447663 447670 447663 447663 447663 447663
447663 447663 447664 447663 447663 447664 447663 447663 447663 447663 453391 447663 447663 447663 447663 447663 447663 447663 447663 447663 447663 447663 447663 447663 447663 447663
447663 447663 447663 447673 447663 447663 447663 447663 447663 447663 447663 447663 447663 447663 447663 447663 447663 447663 447663 447663 447663 447663 447663 447663 447663 447663 447663
447663 447663 447663 447663 447663 447663 447663 447663 447663 447663 447663 447663 447663 447663 447663 447663 505246 447663 447663 447663 447663 447663 447663 447663 447663 447663 447663 447663
