38 1000000
644854
305125 329501
622065 236824 258517
48699 83625 610390 428345
701467 277887 953203 525250 385114
76769 66822 672789 788732 775160 808418
853646 260433 492908 977883 617979 867959 421170
502969 424166 347568 6763 982035 787624 793664 504750
538453 215494 17775 859568 661147 434750 87315 341271 820265
389752 890634 142937 302891 597002 927295 505394 993338 806213 939030
849054 553805 546194 511592 915462 464016 515763 967965 511854 334032 692171
212211 101309 694341 852068 399175 193980 62945 33299 849478 411945 650875 324545
971637 397943 91885 765349 785990 489641 970434 188554 693593 134090 643328 421292 192041
259324 113164 831418 5055 968808 405899 661099 993329 755758 426083 722335 334987 789928 679039
814630 975751 357223 526497 257902 354086 407682 143170 897816 89233 24815 297934 488990 388749 384386
108961 723041 45224 293096 941890 979360 824540 610190 684956 75523 990608 788021 706200 935456 230794 324875
588402 489483 43696 611190 618404 219079 870823 986672 611303 914218 842849 925260 676665 805973 250642 384777 459329
815366 806208 328748 64287 138333 911024 450006 526663 123471 759873 812881 626339 121749 993416 268551 954925 163691 278099
614140 894810 759729 718802 784747 933696 654106 643897 373880 282821 714793 511609 869118 296381 679023 586668 179624 542589 14414
42169 591989 934633 368584 134098 751596 209037 410375 141306 384097 62718 20403 469312 98877 489434 722947 641916 376572 457916 571393
453314 942384 842600 62641 426310 716478 589230 63873 80000 687377 96834 222367 205383 690728 507672 391572 763836 150077 778445 741138 437211
923423 199898 101894 383068 886384 46545 516186 371413 450107 496498 830230 314677 256740 728235 850970 522144 632013 115309 248836 333557 252033 752250
896925 400934 607860 481699 642574 439437 198287 783505 208124 739560 428860 602558 652721 653280 580997 168278 249358 457629 136689 476672 70581 604739 487929
229800 214264 423778 461620 712772 353699 494298 946671 31280 256367 651450 306153 272067 672878 562511 867948 117894 372901 736585 209338 523745 782245 205592 362504
91957 225937 500960 281480 772044 179763 512070 155549 723395 611156 277747 772025 683917 706704 740152 556552 354037 958054 205384 630748 361019 932069 11146 176638 804916
299962 191847 875785 621552 644197 433276 840541 959433 365746 548090 498145 819904 486403 945970 228431 115115 936412 422889 481702 76821 789627 456769 330530 162129 811134 567425
410851 856103 836749 847687 839696 866176 980501 136099 273183 936282 210622 228273 38549 868644 80545 578014 375742 653435 789834 830663 516131 382777 794216 994697 731392 339958 759224
46647 973036 197258 285018 653386 314901 486200 815937 314906 293045 227512 397544 57743 391613 190932 642029 969059 433292 580992 603981 199473 190370 225652 964392 888280 837465 916106 835109
85129 153132 541533 172421 507816 710149 499667 5779 917282 738935 215935 71654 870417 805919 958655 101491 123721 435653 967237 410934 824691 237308 579446 531214 784939 262867 939633 660315 878080
20401 252916 706959 164558 225303 371367 849762 72650 963975 685011 543881 461161 410909 538585 72853 523319 531155 173540 362254 986548 79562 196774 524886 506427 473358 383666 194395 528099 412200 911933
797150 689492 438698 984144 100634 581392 839824 294545 553846 247593 558698 214724 693152 237 184291 415947 367617 324046 894171 263022 352412 696597 977376 777816 378937 761208 173183 366373 61217 527069 490653
428255 686495 416336 364965 403974 496113 703593 706373 908089 170391 869154 262378 106529 334231 282563 534157 324157 556728 500024 728323 254365 980063 507842 442086 830437 221946 961004 874724 569282 412891 687025 683023
998716 671523 946467 699376 331845 818649 882786 995554 96767 518100 708970 92011 384719 994475 650622 451444 629963 387273 289657 710065 323051 299221 646086 829245 320587 132501 427995 251870 695291 184286 254473 324258 176689
747677 67637 772343 373954 855064 720505 148862 615669 312163 965601 898658 668413 768122 426736 327917 227630 911232 702921 309368 689660 636977 538419 339870 789984 321933 330660 611247 36569 198368 997788 622227 252566 504339 100651
593618 163141 739855 970544 875494 371275 111409 930677 116721 115024 916280 318420 912327 200456 718153 204908 58286 518024 626987 106711 341243 419478 863528 9581 95181 923039 241411 759290 277209 95095 369295 881648 94838 741294 90440
140506 104097 866571 904814 475999 913943 423411 713904 280340 64956 899992 472199 606884 330878 270206 644987 995372 653622 700369 359606 123941 881880 790613 197488 55569 457183 244564 488508 748796 722262 658620 133772 620105 910347 942820 600929
352831 803468 935209 895907 785595 669391 852907 35950 119592 341181 954214 131576 52302 159667 767005 637659 9387 876983 878623 56864 659091 9858 290272 338399 909506 38734 45542 594337 900620 159272 604936 643549 113590 485294 552777 823963 255947
131143
693154 979043
726603 395731 998757
662123 988358 830081 36927
201568 544281 602414 791966 824363
14870 613356 611504 467300 973591 299431
745241 699068 833590 565505 537025 778690 19684
603317 353302 540054 808019 333166 989958 107019 12395
34479 512707 56063 574013 632615 990248 986244 310007 407916
382721 5199 385182 382039 914336 99685 301914 966989 245499 885534
405352 661059 610292 598401 886991 549060 733845 829436 208467 542156 483709
545799 976491 849482 685056 934353 502128 915051 10667 53822 910191 345016 155416
14450 487464 686151 49919 896538 582017 350686 544179 881363 494313 670389 256720 819508
801211 458577 800928 129159 697565 607531 598111 185732 881827 250216 199782 569574 285034 804488
696986 77612 274928 942829 753234 551357 701503 283704 966749 472435 607339 562925 606793 560910 320355
723244 78796 711793 821760 217173 805141 987564 471163 720501 241088 60815 307404 851047 508653 7181 462763
781594 258447 27734 487507 503789 844098 58819 724193 739864 397783 475268 747443 872479 539682 274653 11844 806611
181192 830097 141618 810982 911147 134087 411582 44047 42796 526203 500669 544719 340207 642199 578408 340474 815404 809537
175007 587049 315836 971086 318745 41597 277095 758489 634327 979406 996751 439743 564476 379370 311874 147329 384013 889537 510921
803020 75919 589162 163851 308433 436033 855986 396654 560576 619302 334121 90896 147549 520929 250655 308926 363440 815848 142333 299580
384226 494598 655724 395246 375294 822614 113679 683364 987297 66193 859036 559843 633384 75390 369003 740113 46671 150155 713123 785930 833778
630371 36899 116074 912521 815419 33822 22169 423185 548312 791104 27720 980511 155047 467149 686526 293125 885264 923713 107858 848202 714463 535697
890141 926383 73868 230710 791418 956226 463708 334926 277951 488463 48398 155754 172252 994313 484377 803728 693929 3453 439764 795936 237932 693445 938937
565435 345449 795401 977018 906811 215984 228016 296660 235790 238179 445475 466145 355608 285087 526512 285687 520019 615712 945233 654914 376616 274422 95338 844322
617728 529986 509309 201993 22773 930170 160934 619399 836930 992313 400805 85895 398625 742909 213516 772465 808377 765191 322859 885546 800996 492909 26107 877933 136251
853378 741534 845819 59373 393102 661747 965870 742383 701995 901 542782 627636 869159 465767 98051 381256 58 279529 959993 314698 383141 161194 986154 646574 484543 353461
3317 871019 416527 841725 219110 890145 913235 644760 720097 353853 832069 903830 747777 322089 300004 813282 92740 28312 557591 442019 985627 803155 770565 4521 411938 787853 131442
254738 961486 142818 936019 454394 776147 542780 174079 705504 536039 718245 985129 116828 275460 210641 495261 643185 834415 365543 629048 984240 938212 352784 444771 677082 290587 677286 827835
376497 889938 790425 562880 819635 860016 828756 121470 49537 905207 704322 872383 652343 558106 892722 23086 564458 274166 459578 495834 452360 622312 637607 848663 65352 951337 26811 481310 843812
646199 544666 984316 45695 322353 746032 783423 795465 788091 503345 413569 67944 841453 769594 255530 861766 6533 332118 477744 347982 325156 950059 365839 513806 297445 85948 594323 532371 658095 994556
315545 946959 512738 141060 629323 571874 289715 548722 959889 861533 621401 825095 551303 803503 106515 627049 880012 777154 400376 653101 426998 705075 271602 196165 871092 859481 277874 495562 947403 358695 540379
972990 314534 316758 963316 946125 338640 876510 765883 444081 211119 325917 237331 403898 349744 934426 669266 815216 48938 210105 852155 8261 192545 938159 503261 19813 949018 735069 36872 76897 327806 804101 530148
47478 361830 566618 363888 898612 515396 324778 53914 851585 332534 496834 458843 43307 825773 410357 960994 749182 593350 752910 80950 25535 818825 693309 120197 974405 727109 885206 556699 742403 30034 180220 766734 480184
911214 463628 524173 371122 798351 496583 422663 74912 119162 214270 553772 689532 160676 398520 816022 746817 600243 994356 435963 799997 430465 538313 746650 739250 309378 425516 592655 509828 167513 726349 529100 940180 486552 385757
413215 802705 683652 416841 176843 795053 791493 756971 10329 576938 663886 970293 227914 668263 735242 126863 282946 286470 636017 589719 345230 919679 78303 359203 643373 23655 292865 398596 380485 883413 966275 885390 834533 444251 376999
745508 605421 40409 137330 196828 833177 920797 208084 826485 765197 153321 812514 564607 387470 121926 638229 93977 595259 157763 184600 649312 206760 499716 257325 380910 560538 833835 950036 581172 622047 54257 90946 941149 434979 245877 735259
355367 265648 413548 222408 162592 164755 620755 74943 825727 161359 648788 682354 214976 454425 904731 518852 692742 114685 170143 637739 821735 50055 179063 505017 307371 430426 170995 318360 511522 226049 865576 584108 640818 237586 387207 699402 238327
