39 1000000
439480
439480 439480
439480 439480 439480
439480 439480 439480 439480
439480 439480 439480 439480 439480
439480 439480 439480 439480 439480 439480
439480 439480 439480 439480 439480 439480 439480
439480 439480 439480 439480 439480 439480 439480 439480
439480 439480 439480 439480 439480 439480 439480 439480 439480
439480 439480 439480 439480 439480 439480 439480 439480 460760 439480
439480 439480 439480 439480 439480 439480 439480 439480 439480 439480 439480
439480 439480 439480 439480 439480 891410 439480 439480 439480 439480 439480 439480
439480 439480 439480 439480 439480 439480 439595 439480 439480 439480 439480 439480 439480
439480 439480 439480 439480 439480 439480 439480 439480 439480 439480 439480 439480 439480 439480
439480 439480 439480 439480 439480 439481 439480 439480 439480 439480 439480 439480 439481 439480 439480
439480 439480 439480 439480 439480 439480 439480 439480 439480 439480 439480 439480 439480 439480 439480 439480
439480 439480 439480 439480 439480 439480 439480 439480 439480 439480 439480 439480 439480 439480 439480 439480 439480
439484 439480 439480 439480 439480 439480 439480 439480 439480 439480 439480 439480 439480 439480 439480 439480 439480 439480
439480 439480 439480 439480 439480 439480 439480 439480 439480 439480 439480 439480 439480 439480 439480 439480 591149 439480 439480
439480 439480 439480 439480 439480 439480 439480 439480 439841 439480 439841 439480 439480 439480 439480 439480 439480 439480 439480 439480
439480 439480 439480 439480 439480 439480 439480 439480 439480 439480 439480 439480 439480 439480 439480 439480 439480 439480 439480 439480 439480
439480 439480 439480 439480 439480 439480 439480 439480 439480 439480 439480 439480 439480 439480 439480 439480 439480 439480 439480 439480 439480 439480
439480 439480 439480 439480 439480 439480 439480 439480 439480 439480 439480 439480 439480 439480 439480 439480 439480 439480 439480 439480 439480 439480 439480
439480 439480 439480 439480 439480 439480 439595 439480 439480 439480 439480 439480 439480 749614 439480 439480 439480 439480 439480 439480 439480 439480 439480 439480
439480 439480 439480 439480 439480 439480 439480 439480 439480 439480 439480 439480 439480 439480 439480 439480 439480 439480 439480 439480 439480 439480 439480 439480 439480
439480 439480 439480 439480 439480 439480 439480 439480 439480 439480 439480 439480 439480 439480 439480 439480 439480 439480 439480 439480 439480 439480 439480 439480 439480 439480
439480 439480 439480 439480 439480 439480 439480 439480 439480 439480 439480 439480 439480 439480 439480 439480 439480 439480 439480 439480 439480 439480 439480 439480 439480 439480 439480
439480 439480 439480 439480 439480 439480 439480 439480 439480 439480 439480 439480 439480 439480 439480 439480 439480 439480 439480 439480 439480 439480 439480 439480 439480 439480 439480 439480
439480 439480 439480 439480 439480 439480 439480 439480 439480 439480 439480 439480 439480 439480 439480 439480 439480 439480 439480 439480 439480 439480 439480 439480 439480 439480 439480 439480 439480
439480 439480 439480 439480 439480 439480 439480 439480 439480 439480 439480 439480 439480 439480 439480 439480 439480 439480 439480 439480 439480 439480 439480 439480 439480 439480 439480 439480 439480 439480
439484 439480 439480 439480 439480 439480 439480 439480 439480 439480 439480 439480 439480 439480 439480 439480 439480 439480 444679 439480 439480 439480 439480 439480 439480 439480 439480 439480 439480 439480 439480
439480 439480 439480 439480 439480 439480 439480 439480 439480 439480 439480 439480 439480 439480 439480 439480 439480 439480 439480 439480 439480 439480 439480 439480 439480 439480 439480 439480 439480 439480 439480 439480
439480 439480 439480 439480 439480 439480 439480 439480 439480 439480 439480 439480 439480 439480 439480 439480 439480 439480 439480 439480 439480 439480 439480 439480 439480 439480 439480 439480 439480 439480 439480 439480 439480
439480 439480 439480 439480 439604 439480 439480 439480 439480 439480 439480 439480 439480 439480 439480 439480 439480 439480 439480 439480 439480 439480 439480 439480 439480 439480 439480 439480 439480 439480 439480 439480 439480 439480
439480 439480 439480 439480 439604 439480 439480 439480 439480 439480 439480 439480 439480 439480 439480 439480 439480 439480 439480 439480 439480 439480 439480 439480 439480 439480 439480 439480 439480 439480 439480 439480 439480 439480 461568
439480 439480 439480 439480 439480 439480 439480 439480 439480 439480 439480 439480 439480 439480 439480 439480 439480 439480 439480 439480 439480 439480 442761 439480 439480 439480 439480 439480 439480 439480 439480 439480 439480 439480 439480 439480
439480 439480 439480 439480 439480 439480 439480 439480 439480 439480 439480 439480 439480 439480 439480 439480 439480 439480 439480 439480 439480 439480 439480 439480 439480 439480 439480 439480 439480 439651 439480 439480 439480 439480 439480 439480 439480
439480 439480 439480 439480 439480 439480 439595 439480 439480 439480 439480 439480 439480 446856 439480 439480 439480 439480 439480 439480 439480 439480 439480 439480 446856 439480 439480 439480 439480 439480 439480 439480 439480 439480 439480 439480 439480 439480
560520
560520 560520
560520 560520 560520
560520 560520 560520 560520
560520 560520 560520 560520 560520
560520 560520 560520 560520 560520 560520
560520 560520 560520 560520 560520 560520 560520
560520 560520 560520 560520 560520 560520 560520 560520
560520 560520 560520 560520 560520 560520 560520 560520 560520
560520 560520 560520 560520 560520 560520 560520 560520 560520 560520
560520 560520 560520 560520 560520 560520 560520 560520 560520 560520 560520
560520 560520 560520 560520 560520 560520 560520 560520 560520 560520 560520 560520
560520 560520 560520 560520 560520 560520 560520 560520 560520 560520 560524 560520 560520
560520 560520 560520 560520 560520 560520 560520 560520 560520 560520 560520 560520 560520 560520
560520 560520 560520 560520 560520 560520 560520 560520 560520 560599 560520 560520 560520 560520 560520
560520 560520 560520 560520 560520 560520 560520 560520 560520 560520 560520 560520 560520 560520 560520 560520
560520 560520 560520 560520 560520 560520 560520 560520 560520 560520 560520 560520 560520 560520 560520 560520 560520
560520 560520 560520 560520 560520 560520 560520 560520 560520 560520 560520 560520 560520 560520 560520 560520 560520 560520
560520 560520 560520 560520 560520 560520 560520 560520 560520 560520 560520 560522 560520 560520 560520 560520 560520 560520 560520
560615 560520 560520 560520 560520 560520 560520 560520 560520 560520 560520 560520 560520 560520 560520 560520 560520 560520 560520 560520
560520 560520 560520 560520 560520 560520 560520 560520 560520 560520 560520 560520 560520 560520 560520 560520 560520 560520 560520 560520 560520
560520 560520 560520 560520 560520 560520 560520 560520 560520 560520 560520 560520 560520 560520 560520 560520 560520 560520 560520 560520 560520 560520
560520 560520 560520 560520 560520 560520 560520 560520 560520 560520 560520 560520 560578 560520 560520 560520 560520 560520 560520 560520 560520 560520 560520
560520 560520 560520 560520 560520 560520 560520 560520 560520 560520 560520 560520 560520 560520 560520 560520 560520 560520 560520 560520 560520 560520 560520 560520
560520 560520 560520 560520 560520 560520 560520 560520 560520 560520 560520 560520 560520 560520 560520 560520 560533 560520 560520 560520 560520 560520 560520 560520 560520
560520 560520 560520 560520 560520 560520 560520 560520 560520 560520 560520 560520 560520 560520 560520 560520 560520 560520 560520 560520 560520 560520 560520 560520 560520 560520
560520 560520 560520 560520 560520 560520 560520 560520 560520 560520 560520 560520 560520 560520 560520 560520 560520 560520 560520 560520 560520 560520 560520 560520 560520 560520 560520
560520 560520 560520 560520 560520 560520 560520 560520 560520 560520 560520 560520 560520 560520 560520 560520 560520 560520 560520 560520 560520 560520 560520 560520 560520 560520 560520 560520
560520 560520 560520 560520 560520 560520 560520 560520 560520 560520 560520 560520 560520 560520 560520 560520 560520 560520 560520 560520 560520 560520 560520 560520 560520 560520 560520 560520 560520
560520 560520 560520 560520 560520 560520 560520 560520 560520 560520 560520 560520 560520 560520 560520 560520 560520 560520 560520 560520 560520 560520 560520 560520 560520 560520 560520 560520 560520 560520
560520 560520 560520 560520 560520 560520 560520 560520 560520 560520 560520 560520 560520 560520 560520 560520 560520 560520 560520 560520 560520 560520 560520 560520 560520 560520 560520 560520 560520 560520 560520
560520 560520 560520 560520 560520 560520 560520 560520 560520 560520 560520 560520 560520 560520 560520 560520 560520 560520 560520 560520 560520 560520 560520 560520 560520 560520 560520 560520 560522 560520 560520 560520
560520 560520 560520 560520 560520 560520 560520 560520 560520 560520 560520 560520 560520 560520 560520 560520 560520 560520 560520 560520 560520 560520 560520 560520 560520 560520 560520 560520 560520 560520 560520 560520 560520
560520 560520 560520 560520 560520 560520 560520 560520 560520 560520 560520 560520 560520 560520 560520 560520 560520 560520 560520 560520 560520 560520 560520 560520 560520 560520 560523 560520 560520 560520 560520 560520 560520 560520
560520 560520 560520 560520 560520 560520 560520 560520 560520 560520 560520 560520 560520 560520 560520 560520 560520 560520 560520 560520 560520 560520 560520 560520 560520 560520 560523 560520 560520 560520 560520 560520 560520 560520 560629
560520 560520 560520 560520 560520 560520 560520 560520 560520 560520 560520 560520 560520 560520 560520 560520 560520 560520 560520 560520 560520 560520 560520 560520 560520 560520 560520 560520 560520 560520 560520 560520 560520 560520 560520 560520
560520 560520 560520 560520 560520 560520 560520 560520 560520 560520 560520 560520 560520 560520 560520 560520 560520 560520 560520 560520 560520 560520 572459 560520 560520 560520 560520 560520 560520 560520 560520 560520 560520 560520 560520 560520 560520
560520 560520 560520 560520 560520 560520 560520 560520 560520 560520 560520 560520 560520 560520 560520 560520 560520 560520 560520 560520 560520 560520 560520 560520 560520 560520 560520 560520 560520 560520 560520 560520 560520 560520 560520 560520 560520 560520
