76
12 5 108590
24 13 250386
19 16 408851
35 34 538432
10 8 539240
38 13 553144
31 18 555321
36 22 557239
20 10 560159
37 29 560349
35 4 560396
13 6 560405
31 0 560516
15 5 560519
32 5 560520
31 27 560520
32 1 560520
32 0 560520
31 30 560520
31 28 560520
31 29 560520
32 2 560520
32 3 560520
32 4 560520
31 19 560520
32 6 560520
32 7 560520
32 8 560520
32 9 560520
31 11 560520
31 14 560520
31 26 560520
31 17 560520
31 21 560520
31 22 560520
31 23 560520
31 25 560520
33 14 560520
37 22 572459
35 34 560629
20 0 560615
15 9 560599
23 12 560578
25 16 560533
13 10 560524
35 26 560523
32 28 560522
19 11 560522
4 0 560520
9 8 560520
10 0 560520
5 2 560520
2 0 560520
2 1 560520
3 0 560520
7 0 560520
6 1 560520
8 4 560520
18 12 560520
13 11 560520
13 12 560520
14 0 560520
17 4 560520
16 8 560520
35 24 560520
35 25 560520
22 6 560520
21 0 560520
27 1 560520
28 0 560520
29 7 560520
32 30 560520
32 31 560520
33 0 560520
38 13 560520
36 22 560520
