40 1000000
812846
911882 401702
839635 826274 227560
340209 296171 94861 560840
571964 575838 494308 103484 665078
226603 679169 882216 594847 682669 947984
977195 661728 636783 21343 492814 536880 352704
6236 35639 429632 687960 183983 979198 548633 605360
26055 21697 783001 507340 363601 684140 304909 318622 308321
272728 123932 620416 436716 113037 773648 42104 29778 119997 942283
982750 45097 396422 438709 284053 594046 530395 231590 200815 806447 340861
612591 498682 700872 261390 361800 689353 453794 225949 112285 848799 302547 761524
123310 679011 666832 256327 758949 900240 299235 296091 585833 336445 519819 47683 828921
848743 13208 729760 325390 249589 503747 1865 47523 854714 998755 352161 150556 702921 15084
285183 726680 983732 791948 851123 902038 371711 62992 93490 873245 360608 8340 584154 13304 720261
30654 152203 826091 721814 612365 463040 548743 151056 553805 158971 59572 15922 575795 709556 635822 680847
733668 887122 478223 880283 228806 200464 206157 996005 938610 101932 293050 852718 178454 494961 815813 846827 941326
410252 961343 294904 490518 209129 448282 85055 993264 809597 279799 448253 921078 341244 164934 539559 143284 737232 949389
642030 848824 923703 278966 62958 634746 334874 280248 896686 822799 408830 365865 88712 581370 418114 537890 586712 944425 160067
1559 731087 879009 822242 220296 667270 256879 713695 936457 404891 359725 289738 29063 726268 547884 302371 555639 489145 9334 275760
703587 649442 221398 806965 591108 751370 899725 119548 133239 895259 322695 716695 574670 116923 365591 704947 838256 132645 628520 413869 755924
643225 617398 772931 300190 964534 617791 290778 57979 37031 963540 946753 927014 322751 263036 873524 394959 607845 965785 797343 911003 3843 956769
972919 194231 473299 408713 447032 643684 10392 215336 659645 272814 848895 776992 476138 625389 827890 803343 285208 313647 689174 869550 285757 81830 974389
811373 646324 325671 893196 587537 804247 947362 451255 175730 832950 924283 278823 800043 289104 942123 700275 621903 577525 634708 341879 115152 112011 87557 434047
645479 960407 452937 502352 64750 520933 891157 892393 149312 915879 627358 915848 128144 153112 738305 859312 239287 593236 770341 684779 346546 580995 889617 48803 624339
321508 755889 404775 673613 747055 659580 420461 164068 197752 800277 492694 288663 131005 420067 774190 3199 257339 861933 543334 209376 330245 492582 608801 913785 857519 682139
689304 89831 342356 10884 494332 602601 650003 565159 669234 298525 596340 647124 468717 126892 90045 234988 801639 500857 331024 602790 858505 567696 647721 113952 821411 653129 819055
532683 232070 981657 624346 920112 374055 533909 762837 689683 768835 317807 12181 64560 430176 547724 863182 848331 552948 895958 667489 206723 838550 355041 297984 338065 70381 980458 511998
940701 944912 138834 513205 757375 720396 561849 408544 347434 324276 926180 883582 715322 459051 123112 2314 150984 667902 599454 458062 722847 168753 392933 506622 481104 392956 130288 328640 221201
121233 724105 646765 429302 464554 534156 444441 856305 377556 781429 759996 792921 37602 217936 334636 152467 496948 462171 774957 335281 950105 19424 977270 43159 713256 641817 65851 978504 800984 939830
380225 140608 4465 134595 641193 700451 144473 436475 536765 482059 769346 698325 202512 426442 745942 918780 899055 152598 216998 544378 385629 381937 972952 407318 195010 518916 776055 833648 212687 571493 535093
332135 764248 490170 582452 82081 481609 684264 752720 346455 22612 80538 636165 318994 139439 88866 215590 990733 69829 580152 222233 837336 11300 580181 97329 519808 681529 2831 537766 810378 109590 599996 159627
205846 275680 241513 899846 501765 158237 254005 902475 143012 672084 401268 881809 902151 10799 341677 357030 663129 645226 49689 718582 366248 307478 158629 935356 303268 108083 212123 896548 428544 570657 752758 558808 684945
457221 633739 741962 949797 687433 862925 621479 115227 614972 863458 767113 884656 647674 497075 337960 347751 237140 449903 445148 69761 582371 548214 41155 392418 792566 615951 457507 598065 411212 557242 732984 72519 477652 327923
443786 262334 603692 86948 821052 261993 756722 860938 211456 202957 669032 515361 25823 374424 262642 561511 708738 114029 114368 609899 344872 368185 878875 906334 757933 15252 828318 15421 966323 219021 348204 439491 934608 436313 408402
987047 611836 303086 503260 379504 910823 629771 95634 417906 604509 760042 441327 243814 872901 58500 858920 840313 590966 987456 550174 481055 168828 975551 804407 259992 572247 397161 236302 738068 447922 220475 887034 65773 109804 376093 80705
886925 124371 406887 539576 38162 260047 795198 281837 376732 365790 457495 353672 605190 506529 558141 358660 783055 482270 85352 615231 712485 381198 119264 337570 631072 477283 897347 343012 825547 690919 301585 996077 847288 11002 269761 58383 894925
987361 333193 185968 612999 351823 622604 634503 393951 239570 963343 665522 280506 322099 319049 229808 539230 484229 61406 631301 131463 721018 238330 303552 603398 792601 701590 891725 744731 811404 859667 107317 2706 171350 360136 263057 69966 693766 667920
141590 437303 53145 159917 150622 347021 41435 147566 678788 348261 818060 861651 464806 887464 10456 983472 16903 523421 657564 799950 553554 314091 381987 649220 304795 909918 89833 89347 475931 282443 979396 745860 566907 760688 244574 776724 100739 576622 17646
599442
209662 443097
665480 560279 867364
359762 428506 43283 133555
246585 857157 60 396271 90818
178445 833712 61705 738602 163614 186523
379869 714801 262770 149646 645519 324496 559085
584100 267547 958094 978308 633505 261410 170638 482285
71543 16775 279154 844775 613517 991649 964852 663854 324442
946939 424503 221870 583905 998101 500238 642288 26378 179476 255813
336192 645217 623417 345402 641752 800777 190534 562839 220978 177796 486429
923432 561301 489277 496027 952946 530516 754835 330346 501245 507369 151951 493880
337036 98541 866188 526672 277730 752058 804047 646743 335671 98127 91471 4506 94306
302999 698322 750880 668736 454336 134313 5391 289628 405217 666031 262418 816532 792839 387788
419779 601548 102477 641132 158146 384599 868837 83582 844572 69125 21134 18955 224228 486666 246687
144522 778857 889527 916652 475037 928525 514200 796101 668223 321036 80451 581303 32212 303587 417184 878678
873744 198185 852370 26531 168756 783587 194621 174712 963721 143776 894369 958718 637327 986532 541902 884997 910816
44780 780794 763636 440583 295052 694633 240110 394791 435287 699591 727888 339189 607081 632842 169710 299482 948812 708422
262331 35164 629424 355553 974635 1191 716269 257507 44362 197687 823979 835450 935101 631253 326291 93979 12271 271140 173201
995269 509285 304519 604193 815770 845776 73831 113619 147521 402785 614747 497696 308337 591874 385956 382836 271531 995894 785156 460775
667011 914313 182846 795218 923527 859808 482994 27781 713962 369162 621368 289871 850174 288293 931400 455459 736710 264747 825301 239915 770089
242825 417452 352415 20125 820160 377656 237806 774822 104119 60062 244218 610087 177161 531206 514743 42843 195307 667570 500981 629739 38323 301119
404948 113580 9360 611317 808188 122243 168535 662657 451705 834514 588659 865130 184653 145782 32851 551426 575121 145179 61500 947232 863968 596617 182396
308921 807536 937397 165205 137508 1539 140377 390329 680960 92991 134565 161672 223621 421062 495772 252888 784254 147263 925564 736771 713549 444218 34942 902772
171697 955060 308393 947615 395879 929730 551900 181044 189266 648310 179200 556962 130045 350984 962654 736821 658613 376478 189968 412714 872072 610852 319378 185074 404031
953765 761897 835884 673621 731920 441941 762354 34091 384007 246181 968662 76303 756681 895170 166544 595736 308477 463759 9396 476539 3273 594719 532242 99514 638521 366126
83928 222596 314314 42642 74902 662722 509426 21574 305093 939133 330076 192484 36729 674094 178436 919977 205300 202640 347032 728485 487959 962141 129354 167404 966771 125203 647059
871029 727624 335145 794782 30219 620580 651568 795108 380014 215671 783578 636620 284515 165161 941517 644004 698149 205429 566624 366847 467825 816289 162785 139033 670219 516570 183428 906123
506025 225001 161232 444289 302556 496348 260184 326467 200070 507911 378352 887711 864550 25711 735786 76913 827677 509653 894140 684075 677171 231276 703634 720043 324918 972812 157393 448562 155337
780078 868222 115153 735035 215801 812500 957225 826039 277655 737482 284235 389071 391897 52206 137491 355377 329874 171843 614698 246961 754744 915545 193843 731723 311490 481093 512944 377173 232773 826623
559402 874805 895382 75858 658256 635908 794358 890260 755645 916872 598380 184575 894867 727998 924845 664909 644841 504009 746954 184390 743856 976448 599047 278383 462272 501576 665620 443496 742836 702374 285963
294528 884344 528073 376646 670053 619221 853649 602176 524242 271207 899788 344186 577865 23033 320792 619366 632234 34164 179570 564385 737564 607406 244445 577404 413423 60767 946807 795936 565278 629605 397732 423210
519610 14733 378706 420704 158284 220756 509575 451843 556561 223251 947880 527374 996484 657084 908403 932850 241752 173400 71431 708902 465746 655328 992486 780298 672119 704892 983664 229791 11099 216848 443398 536288 141537
601986 58047 760467 447536 670428 590182 305408 754571 42826 307998 723872 759995 542395 47871 871289 810592 255868 374724 146413 825467 145067 107343 995000 670132 256020 799898 895888 45240 78561 327341 370096 28078 340389 901725
619494 644252 779061 743129 338050 54705 256943 616530 802236 663960 956773 355098 194556 12237 437621 921486 56854 619594 596075 451136 695015 961886 531360 12764 193964 429879 280083 513858 813654 145223 132748 748785 30357 920447 753522
965780 306503 154760 823819 114769 51382 654168 92892 288196 84287 540052 859811 501338 848681 446671 125769 376496 580545 102075 991738 919237 549306 63040 238359 423190 237190 331992 361287 216072 835242 209800 348554 352748 401906 196729 149709
151419 964000 905232 567723 761107 494484 605637 904591 617836 454192 91929 117160 36540 467422 200631 941115 267773 14831 599803 499140 366197 954488 161442 262877 842970 735520 612243 918509 114585 264651 784195 603543 3118 267814 436606 492105 630137
946935 189372 624990 556465 290480 192928 167100 442596 633661 449555 630533 732342 763621 990825 299735 793436 340473 17194 586319 447531 36880 225113 927346 412468 860586 905815 288421 855407 369600 342726 60772 431298 905870 811002 111156 829840 202265 187969
560417 484549 86193 911162 612865 978345 236466 729156 461881 742041 98575 159045 879303 313796 588586 944035 564702 467986 29713 26711 256051 359471 339199 94322 850502 888913 750855 774454 583877 340175 268931 67078 134298 282389 831727 791021 984945 709987 160509
