78
21 17 142736
35 13 143861
25 24 453902
1 0 610481
26 0 677558
30 29 680261
28 15 681528
19 8 686027
35 7 686822
34 21 687026
17 16 687027
32 23 687037
32 24 687037
32 22 687037
32 21 687037
33 5 687037
32 20 687037
32 26 687037
32 27 687037
32 28 687037
32 29 687037
32 31 687037
33 0 687037
33 2 687037
33 3 687037
33 4 687037
32 8 687037
32 6 687037
32 7 687037
32 9 687037
32 10 687037
32 11 687037
32 12 687037
32 14 687037
32 18 687037
38 16 687037
37 28 687037
37 36 687037
39 27 687037
36 15 869851
24 19 747228
28 11 724323
30 21 712978
25 10 699494
22 13 696652
20 0 688096
35 7 687801
17 12 687383
39 13 687124
18 3 687052
13 6 687043
38 4 687041
27 7 687041
15 5 687039
14 5 687039
31 23 687039
29 16 687039
31 2 687039
5 0 687037
5 4 687037
5 3 687037
10 3 687037
5 1 687037
2 1 687037
9 7 687037
9 2 687037
8 0 687037
8 6 687037
13 12 687037
11 5 687037
16 0 687037
19 13 687037
21 0 687037
26 14 687037
33 23 687037
34 25 687037
32 29 687037
37 15 687037
