40 1000000
389519
312963 312963
312963 312963 312963
312963 312963 312963 312963
312963 312963 312963 312963 312963
312963 312963 312963 312963 312963 312963
312963 312963 312963 312963 312963 312963 312963
312963 312963 312963 312963 312963 312963 312963 312963
312963 312963 312963 312963 312963 312963 312963 312963 312963
312963 312963 312963 312963 312963 312963 312963 312963 312963 312963
312963 312963 312963 312963 312963 312963 312963 312963 312963 312963 312963
312963 312963 312963 312963 312963 312963 312963 312963 312963 312963 312963 312963
312963 312963 312963 312963 312963 312963 312963 313178 312963 312963 312963 312963 312963
312963 312963 312963 312963 312963 312963 312963 312963 312963 312963 312963 312963 312963 312963
312963 312963 312963 312963 312963 312963 312963 312963 312963 312963 312963 312963 312963 312963 312963
312963 312963 312963 312963 312963 312963 312963 312963 312963 312963 312963 312963 312963 312963 312963 312963
312963 312963 312963 312963 312963 312963 312963 312963 312963 312963 312963 312963 312963 312963 312963 312963 312973
312963 312963 312963 312963 312963 312963 312963 312963 312963 312963 312963 312963 312963 312963 312963 312963 312963 312963
312963 312963 312963 312963 312963 312963 312963 312963 313973 312963 312963 312963 312963 312963 312963 312963 312963 312963 312963
312963 312963 312963 312963 312963 312963 312963 312963 312963 312963 312963 312963 312963 312963 312963 312963 312963 312963 312963 312963
312963 312963 312963 312963 312963 312963 312963 312963 312963 312963 312963 312963 312963 312963 312963 312963 312973 857264 312963 312963 312963
312963 312963 312963 312963 312963 312963 312963 312963 312963 312963 312963 312963 312963 312963 312963 312963 312963 312963 312963 312963 312963 312963
312963 312963 312963 312963 312963 312963 312963 312963 312963 312963 312963 312963 312963 312963 312963 312963 312963 312963 312963 312963 312963 312963 312963
312963 312963 312963 312963 312963 312963 312963 312963 312963 312963 312963 312963 312963 312963 312963 312963 312963 312963 312963 312963 312963 312963 312963 312963
312963 312963 312963 312963 312963 312963 312963 312963 312963 312963 312963 312963 312963 312963 312963 312963 312963 312963 312963 312963 312963 312963 312963 312963 546098
322442 322442 312963 312963 312963 312963 312963 312963 312963 312963 312963 312963 312963 312963 312963 312963 312963 312963 312963 312963 312963 312963 312963 312963 312963 312963
312963 312963 312963 312963 312963 312963 312963 312963 312963 312963 312963 312963 312963 312963 312963 312963 312963 312963 312963 312963 312963 312963 312963 312963 312963 312963 312963
312963 312963 312963 312963 312963 312963 312963 312963 312963 312963 312963 312963 312963 312963 312963 318472 312963 312963 312963 312963 312963 312963 312963 312963 312963 312963 312963 312963
312963 312963 312963 312963 312963 312963 312963 312963 312963 312963 312963 312963 312963 312963 312963 312963 312963 312963 312963 312963 312963 312963 312963 312963 312963 312963 312963 312963 312963
312963 312963 312963 312963 312963 312963 312963 312963 312963 312963 312963 312963 312963 312963 312963 312963 312963 312963 312963 312963 312963 312963 312963 312963 312963 312963 312963 312963 312963 319739
312963 312963 312963 312963 312963 312963 312963 312963 312963 312963 312963 312963 312963 312963 312963 312963 312963 312963 312963 312963 312963 312963 312963 312963 312963 312963 312963 312963 312963 312963 312963
312963 312963 312963 312963 312963 312963 312963 312963 312963 312963 312963 312963 312963 312963 312963 312963 312963 312963 312963 312963 312963 312963 312963 312963 312963 312963 312963 312963 312963 312963 312963 312963
312963 312963 312963 312963 312963 312963 312963 312963 312963 312963 312963 312963 312963 312963 312963 312963 312963 312963 312963 312963 312963 312963 312963 312963 312963 312963 312963 312963 312963 312963 312963 312963 312963
312963 312963 312963 312963 312963 312963 312963 312963 312963 312963 312963 312963 312963 312963 312963 312963 312973 312974 312963 312963 312963 312974 312963 312963 312963 312963 312963 312963 312963 312963 312963 312963 312963 312963
312963 312963 312963 312963 312963 312963 312963 313178 312963 312963 312963 312963 312963 856139 312963 312963 312963 312963 312963 312963 312963 312963 312963 312963 312963 312963 312963 312963 312963 312963 312963 312963 312963 312963 312963
312963 312963 312963 312963 312963 312963 312963 312963 312963 312963 312963 312963 312963 312963 312963 312963 312963 312963 312963 312963 312963 312963 312963 312963 312963 312963 312963 312963 312963 312963 312963 312963 312963 312963 312963 312963
312963 312963 312963 312963 312963 312963 312963 312963 312963 312963 312963 312963 312963 312963 312963 312963 312963 312963 312963 312963 312963 312963 312963 312963 312963 312963 312963 312963 312963 312963 312963 312963 312963 312963 312963 312963 312963
312963 312963 312963 312963 312963 312963 312963 312963 312963 312963 312963 312963 312963 312963 312963 312963 312963 312963 312963 312963 312963 312963 312963 312963 312963 312963 312963 312963 312963 312963 312963 312963 312963 312963 312963 312963 312963 312963
312963 312963 312963 312963 312963 312963 312963 312963 312963 312963 312963 312963 312963 312963 312963 312963 312963 312963 312963 312963 312963 312963 312963 312963 312963 312963 312963 312963 312963 312963 312963 312963 312963 312963 312963 312963 312963 312963 312963
687037
687037 687037
687037 687037 687037
687037 687037 687037 687037
687037 687037 687037 687037 687037
687037 687037 687037 687037 687037 687037
687037 687037 687037 687037 687037 687037 687037
687037 687037 687037 687037 687037 687037 687037 687037
687037 687037 687037 687037 687037 687037 687037 687037 687037
687037 687037 687037 687037 687037 687037 687037 687037 687037 687037
687037 687037 687037 687037 687037 687037 687037 687037 687037 687037 687037
687037 687037 687037 687037 687037 687037 687037 687037 687037 687037 687037 687037
687037 687037 687037 687037 687037 687037 687043 687037 687037 687037 687037 687037 687037
687037 687037 687037 687037 687037 687039 687037 687037 687037 687037 687037 687037 687037 687037
687037 687037 687037 687037 687037 687039 687037 687037 687037 687037 687037 687037 687037 687037 687039
687037 687037 687037 687037 687037 687037 687037 687037 687037 687037 687037 687037 687037 687037 687037 687037
687037 687037 687037 687037 687037 687037 687037 687037 687037 687037 687037 687037 687383 687037 687037 687037 687037
687037 687037 687037 687052 687037 687037 687037 687037 687037 687037 687037 687037 687037 687037 687037 687037 687037 687037
687037 687037 687037 687037 687037 687037 687037 687037 687037 687037 687037 687037 687037 687037 687037 687037 687037 687037 687037
688096 687037 687037 687037 687037 687037 687037 687037 687037 687037 687037 687037 687037 687037 687037 687037 687037 687037 687037 687037
687037 687037 687037 687037 687037 687037 687037 687037 687037 687037 687037 687037 687037 687037 687037 687037 687037 687037 687037 687037 687037
687037 687037 687037 687037 687037 687037 687043 687037 687037 687037 687037 687037 687037 696652 687037 687037 687037 687037 687037 687037 687037 687037
687037 687037 687039 687037 687037 687037 687037 687037 687037 687037 687037 687037 687037 687037 687037 687037 687037 687037 687037 687037 687037 687037 687037
687037 687037 687037 687037 687037 687037 687037 687037 687037 687037 687037 687037 687037 687037 687037 687037 687037 687037 687037 747228 687037 687037 687037 687037
687037 687037 687037 687037 687037 687037 687037 687037 687037 687037 699494 687037 687037 687037 687037 687037 687037 687037 687037 687037 687037 687037 687037 687037 687037
687037 687037 687037 687037 687037 687037 687037 687037 687037 687037 687037 687037 687037 687037 687037 687037 687037 687037 687037 687037 687037 687037 687037 687037 687037 687037
687037 687037 687037 687037 687037 687037 687037 687041 687037 687037 687037 687037 687037 687037 687037 687037 687037 687037 687037 687037 687037 687037 687037 687037 687037 687037 687037
687037 687037 687037 687037 687037 687037 687037 687037 687037 687037 687037 724323 687037 687037 687037 687037 687037 687037 687037 687037 687037 687037 687037 687037 687037 687037 687037 687037
687037 687037 687037 687037 687037 687037 687037 687037 687037 687037 687037 687037 687037 687037 687037 687037 687039 687037 687037 687037 687037 687037 687037 687037 687037 687037 687037 687037 687037
687037 687037 687037 687037 687037 687037 687037 687037 687037 687037 687037 687037 687037 687037 687037 687037 687037 687037 687037 687037 687037 712978 687037 687037 687037 687037 687037 687037 687037 687037
687037 687037 687039 687037 687037 687037 687037 687037 687037 687037 687037 687037 687037 687037 687037 687037 687037 687037 687037 687037 687037 687037 687037 687039 687037 687037 687037 687037 687037 687037 687037
687037 687037 687037 687037 687037 687037 687037 687037 687037 687037 687037 687037 687037 687037 687037 687037 687037 687037 687037 687037 687037 687037 687037 687037 687037 687037 687037 687037 687037 687037 687037 687037
687037 687037 687037 687037 687037 687037 687037 687037 687037 687037 687037 687037 687037 687037 687037 687037 687037 687037 687037 687037 687037 687037 687037 687037 687037 687037 687037 687037 687037 687037 687037 687037 687037
687037 687037 687037 687037 687037 687037 687037 687037 687037 687037 687037 687037 687037 687037 687037 687037 687037 687037 687037 687037 687037 687037 687037 687037 687037 687037 687037 687037 687037 687037 687037 687037 687037 687037
687037 687037 687037 687037 687037 687037 687037 687801 687037 687037 687037 687037 687037 687037 687037 687037 687037 687037 687037 687037 687037 687037 687037 687037 687037 687037 687037 687041 687037 687037 687037 687037 687037 687037 687037
687037 687037 687037 687037 687037 687039 687037 687037 687037 687037 687037 687037 687037 687037 687039 869851 687037 687037 687037 687037 687037 687037 687037 687037 687037 687037 687037 687037 687037 687037 687037 687037 687037 687037 687037 687037
687037 687037 687037 687037 687037 687037 687037 687037 687037 687037 687037 687037 687037 687037 687037 687037 687037 687037 687037 687037 687037 687037 687037 687037 687037 687037 687037 687037 687037 687037 687037 687037 687037 687037 687037 687037 687037
687037 687037 687037 687037 687041 687037 687037 687037 687037 687037 687037 687037 687037 687037 687037 687037 687037 687037 687037 687037 687037 687037 687037 687037 687037 687037 687037 687037 687037 687037 687037 687037 687037 687037 687037 687037 687037 687037
687037 687037 687037 687037 687037 687037 687043 687037 687037 687037 687037 687037 687037 687124 687037 687037 687037 687037 687037 687037 687037 687037 687124 687037 687037 687037 687037 687037 687037 687037 687037 687037 687037 687037 687037 687037 687037 687037 687037
