78
35 34 1
31 30 1
15 14 1
13 12 1
23 22 1
37 36 1
25 24 1
11 10 1
17 16 1
9 8 1
29 28 1
21 20 1
33 32 1
7 6 1
27 26 1
19 18 1
39 38 1
3 2 1
1 0 1
5 4 1
32 31 2
28 27 2
30 29 2
38 37 2
34 33 2
36 35 2
16 15 2
14 13 2
18 17 2
8 7 2
2 1 2
4 3 2
6 5 2
12 11 2
10 9 2
24 23 2
26 25 2
20 19 2
22 21 2
30 29 2
32 31 2
14 13 2
12 11 2
24 23 2
2 1 2
36 35 2
22 21 2
4 3 2
10 9 2
26 25 2
28 27 2
8 7 2
20 19 2
6 5 2
38 37 2
34 33 2
16 15 2
18 17 2
33 32 1
31 30 1
15 14 1
13 12 1
23 22 1
37 36 1
25 24 1
11 10 1
17 16 1
9 8 1
29 28 1
21 20 1
7 6 1
27 26 1
19 18 1
39 38 1
3 2 1
1 0 1
5 4 1
35 34 1
