78
10 5 3249
6 5 16353
11 3 35195
3 0 41065
37 27 41503
21 15 51505
18 11 67216
38 33 79800
32 19 97428
37 36 107348
35 0 110445
33 27 117669
24 14 120145
36 25 139030
17 13 143576
38 23 143854
7 1 144668
24 12 151128
37 31 171284
37 28 175250
38 22 178111
9 1 198017
37 13 218270
18 10 230906
25 6 235633
32 7 246334
26 20 281460
22 15 282916
26 2 285663
7 4 291288
30 23 299262
14 7 304524
36 26 322127
29 28 322495
37 32 329630
11 8 337807
23 16 448918
34 8 471941
39 20 493979
4 3 999224
34 5 978668
8 3 976327
38 28 974253
16 13 972484
39 9 968618
26 16 956000
36 31 953820
35 6 934621
27 20 922895
38 16 919833
31 30 906210
10 5 896680
22 3 893578
38 4 857313
11 3 857209
37 15 852420
32 23 851102
17 4 846629
25 13 840140
18 8 835365
24 8 833292
39 35 824933
21 0 813990
19 2 785551
30 28 764732
20 17 757007
32 18 742725
25 19 729013
26 21 728995
14 12 719356
31 12 697972
24 6 673098
33 29 665447
20 1 642328
33 5 639363
11 7 613379
29 16 602537
37 26 514711
