40 1000000
670370
677873 670370
958935 670370 677873
670370 708712 670370 670370
769094 670370 677873 769094 670370
769094 670370 677873 769094 670370 983647
670370 855332 670370 670370 708712 670370 670370
662193 662193 662193 662193 662193 662193 662193 662193
670370 801983 670370 670370 708712 670370 670370 801983 662193
769094 670370 677873 769094 670370 996751 983647 670370 662193 670370
958935 670370 677873 964805 670370 769094 769094 670370 662193 670370 769094
670370 695476 670370 670370 695476 670370 670370 695476 662193 695476 670370 670370
764367 670370 677873 764367 670370 764367 764367 670370 662193 670370 764367 764367 670370
670370 695476 670370 670370 695476 670370 670370 695476 662193 695476 670370 670370 848872 670370
717084 670370 677873 717084 670370 717084 717084 670370 662193 670370 717084 717084 670370 717084 670370
551082 551082 551082 551082 551082 551082 551082 551082 551082 551082 551082 551082 551082 551082 551082 551082
764367 670370 677873 764367 670370 764367 764367 670370 662193 670370 764367 764367 670370 856424 670370 717084 551082
932784 670370 677873 932784 670370 769094 769094 670370 662193 670370 769094 932784 670370 764367 670370 717084 551082 764367
670370 753666 670370 670370 708712 670370 670370 753666 662193 753666 670370 670370 695476 670370 695476 670370 551082 670370 670370
677873 670370 714337 677873 670370 677873 677873 670370 662193 670370 677873 677873 670370 677873 670370 677873 551082 677873 677873 670370
717084 670370 677873 717084 670370 717084 717084 670370 662193 670370 717084 717084 670370 717084 670370 948495 551082 717084 717084 670370 677873
764367 670370 677873 764367 670370 764367 764367 670370 662193 670370 764367 764367 670370 781730 670370 717084 551082 781730 764367 670370 677873 717084
764367 670370 677873 764367 670370 764367 764367 670370 662193 670370 764367 764367 670370 781730 670370 717084 551082 781730 764367 670370 677873 717084 821889
670370 695476 670370 670370 695476 670370 670370 695476 662193 695476 670370 670370 848872 670370 879855 670370 551082 670370 670370 695476 670370 670370 670370 670370
764367 670370 677873 764367 670370 764367 764367 670370 662193 670370 764367 764367 670370 781730 670370 717084 551082 781730 764367 670370 677873 717084 821889 856146 670370
677873 670370 714337 677873 670370 677873 677873 670370 662193 670370 677873 677873 670370 677873 670370 677873 551082 677873 677873 670370 718540 677873 677873 677873 670370 677873
764367 670370 677873 764367 670370 764367 764367 670370 662193 670370 764367 764367 670370 781730 670370 717084 551082 781730 764367 670370 677873 717084 821889 856146 670370 860970 677873
764367 670370 677873 764367 670370 764367 764367 670370 662193 670370 764367 764367 670370 781730 670370 717084 551082 781730 764367 670370 677873 717084 821889 824750 670370 824750 677873 824750
677505 670370 677505 677505 670370 677505 677505 670370 662193 670370 677505 677505 670370 677505 670370 677505 551082 677505 677505 670370 677505 677505 677505 677505 670370 677505 677505 677505 677505
700738 670370 677873 700738 670370 700738 700738 670370 662193 670370 700738 700738 670370 700738 670370 700738 551082 700738 700738 670370 677873 700738 700738 700738 670370 700738 677873 700738 700738 677505
764367 670370 677873 764367 670370 764367 764367 670370 662193 670370 764367 764367 670370 781730 670370 717084 551082 781730 764367 670370 677873 717084 821889 828716 670370 828716 677873 828716 824750 677505 700738
670370 753666 670370 670370 708712 670370 670370 753666 662193 753666 670370 670370 695476 670370 695476 670370 551082 670370 670370 902572 670370 670370 670370 670370 695476 670370 670370 670370 670370 670370 670370 670370
764367 670370 677873 764367 670370 764367 764367 670370 662193 670370 764367 764367 670370 781730 670370 717084 551082 781730 764367 670370 677873 717084 821889 856146 670370 860970 677873 882331 824750 677505 700738 828716 670370
528059 528059 528059 528059 528059 528059 528059 528059 528059 528059 528059 528059 528059 528059 528059 528059 528059 528059 528059 528059 528059 528059 528059 528059 528059 528059 528059 528059 528059 528059 528059 528059 528059 528059
889555 670370 677873 889555 670370 769094 769094 670370 662193 670370 769094 889555 670370 764367 670370 717084 551082 764367 889555 670370 677873 717084 764367 764367 670370 764367 677873 764367 764367 677505 700738 764367 670370 764367 528059
764367 670370 677873 764367 670370 764367 764367 670370 662193 670370 764367 764367 670370 781730 670370 717084 551082 781730 764367 670370 677873 717084 821889 856146 670370 860970 677873 892652 824750 677505 700738 828716 670370 882331 528059 764367
764367 670370 677873 764367 670370 764367 764367 670370 662193 670370 764367 764367 670370 781730 670370 717084 551082 781730 764367 670370 677873 717084 821889 856146 670370 860970 677873 958497 824750 677505 700738 828716 670370 882331 528059 764367 892652
764367 670370 677873 764367 670370 764367 764367 670370 662193 670370 764367 764367 670370 781730 670370 717084 551082 781730 764367 670370 677873 717084 821889 856146 670370 860970 677873 882331 824750 677505 700738 828716 670370 920200 528059 764367 882331 882331
506021 506021 506021 506021 506021 506021 506021 506021 506021 506021 506021 506021 506021 506021 506021 506021 506021 506021 506021 506021 506021 506021 506021 506021 506021 506021 506021 506021 506021 506021 506021 506021 506021 506021 506021 506021 506021 506021 506021
642328
728995 642328
728995 642328 729013
728995 642328 729013 999224
602537 602537 602537 602537 602537
673098 642328 673098 673098 673098 602537
613379 613379 613379 613379 613379 602537 613379
728995 642328 729013 976327 976327 602537 673098 613379
673098 642328 673098 673098 673098 602537 824933 613379 673098
602537 602537 602537 602537 602537 896680 602537 602537 602537 602537
728995 642328 729013 857209 857209 602537 673098 613379 857209 673098 602537
697972 642328 697972 697972 697972 602537 673098 613379 697972 673098 602537 697972
728995 642328 729013 857313 857313 602537 673098 613379 857313 673098 602537 857209 697972
697972 642328 697972 697972 697972 602537 673098 613379 697972 673098 602537 697972 719356 697972
514711 514711 514711 514711 514711 514711 514711 514711 514711 514711 514711 514711 514711 514711 514711
728995 642328 729013 857313 857313 602537 673098 613379 857313 673098 602537 857209 697972 972484 697972 514711
728995 642328 729013 846629 846629 602537 673098 613379 846629 673098 602537 846629 697972 846629 697972 514711 846629
728995 642328 729013 835365 835365 602537 673098 613379 835365 673098 602537 835365 697972 835365 697972 514711 835365 835365
728995 642328 785551 729013 729013 602537 673098 613379 729013 673098 602537 729013 697972 729013 697972 514711 729013 729013 729013
728995 642328 729013 757007 757007 602537 673098 613379 757007 673098 602537 757007 697972 757007 697972 514711 757007 757007 757007 729013
813990 642328 728995 728995 728995 602537 673098 613379 728995 673098 602537 728995 697972 728995 697972 514711 728995 728995 728995 728995 728995
728995 642328 729013 893578 893578 602537 673098 613379 893578 673098 602537 857209 697972 857313 697972 514711 857313 846629 835365 729013 757007 728995
728995 642328 729013 742725 742725 602537 673098 613379 742725 673098 602537 742725 697972 742725 697972 514711 742725 742725 742725 729013 742725 728995 742725
728995 642328 729013 833292 833292 602537 673098 613379 833292 673098 602537 833292 697972 833292 697972 514711 833292 833292 833292 729013 757007 728995 833292 742725
728995 642328 729013 840140 840140 602537 673098 613379 840140 673098 602537 840140 697972 840140 697972 514711 840140 840140 835365 729013 757007 728995 840140 742725 833292
728995 642328 729013 857313 857313 602537 673098 613379 857313 673098 602537 857209 697972 956000 697972 514711 956000 846629 835365 729013 757007 728995 857313 742725 833292 840140
728995 642328 729013 757007 757007 602537 673098 613379 757007 673098 602537 757007 697972 757007 697972 514711 757007 757007 757007 729013 922895 728995 757007 742725 757007 757007 757007
728995 642328 729013 857313 857313 602537 673098 613379 857313 673098 602537 857209 697972 919833 697972 514711 919833 846629 835365 729013 757007 728995 857313 742725 833292 840140 919833 757007
602537 602537 602537 602537 602537 639363 602537 602537 602537 602537 639363 602537 602537 602537 602537 514711 602537 602537 602537 602537 602537 602537 602537 602537 602537 602537 602537 602537 602537
728995 642328 729013 764732 764732 602537 673098 613379 764732 673098 602537 764732 697972 764732 697972 514711 764732 764732 764732 729013 757007 728995 764732 742725 764732 764732 764732 757007 764732 602537
728995 642328 729013 764732 764732 602537 673098 613379 764732 673098 602537 764732 697972 764732 697972 514711 764732 764732 764732 729013 757007 728995 764732 742725 764732 764732 764732 757007 764732 602537 906210
728995 642328 729013 742725 742725 602537 673098 613379 742725 673098 602537 742725 697972 742725 697972 514711 742725 742725 742725 729013 742725 728995 742725 851102 742725 742725 742725 742725 742725 602537 742725 742725
602537 602537 602537 602537 602537 639363 602537 602537 602537 602537 639363 602537 602537 602537 602537 514711 602537 602537 602537 602537 602537 602537 602537 602537 602537 602537 602537 602537 602537 665447 602537 602537 602537
602537 602537 602537 602537 602537 978668 602537 602537 602537 602537 896680 602537 602537 602537 602537 514711 602537 602537 602537 602537 602537 602537 602537 602537 602537 602537 602537 602537 602537 639363 602537 602537 602537 639363
673098 642328 673098 673098 673098 602537 934621 613379 673098 824933 602537 673098 673098 673098 673098 514711 673098 673098 673098 673098 673098 673098 673098 673098 673098 673098 673098 673098 673098 602537 673098 673098 673098 602537 602537
728995 642328 729013 764732 764732 602537 673098 613379 764732 673098 602537 764732 697972 764732 697972 514711 764732 764732 764732 729013 757007 728995 764732 742725 764732 764732 764732 757007 764732 602537 906210 953820 742725 602537 602537 673098
514711 514711 514711 514711 514711 514711 514711 514711 514711 514711 514711 514711 514711 514711 514711 852420 514711 514711 514711 514711 514711 514711 514711 514711 514711 514711 514711 514711 514711 514711 514711 514711 514711 514711 514711 514711 514711
728995 642328 729013 857313 857313 602537 673098 613379 857313 673098 602537 857209 697972 919833 697972 514711 919833 846629 835365 729013 757007 728995 857313 742725 833292 840140 919833 757007 974253 602537 764732 764732 742725 602537 602537 673098 764732 514711
673098 642328 673098 673098 673098 602537 824933 613379 673098 968618 602537 673098 673098 673098 673098 514711 673098 673098 673098 673098 673098 673098 673098 673098 673098 673098 673098 673098 673098 602537 673098 673098 673098 602537 602537 824933 673098 514711 673098
