78
32 2 0
31 21 0
31 24 0
31 25 0
31 26 0
31 28 0
31 29 0
31 30 0
32 0 0
32 1 0
31 20 0
32 4 0
32 5 0
32 6 0
32 7 0
32 8 0
32 13 0
32 14 0
32 17 0
32 18 0
31 5 0
32 19 0
33 29 0
34 0 0
38 14 0
37 36 0
37 26 0
37 35 0
39 30 0
11 3 0
11 10 0
12 3 0
22 15 0
22 12 0
15 13 1
35 27 1
36 9 1
39 16 1
35 23 1
12 4 2
39 23 2
16 3 2
16 0 2
35 16 2
35 15 2
16 6 2
16 7 2
35 12 2
35 11 2
38 11 2
39 22 2
12 8 2
12 9 2
38 10 2
10 2 2
16 14 2
17 3 2
3 1 2
34 27 2
35 23 2
36 16 2
33 16 2
39 27 2
19 7 2
20 4 2
32 2 2
24 21 2
24 8 2
30 9 2
31 10 2
29 27 2
27 26 2
28 8 1
28 5 1
13 5 1
26 25 1
26 18 1
37 18 1
