40 1000000
893814
0 0
808488 808488 0
0 0 377106 0
0 0 377106 0 607352
735217 735217 0 735217 0 0
808488 808488 0 860179 0 0 735217
952655 893814 0 808488 0 0 735217 808488
0 0 377106 0 607352 799018 0 0 0
0 0 377106 0 818950 607352 0 0 0 607352
0 0 377106 0 607352 860514 0 0 0 799018 607352
0 0 377106 0 818950 607352 0 0 0 607352 959270 607352
0 0 377106 0 756464 607352 0 0 0 607352 756464 607352 756464
696576 696576 0 696576 0 0 696576 696576 696576 0 0 0 0 0
701317 701317 0 701317 0 0 701317 701317 701317 0 0 0 0 0 696576
0 0 377106 0 734186 607352 0 0 0 607352 734186 607352 734186 734186 0 0
802022 802022 0 802022 0 0 735217 802022 802022 0 0 0 0 0 696576 701317 0
765186 765186 0 765186 0 0 735217 765186 765186 0 0 0 0 0 696576 701317 0 765186
808488 808488 0 892737 0 0 735217 860179 808488 0 0 0 0 0 696576 701317 0 802022 765186
0 0 377106 0 607352 860514 0 0 0 799018 607352 934615 607352 607352 0 0 607352 0 0 0
0 0 377106 0 607352 860514 0 0 0 799018 607352 881262 607352 607352 0 0 607352 0 0 0 881262
952655 893814 0 808488 0 0 735217 808488 996581 0 0 0 0 0 696576 701317 0 802022 765186 808488 0 0
0 0 377106 0 789419 607352 0 0 0 607352 789419 607352 789419 756464 0 0 734186 0 0 0 607352 607352 0
735202 735202 0 735202 0 0 735202 735202 735202 0 0 0 0 0 696576 701317 0 735202 735202 735202 0 0 735202 0
746749 746749 0 746749 0 0 735217 746749 746749 0 0 0 0 0 696576 701317 0 746749 746749 746749 0 0 746749 0 735202
0 0 377106 0 607352 704388 0 0 0 704388 607352 704388 607352 607352 0 0 607352 0 0 0 704388 704388 0 607352 0 0
335589 335589 0 335589 0 0 335589 335589 335589 0 0 0 0 0 335589 335589 0 335589 335589 335589 0 0 335589 0 335589 335589 0
696576 696576 0 696576 0 0 696576 696576 696576 0 0 0 0 0 968580 696576 0 696576 696576 696576 0 0 696576 0 696576 696576 0 335589
952655 893814 0 808488 0 0 735217 808488 966265 0 0 0 0 0 696576 701317 0 802022 765186 808488 0 0 966265 0 735202 746749 0 335589 696576
802022 802022 0 802022 0 0 735217 802022 802022 0 0 0 0 0 696576 701317 0 871212 765186 802022 0 0 802022 0 735202 746749 0 335589 696576 802022
335589 335589 0 335589 0 0 335589 335589 335589 0 0 0 0 0 335589 335589 0 335589 335589 335589 0 0 335589 0 335589 335589 0 981136 335589 335589 335589
772938 772938 0 772938 0 0 735217 772938 772938 0 0 0 0 0 696576 701317 0 772938 765186 772938 0 0 772938 0 735202 746749 0 335589 696576 772938 772938 335589
772938 772938 0 772938 0 0 735217 772938 772938 0 0 0 0 0 696576 701317 0 772938 765186 772938 0 0 772938 0 735202 746749 0 335589 696576 772938 772938 335589 891205
808488 808488 0 988410 0 0 735217 860179 808488 0 0 0 0 0 696576 701317 0 802022 765186 892737 0 0 808488 0 735202 746749 0 335589 696576 808488 802022 335589 772938 772938
765186 765186 0 765186 0 0 735217 765186 765186 0 0 0 0 0 696576 701317 0 765186 873988 765186 0 0 765186 0 735202 746749 0 335589 696576 765186 765186 335589 765186 765186 765186
0 0 377106 0 607352 848427 0 0 0 799018 607352 848427 607352 607352 0 0 607352 0 0 0 848427 848427 0 607352 0 0 704388 0 0 0 0 0 0 0 0 0
0 0 377106 0 607352 860514 0 0 0 799018 607352 989069 607352 607352 0 0 607352 0 0 0 934615 881262 0 607352 0 0 704388 0 0 0 0 0 0 0 0 0 848427
0 0 377106 0 607352 799018 0 0 0 977915 607352 799018 607352 607352 0 0 607352 0 0 0 799018 799018 0 607352 0 0 704388 0 0 0 0 0 0 0 0 0 799018 799018
884650 884650 0 808488 0 0 735217 808488 884650 0 0 0 0 0 696576 701317 0 802022 765186 808488 0 0 884650 0 735202 746749 0 335589 696576 884650 802022 335589 772938 772938 808488 765186 0 0 0
888305
0 0
774747 774747 0
0 0 407050 0
0 0 626554 0 407050
941905 888305 0 774747 0 0
413100 413100 0 413100 0 0 413100
774747 774747 0 914817 0 0 774747 413100
0 0 626554 0 407050 642877 0 0 0
0 0 752631 0 407050 626554 0 0 0 626554
0 0 627563 0 407050 626554 0 0 0 626554 627563
0 0 726900 0 407050 626554 0 0 0 626554 726900 627563
0 0 627563 0 407050 626554 0 0 0 626554 627563 739766 627563
774747 774747 0 886805 0 0 774747 413100 886805 0 0 0 0 0
658805 658805 0 658805 0 0 658805 413100 658805 0 0 0 0 0 658805
0 0 752631 0 407050 626554 0 0 0 626554 771422 627563 726900 627563 0 0
664411 664411 0 664411 0 0 664411 413100 664411 0 0 0 0 0 664411 658805 0
774747 774747 0 909302 0 0 774747 413100 909302 0 0 0 0 0 886805 658805 0 664411
774747 774747 0 964902 0 0 774747 413100 914817 0 0 0 0 0 886805 658805 0 664411 909302
0 0 789606 0 407050 626554 0 0 0 626554 752631 627563 726900 627563 0 0 752631 0 0 0
0 0 627563 0 407050 626554 0 0 0 626554 627563 860925 627563 739766 0 0 627563 0 0 0 627563
731995 731995 0 731995 0 0 731995 413100 731995 0 0 0 0 0 731995 658805 0 664411 731995 731995 0 0
0 0 789606 0 407050 626554 0 0 0 626554 752631 627563 726900 627563 0 0 752631 0 0 0 806427 627563 0
945364 888305 0 774747 0 0 941905 413100 774747 0 0 0 0 0 774747 658805 0 664411 774747 774747 0 0 731995 0
874375 874375 0 774747 0 0 874375 413100 774747 0 0 0 0 0 774747 658805 0 664411 774747 774747 0 0 731995 0 874375
0 0 627563 0 407050 626554 0 0 0 626554 627563 912323 627563 739766 0 0 627563 0 0 0 627563 860925 0 627563 0 0
727685 727685 0 727685 0 0 727685 413100 727685 0 0 0 0 0 727685 658805 0 664411 727685 727685 0 0 727685 0 727685 727685 0
774747 774747 0 933634 0 0 774747 413100 914817 0 0 0 0 0 886805 658805 0 664411 909302 933634 0 0 731995 0 774747 774747 0 727685
774747 774747 0 914817 0 0 774747 413100 975889 0 0 0 0 0 886805 658805 0 664411 909302 914817 0 0 731995 0 774747 774747 0 727685 914817
874375 874375 0 774747 0 0 874375 413100 774747 0 0 0 0 0 774747 658805 0 664411 774747 774747 0 0 731995 0 874375 999902 0 727685 774747 774747
825550 825550 0 774747 0 0 825550 413100 774747 0 0 0 0 0 774747 658805 0 664411 774747 774747 0 0 731995 0 825550 825550 0 727685 774747 774747 825550
755999 755999 0 755999 0 0 755999 413100 755999 0 0 0 0 0 755999 658805 0 664411 755999 755999 0 0 731995 0 755999 755999 0 727685 755999 755999 755999 755999
774747 774747 0 808606 0 0 774747 413100 808606 0 0 0 0 0 808606 658805 0 664411 808606 808606 0 0 731995 0 774747 774747 0 727685 808606 808606 774747 774747 755999
774747 774747 0 914817 0 0 774747 413100 956791 0 0 0 0 0 886805 658805 0 664411 909302 914817 0 0 731995 0 774747 774747 0 727685 914817 956791 774747 774747 755999 808606
774747 774747 0 886805 0 0 774747 413100 886805 0 0 0 0 0 952662 658805 0 664411 886805 886805 0 0 731995 0 774747 774747 0 727685 886805 886805 774747 774747 755999 808606 886805
0 0 413962 0 407050 413962 0 0 0 413962 413962 413962 413962 413962 0 0 413962 0 0 0 413962 413962 0 413962 0 0 413962 0 0 0 0 0 0 0 0 0
0 0 413962 0 407050 413962 0 0 0 413962 413962 413962 413962 413962 0 0 413962 0 0 0 413962 413962 0 413962 0 0 413962 0 0 0 0 0 0 0 0 0 855086
0 0 789606 0 407050 626554 0 0 0 626554 752631 627563 726900 627563 0 0 752631 0 0 0 806427 627563 0 858533 0 0 627563 0 0 0 0 0 0 0 0 0 413962 413962
761409 761409 0 761409 0 0 761409 413100 761409 0 0 0 0 0 761409 658805 0 664411 761409 761409 0 0 731995 0 761409 761409 0 727685 761409 761409 761409 761409 755999 761409 761409 761409 0 0 0
