76
1 0 345003
10 9 345003
13 12 345003
7 6 345003
16 15 345003
19 18 345003
22 21 345003
25 24 345003
28 27 345003
31 30 345003
4 3 345003
34 33 345003
37 36 345003
8 7 633482
11 10 633482
38 37 633482
14 13 633482
17 16 633482
35 34 633482
20 19 633482
23 22 633482
26 25 633482
32 31 633482
29 28 633482
2 1 633482
5 4 633482
33 32 775132
30 29 775132
36 35 775132
3 2 775132
18 17 775132
12 11 775132
9 8 775132
15 14 775132
27 26 775132
24 23 775132
6 5 775132
21 20 775132
24 23 775132
36 35 775132
9 8 775132
21 20 775132
12 11 775132
6 5 775132
3 2 775132
27 26 775132
18 17 775132
30 29 775132
15 14 775132
33 32 775132
26 25 633482
5 4 633482
2 1 633482
29 28 633482
32 31 633482
23 22 633482
20 19 633482
8 7 633482
11 10 633482
38 37 633482
14 13 633482
17 16 633482
35 34 633482
34 33 345003
10 9 345003
13 12 345003
7 6 345003
16 15 345003
19 18 345003
22 21 345003
25 24 345003
28 27 345003
31 30 345003
4 3 345003
37 36 345003
1 0 345003
