39 1000000
654997
366518 366518
224868 224868 224868
224868 224868 224868 654997
224868 224868 224868 366518 366518
224868 224868 224868 224868 224868 224868
224868 224868 224868 224868 224868 224868 654997
224868 224868 224868 224868 224868 224868 366518 366518
224868 224868 224868 224868 224868 224868 224868 224868 224868
224868 224868 224868 224868 224868 224868 224868 224868 224868 654997
224868 224868 224868 224868 224868 224868 224868 224868 224868 366518 366518
224868 224868 224868 224868 224868 224868 224868 224868 224868 224868 224868 224868
224868 224868 224868 224868 224868 224868 224868 224868 224868 224868 224868 224868 654997
224868 224868 224868 224868 224868 224868 224868 224868 224868 224868 224868 224868 366518 366518
224868 224868 224868 224868 224868 224868 224868 224868 224868 224868 224868 224868 224868 224868 224868
224868 224868 224868 224868 224868 224868 224868 224868 224868 224868 224868 224868 224868 224868 224868 654997
224868 224868 224868 224868 224868 224868 224868 224868 224868 224868 224868 224868 224868 224868 224868 366518 366518
224868 224868 224868 224868 224868 224868 224868 224868 224868 224868 224868 224868 224868 224868 224868 224868 224868 224868
224868 224868 224868 224868 224868 224868 224868 224868 224868 224868 224868 224868 224868 224868 224868 224868 224868 224868 654997
224868 224868 224868 224868 224868 224868 224868 224868 224868 224868 224868 224868 224868 224868 224868 224868 224868 224868 366518 366518
224868 224868 224868 224868 224868 224868 224868 224868 224868 224868 224868 224868 224868 224868 224868 224868 224868 224868 224868 224868 224868
224868 224868 224868 224868 224868 224868 224868 224868 224868 224868 224868 224868 224868 224868 224868 224868 224868 224868 224868 224868 224868 654997
224868 224868 224868 224868 224868 224868 224868 224868 224868 224868 224868 224868 224868 224868 224868 224868 224868 224868 224868 224868 224868 366518 366518
224868 224868 224868 224868 224868 224868 224868 224868 224868 224868 224868 224868 224868 224868 224868 224868 224868 224868 224868 224868 224868 224868 224868 224868
224868 224868 224868 224868 224868 224868 224868 224868 224868 224868 224868 224868 224868 224868 224868 224868 224868 224868 224868 224868 224868 224868 224868 224868 654997
224868 224868 224868 224868 224868 224868 224868 224868 224868 224868 224868 224868 224868 224868 224868 224868 224868 224868 224868 224868 224868 224868 224868 224868 366518 366518
224868 224868 224868 224868 224868 224868 224868 224868 224868 224868 224868 224868 224868 224868 224868 224868 224868 224868 224868 224868 224868 224868 224868 224868 224868 224868 224868
224868 224868 224868 224868 224868 224868 224868 224868 224868 224868 224868 224868 224868 224868 224868 224868 224868 224868 224868 224868 224868 224868 224868 224868 224868 224868 224868 654997
224868 224868 224868 224868 224868 224868 224868 224868 224868 224868 224868 224868 224868 224868 224868 224868 224868 224868 224868 224868 224868 224868 224868 224868 224868 224868 224868 366518 366518
224868 224868 224868 224868 224868 224868 224868 224868 224868 224868 224868 224868 224868 224868 224868 224868 224868 224868 224868 224868 224868 224868 224868 224868 224868 224868 224868 224868 224868 224868
224868 224868 224868 224868 224868 224868 224868 224868 224868 224868 224868 224868 224868 224868 224868 224868 224868 224868 224868 224868 224868 224868 224868 224868 224868 224868 224868 224868 224868 224868 654997
224868 224868 224868 224868 224868 224868 224868 224868 224868 224868 224868 224868 224868 224868 224868 224868 224868 224868 224868 224868 224868 224868 224868 224868 224868 224868 224868 224868 224868 224868 366518 366518
224868 224868 224868 224868 224868 224868 224868 224868 224868 224868 224868 224868 224868 224868 224868 224868 224868 224868 224868 224868 224868 224868 224868 224868 224868 224868 224868 224868 224868 224868 224868 224868 224868
224868 224868 224868 224868 224868 224868 224868 224868 224868 224868 224868 224868 224868 224868 224868 224868 224868 224868 224868 224868 224868 224868 224868 224868 224868 224868 224868 224868 224868 224868 224868 224868 224868 654997
224868 224868 224868 224868 224868 224868 224868 224868 224868 224868 224868 224868 224868 224868 224868 224868 224868 224868 224868 224868 224868 224868 224868 224868 224868 224868 224868 224868 224868 224868 224868 224868 224868 366518 366518
224868 224868 224868 224868 224868 224868 224868 224868 224868 224868 224868 224868 224868 224868 224868 224868 224868 224868 224868 224868 224868 224868 224868 224868 224868 224868 224868 224868 224868 224868 224868 224868 224868 224868 224868 224868
224868 224868 224868 224868 224868 224868 224868 224868 224868 224868 224868 224868 224868 224868 224868 224868 224868 224868 224868 224868 224868 224868 224868 224868 224868 224868 224868 224868 224868 224868 224868 224868 224868 224868 224868 224868 654997
224868 224868 224868 224868 224868 224868 224868 224868 224868 224868 224868 224868 224868 224868 224868 224868 224868 224868 224868 224868 224868 224868 224868 224868 224868 224868 224868 224868 224868 224868 224868 224868 224868 224868 224868 224868 366518 366518
345003
345003 633482
345003 633482 775132
345003 345003 345003 345003
345003 345003 345003 345003 633482
345003 345003 345003 345003 633482 775132
345003 345003 345003 345003 345003 345003 345003
345003 345003 345003 345003 345003 345003 345003 633482
345003 345003 345003 345003 345003 345003 345003 633482 775132
345003 345003 345003 345003 345003 345003 345003 345003 345003 345003
345003 345003 345003 345003 345003 345003 345003 345003 345003 345003 633482
345003 345003 345003 345003 345003 345003 345003 345003 345003 345003 633482 775132
345003 345003 345003 345003 345003 345003 345003 345003 345003 345003 345003 345003 345003
345003 345003 345003 345003 345003 345003 345003 345003 345003 345003 345003 345003 345003 633482
345003 345003 345003 345003 345003 345003 345003 345003 345003 345003 345003 345003 345003 633482 775132
345003 345003 345003 345003 345003 345003 345003 345003 345003 345003 345003 345003 345003 345003 345003 345003
345003 345003 345003 345003 345003 345003 345003 345003 345003 345003 345003 345003 345003 345003 345003 345003 633482
345003 345003 345003 345003 345003 345003 345003 345003 345003 345003 345003 345003 345003 345003 345003 345003 633482 775132
345003 345003 345003 345003 345003 345003 345003 345003 345003 345003 345003 345003 345003 345003 345003 345003 345003 345003 345003
345003 345003 345003 345003 345003 345003 345003 345003 345003 345003 345003 345003 345003 345003 345003 345003 345003 345003 345003 633482
345003 345003 345003 345003 345003 345003 345003 345003 345003 345003 345003 345003 345003 345003 345003 345003 345003 345003 345003 633482 775132
345003 345003 345003 345003 345003 345003 345003 345003 345003 345003 345003 345003 345003 345003 345003 345003 345003 345003 345003 345003 345003 345003
345003 345003 345003 345003 345003 345003 345003 345003 345003 345003 345003 345003 345003 345003 345003 345003 345003 345003 345003 345003 345003 345003 633482
345003 345003 345003 345003 345003 345003 345003 345003 345003 345003 345003 345003 345003 345003 345003 345003 345003 345003 345003 345003 345003 345003 633482 775132
345003 345003 345003 345003 345003 345003 345003 345003 345003 345003 345003 345003 345003 345003 345003 345003 345003 345003 345003 345003 345003 345003 345003 345003 345003
345003 345003 345003 345003 345003 345003 345003 345003 345003 345003 345003 345003 345003 345003 345003 345003 345003 345003 345003 345003 345003 345003 345003 345003 345003 633482
345003 345003 345003 345003 345003 345003 345003 345003 345003 345003 345003 345003 345003 345003 345003 345003 345003 345003 345003 345003 345003 345003 345003 345003 345003 633482 775132
345003 345003 345003 345003 345003 345003 345003 345003 345003 345003 345003 345003 345003 345003 345003 345003 345003 345003 345003 345003 345003 345003 345003 345003 345003 345003 345003 345003
345003 345003 345003 345003 345003 345003 345003 345003 345003 345003 345003 345003 345003 345003 345003 345003 345003 345003 345003 345003 345003 345003 345003 345003 345003 345003 345003 345003 633482
345003 345003 345003 345003 345003 345003 345003 345003 345003 345003 345003 345003 345003 345003 345003 345003 345003 345003 345003 345003 345003 345003 345003 345003 345003 345003 345003 345003 633482 775132
345003 345003 345003 345003 345003 345003 345003 345003 345003 345003 345003 345003 345003 345003 345003 345003 345003 345003 345003 345003 345003 345003 345003 345003 345003 345003 345003 345003 345003 345003 345003
345003 345003 345003 345003 345003 345003 345003 345003 345003 345003 345003 345003 345003 345003 345003 345003 345003 345003 345003 345003 345003 345003 345003 345003 345003 345003 345003 345003 345003 345003 345003 633482
345003 345003 345003 345003 345003 345003 345003 345003 345003 345003 345003 345003 345003 345003 345003 345003 345003 345003 345003 345003 345003 345003 345003 345003 345003 345003 345003 345003 345003 345003 345003 633482 775132
345003 345003 345003 345003 345003 345003 345003 345003 345003 345003 345003 345003 345003 345003 345003 345003 345003 345003 345003 345003 345003 345003 345003 345003 345003 345003 345003 345003 345003 345003 345003 345003 345003 345003
345003 345003 345003 345003 345003 345003 345003 345003 345003 345003 345003 345003 345003 345003 345003 345003 345003 345003 345003 345003 345003 345003 345003 345003 345003 345003 345003 345003 345003 345003 345003 345003 345003 345003 633482
345003 345003 345003 345003 345003 345003 345003 345003 345003 345003 345003 345003 345003 345003 345003 345003 345003 345003 345003 345003 345003 345003 345003 345003 345003 345003 345003 345003 345003 345003 345003 345003 345003 345003 633482 775132
345003 345003 345003 345003 345003 345003 345003 345003 345003 345003 345003 345003 345003 345003 345003 345003 345003 345003 345003 345003 345003 345003 345003 345003 345003 345003 345003 345003 345003 345003 345003 345003 345003 345003 345003 345003 345003
345003 345003 345003 345003 345003 345003 345003 345003 345003 345003 345003 345003 345003 345003 345003 345003 345003 345003 345003 345003 345003 345003 345003 345003 345003 345003 345003 345003 345003 345003 345003 345003 345003 345003 345003 345003 345003 633482
