78
29 28 285224
1 0 285224
13 12 285224
25 24 285224
9 8 285224
37 36 285224
17 16 285224
33 32 285224
21 20 285224
5 4 285224
22 21 294272
18 17 294272
26 25 294272
14 13 294272
10 9 294272
6 5 294272
2 1 294272
38 37 294272
34 33 294272
30 29 294272
35 34 312487
11 10 312487
27 26 312487
15 14 312487
19 18 312487
39 38 312487
31 30 312487
23 22 312487
7 6 312487
3 2 312487
32 31 944501
4 3 944501
36 35 944501
8 7 944501
20 19 944501
12 11 944501
16 15 944501
28 27 944501
24 23 944501
36 35 944501
24 23 944501
16 15 944501
20 19 944501
12 11 944501
8 7 944501
28 27 944501
4 3 944501
32 31 944501
19 18 312487
3 2 312487
7 6 312487
23 22 312487
35 34 312487
31 30 312487
11 10 312487
39 38 312487
27 26 312487
15 14 312487
14 13 294272
22 21 294272
2 1 294272
38 37 294272
6 5 294272
18 17 294272
34 33 294272
30 29 294272
26 25 294272
10 9 294272
1 0 285224
13 12 285224
25 24 285224
9 8 285224
37 36 285224
17 16 285224
33 32 285224
21 20 285224
5 4 285224
29 28 285224
