40 1000000
714776
705728 705728
687513 687513 687513
55499 55499 55499 55499
55499 55499 55499 55499 714776
55499 55499 55499 55499 705728 705728
55499 55499 55499 55499 687513 687513 687513
55499 55499 55499 55499 55499 55499 55499 55499
55499 55499 55499 55499 55499 55499 55499 55499 714776
55499 55499 55499 55499 55499 55499 55499 55499 705728 705728
55499 55499 55499 55499 55499 55499 55499 55499 687513 687513 687513
55499 55499 55499 55499 55499 55499 55499 55499 55499 55499 55499 55499
55499 55499 55499 55499 55499 55499 55499 55499 55499 55499 55499 55499 714776
55499 55499 55499 55499 55499 55499 55499 55499 55499 55499 55499 55499 705728 705728
55499 55499 55499 55499 55499 55499 55499 55499 55499 55499 55499 55499 687513 687513 687513
55499 55499 55499 55499 55499 55499 55499 55499 55499 55499 55499 55499 55499 55499 55499 55499
55499 55499 55499 55499 55499 55499 55499 55499 55499 55499 55499 55499 55499 55499 55499 55499 714776
55499 55499 55499 55499 55499 55499 55499 55499 55499 55499 55499 55499 55499 55499 55499 55499 705728 705728
55499 55499 55499 55499 55499 55499 55499 55499 55499 55499 55499 55499 55499 55499 55499 55499 687513 687513 687513
55499 55499 55499 55499 55499 55499 55499 55499 55499 55499 55499 55499 55499 55499 55499 55499 55499 55499 55499 55499
55499 55499 55499 55499 55499 55499 55499 55499 55499 55499 55499 55499 55499 55499 55499 55499 55499 55499 55499 55499 714776
55499 55499 55499 55499 55499 55499 55499 55499 55499 55499 55499 55499 55499 55499 55499 55499 55499 55499 55499 55499 705728 705728
55499 55499 55499 55499 55499 55499 55499 55499 55499 55499 55499 55499 55499 55499 55499 55499 55499 55499 55499 55499 687513 687513 687513
55499 55499 55499 55499 55499 55499 55499 55499 55499 55499 55499 55499 55499 55499 55499 55499 55499 55499 55499 55499 55499 55499 55499 55499
55499 55499 55499 55499 55499 55499 55499 55499 55499 55499 55499 55499 55499 55499 55499 55499 55499 55499 55499 55499 55499 55499 55499 55499 714776
55499 55499 55499 55499 55499 55499 55499 55499 55499 55499 55499 55499 55499 55499 55499 55499 55499 55499 55499 55499 55499 55499 55499 55499 705728 705728
55499 55499 55499 55499 55499 55499 55499 55499 55499 55499 55499 55499 55499 55499 55499 55499 55499 55499 55499 55499 55499 55499 55499 55499 687513 687513 687513
55499 55499 55499 55499 55499 55499 55499 55499 55499 55499 55499 55499 55499 55499 55499 55499 55499 55499 55499 55499 55499 55499 55499 55499 55499 55499 55499 55499
55499 55499 55499 55499 55499 55499 55499 55499 55499 55499 55499 55499 55499 55499 55499 55499 55499 55499 55499 55499 55499 55499 55499 55499 55499 55499 55499 55499 714776
55499 55499 55499 55499 55499 55499 55499 55499 55499 55499 55499 55499 55499 55499 55499 55499 55499 55499 55499 55499 55499 55499 55499 55499 55499 55499 55499 55499 705728 705728
55499 55499 55499 55499 55499 55499 55499 55499 55499 55499 55499 55499 55499 55499 55499 55499 55499 55499 55499 55499 55499 55499 55499 55499 55499 55499 55499 55499 687513 687513 687513
55499 55499 55499 55499 55499 55499 55499 55499 55499 55499 55499 55499 55499 55499 55499 55499 55499 55499 55499 55499 55499 55499 55499 55499 55499 55499 55499 55499 55499 55499 55499 55499
55499 55499 55499 55499 55499 55499 55499 55499 55499 55499 55499 55499 55499 55499 55499 55499 55499 55499 55499 55499 55499 55499 55499 55499 55499 55499 55499 55499 55499 55499 55499 55499 714776
55499 55499 55499 55499 55499 55499 55499 55499 55499 55499 55499 55499 55499 55499 55499 55499 55499 55499 55499 55499 55499 55499 55499 55499 55499 55499 55499 55499 55499 55499 55499 55499 705728 705728
55499 55499 55499 55499 55499 55499 55499 55499 55499 55499 55499 55499 55499 55499 55499 55499 55499 55499 55499 55499 55499 55499 55499 55499 55499 55499 55499 55499 55499 55499 55499 55499 687513 687513 687513
55499 55499 55499 55499 55499 55499 55499 55499 55499 55499 55499 55499 55499 55499 55499 55499 55499 55499 55499 55499 55499 55499 55499 55499 55499 55499 55499 55499 55499 55499 55499 55499 55499 55499 55499 55499
55499 55499 55499 55499 55499 55499 55499 55499 55499 55499 55499 55499 55499 55499 55499 55499 55499 55499 55499 55499 55499 55499 55499 55499 55499 55499 55499 55499 55499 55499 55499 55499 55499 55499 55499 55499 714776
55499 55499 55499 55499 55499 55499 55499 55499 55499 55499 55499 55499 55499 55499 55499 55499 55499 55499 55499 55499 55499 55499 55499 55499 55499 55499 55499 55499 55499 55499 55499 55499 55499 55499 55499 55499 705728 705728
55499 55499 55499 55499 55499 55499 55499 55499 55499 55499 55499 55499 55499 55499 55499 55499 55499 55499 55499 55499 55499 55499 55499 55499 55499 55499 55499 55499 55499 55499 55499 55499 55499 55499 55499 55499 687513 687513 687513
285224
285224 294272
285224 294272 312487
285224 294272 312487 944501
285224 285224 285224 285224 285224
285224 285224 285224 285224 285224 294272
285224 285224 285224 285224 285224 294272 312487
285224 285224 285224 285224 285224 294272 312487 944501
285224 285224 285224 285224 285224 285224 285224 285224 285224
285224 285224 285224 285224 285224 285224 285224 285224 285224 294272
285224 285224 285224 285224 285224 285224 285224 285224 285224 294272 312487
285224 285224 285224 285224 285224 285224 285224 285224 285224 294272 312487 944501
285224 285224 285224 285224 285224 285224 285224 285224 285224 285224 285224 285224 285224
285224 285224 285224 285224 285224 285224 285224 285224 285224 285224 285224 285224 285224 294272
285224 285224 285224 285224 285224 285224 285224 285224 285224 285224 285224 285224 285224 294272 312487
285224 285224 285224 285224 285224 285224 285224 285224 285224 285224 285224 285224 285224 294272 312487 944501
285224 285224 285224 285224 285224 285224 285224 285224 285224 285224 285224 285224 285224 285224 285224 285224 285224
285224 285224 285224 285224 285224 285224 285224 285224 285224 285224 285224 285224 285224 285224 285224 285224 285224 294272
285224 285224 285224 285224 285224 285224 285224 285224 285224 285224 285224 285224 285224 285224 285224 285224 285224 294272 312487
285224 285224 285224 285224 285224 285224 285224 285224 285224 285224 285224 285224 285224 285224 285224 285224 285224 294272 312487 944501
285224 285224 285224 285224 285224 285224 285224 285224 285224 285224 285224 285224 285224 285224 285224 285224 285224 285224 285224 285224 285224
285224 285224 285224 285224 285224 285224 285224 285224 285224 285224 285224 285224 285224 285224 285224 285224 285224 285224 285224 285224 285224 294272
285224 285224 285224 285224 285224 285224 285224 285224 285224 285224 285224 285224 285224 285224 285224 285224 285224 285224 285224 285224 285224 294272 312487
285224 285224 285224 285224 285224 285224 285224 285224 285224 285224 285224 285224 285224 285224 285224 285224 285224 285224 285224 285224 285224 294272 312487 944501
285224 285224 285224 285224 285224 285224 285224 285224 285224 285224 285224 285224 285224 285224 285224 285224 285224 285224 285224 285224 285224 285224 285224 285224 285224
285224 285224 285224 285224 285224 285224 285224 285224 285224 285224 285224 285224 285224 285224 285224 285224 285224 285224 285224 285224 285224 285224 285224 285224 285224 294272
285224 285224 285224 285224 285224 285224 285224 285224 285224 285224 285224 285224 285224 285224 285224 285224 285224 285224 285224 285224 285224 285224 285224 285224 285224 294272 312487
285224 285224 285224 285224 285224 285224 285224 285224 285224 285224 285224 285224 285224 285224 285224 285224 285224 285224 285224 285224 285224 285224 285224 285224 285224 294272 312487 944501
285224 285224 285224 285224 285224 285224 285224 285224 285224 285224 285224 285224 285224 285224 285224 285224 285224 285224 285224 285224 285224 285224 285224 285224 285224 285224 285224 285224 285224
285224 285224 285224 285224 285224 285224 285224 285224 285224 285224 285224 285224 285224 285224 285224 285224 285224 285224 285224 285224 285224 285224 285224 285224 285224 285224 285224 285224 285224 294272
285224 285224 285224 285224 285224 285224 285224 285224 285224 285224 285224 285224 285224 285224 285224 285224 285224 285224 285224 285224 285224 285224 285224 285224 285224 285224 285224 285224 285224 294272 312487
285224 285224 285224 285224 285224 285224 285224 285224 285224 285224 285224 285224 285224 285224 285224 285224 285224 285224 285224 285224 285224 285224 285224 285224 285224 285224 285224 285224 285224 294272 312487 944501
285224 285224 285224 285224 285224 285224 285224 285224 285224 285224 285224 285224 285224 285224 285224 285224 285224 285224 285224 285224 285224 285224 285224 285224 285224 285224 285224 285224 285224 285224 285224 285224 285224
285224 285224 285224 285224 285224 285224 285224 285224 285224 285224 285224 285224 285224 285224 285224 285224 285224 285224 285224 285224 285224 285224 285224 285224 285224 285224 285224 285224 285224 285224 285224 285224 285224 294272
285224 285224 285224 285224 285224 285224 285224 285224 285224 285224 285224 285224 285224 285224 285224 285224 285224 285224 285224 285224 285224 285224 285224 285224 285224 285224 285224 285224 285224 285224 285224 285224 285224 294272 312487
285224 285224 285224 285224 285224 285224 285224 285224 285224 285224 285224 285224 285224 285224 285224 285224 285224 285224 285224 285224 285224 285224 285224 285224 285224 285224 285224 285224 285224 285224 285224 285224 285224 294272 312487 944501
285224 285224 285224 285224 285224 285224 285224 285224 285224 285224 285224 285224 285224 285224 285224 285224 285224 285224 285224 285224 285224 285224 285224 285224 285224 285224 285224 285224 285224 285224 285224 285224 285224 285224 285224 285224 285224
285224 285224 285224 285224 285224 285224 285224 285224 285224 285224 285224 285224 285224 285224 285224 285224 285224 285224 285224 285224 285224 285224 285224 285224 285224 285224 285224 285224 285224 285224 285224 285224 285224 285224 285224 285224 285224 294272
285224 285224 285224 285224 285224 285224 285224 285224 285224 285224 285224 285224 285224 285224 285224 285224 285224 285224 285224 285224 285224 285224 285224 285224 285224 285224 285224 285224 285224 285224 285224 285224 285224 285224 285224 285224 285224 294272 312487
