40 1000000
818898
688143 688143
595716 595716 595716
578746 578746 578746 578746
576782 576782 576782 576782 576782
537823 537823 537823 537823 537823 537823
524624 524624 524624 524624 524624 524624 524624
315747 315747 315747 315747 315747 315747 315747 315747
216054 216054 216054 216054 216054 216054 216054 216054 216054
149391 149391 149391 149391 149391 149391 149391 149391 149391 149391
149391 149391 149391 149391 149391 149391 149391 149391 149391 149391 818898
149391 149391 149391 149391 149391 149391 149391 149391 149391 149391 688143 688143
149391 149391 149391 149391 149391 149391 149391 149391 149391 149391 595716 595716 595716
149391 149391 149391 149391 149391 149391 149391 149391 149391 149391 578746 578746 578746 578746
149391 149391 149391 149391 149391 149391 149391 149391 149391 149391 576782 576782 576782 576782 576782
149391 149391 149391 149391 149391 149391 149391 149391 149391 149391 537823 537823 537823 537823 537823 537823
149391 149391 149391 149391 149391 149391 149391 149391 149391 149391 524624 524624 524624 524624 524624 524624 524624
149391 149391 149391 149391 149391 149391 149391 149391 149391 149391 315747 315747 315747 315747 315747 315747 315747 315747
149391 149391 149391 149391 149391 149391 149391 149391 149391 149391 216054 216054 216054 216054 216054 216054 216054 216054 216054
149391 149391 149391 149391 149391 149391 149391 149391 149391 149391 149391 149391 149391 149391 149391 149391 149391 149391 149391 149391
149391 149391 149391 149391 149391 149391 149391 149391 149391 149391 149391 149391 149391 149391 149391 149391 149391 149391 149391 149391 818898
149391 149391 149391 149391 149391 149391 149391 149391 149391 149391 149391 149391 149391 149391 149391 149391 149391 149391 149391 149391 688143 688143
149391 149391 149391 149391 149391 149391 149391 149391 149391 149391 149391 149391 149391 149391 149391 149391 149391 149391 149391 149391 595716 595716 595716
149391 149391 149391 149391 149391 149391 149391 149391 149391 149391 149391 149391 149391 149391 149391 149391 149391 149391 149391 149391 578746 578746 578746 578746
149391 149391 149391 149391 149391 149391 149391 149391 149391 149391 149391 149391 149391 149391 149391 149391 149391 149391 149391 149391 576782 576782 576782 576782 576782
149391 149391 149391 149391 149391 149391 149391 149391 149391 149391 149391 149391 149391 149391 149391 149391 149391 149391 149391 149391 537823 537823 537823 537823 537823 537823
149391 149391 149391 149391 149391 149391 149391 149391 149391 149391 149391 149391 149391 149391 149391 149391 149391 149391 149391 149391 524624 524624 524624 524624 524624 524624 524624
149391 149391 149391 149391 149391 149391 149391 149391 149391 149391 149391 149391 149391 149391 149391 149391 149391 149391 149391 149391 315747 315747 315747 315747 315747 315747 315747 315747
149391 149391 149391 149391 149391 149391 149391 149391 149391 149391 149391 149391 149391 149391 149391 149391 149391 149391 149391 149391 216054 216054 216054 216054 216054 216054 216054 216054 216054
149391 149391 149391 149391 149391 149391 149391 149391 149391 149391 149391 149391 149391 149391 149391 149391 149391 149391 149391 149391 149391 149391 149391 149391 149391 149391 149391 149391 149391 149391
149391 149391 149391 149391 149391 149391 149391 149391 149391 149391 149391 149391 149391 149391 149391 149391 149391 149391 149391 149391 149391 149391 149391 149391 149391 149391 149391 149391 149391 149391 818898
149391 149391 149391 149391 149391 149391 149391 149391 149391 149391 149391 149391 149391 149391 149391 149391 149391 149391 149391 149391 149391 149391 149391 149391 149391 149391 149391 149391 149391 149391 688143 688143
149391 149391 149391 149391 149391 149391 149391 149391 149391 149391 149391 149391 149391 149391 149391 149391 149391 149391 149391 149391 149391 149391 149391 149391 149391 149391 149391 149391 149391 149391 595716 595716 595716
149391 149391 149391 149391 149391 149391 149391 149391 149391 149391 149391 149391 149391 149391 149391 149391 149391 149391 149391 149391 149391 149391 149391 149391 149391 149391 149391 149391 149391 149391 578746 578746 578746 578746
149391 149391 149391 149391 149391 149391 149391 149391 149391 149391 149391 149391 149391 149391 149391 149391 149391 149391 149391 149391 149391 149391 149391 149391 149391 149391 149391 149391 149391 149391 576782 576782 576782 576782 576782
149391 149391 149391 149391 149391 149391 149391 149391 149391 149391 149391 149391 149391 149391 149391 149391 149391 149391 149391 149391 149391 149391 149391 149391 149391 149391 149391 149391 149391 149391 537823 537823 537823 537823 537823 537823
149391 149391 149391 149391 149391 149391 149391 149391 149391 149391 149391 149391 149391 149391 149391 149391 149391 149391 149391 149391 149391 149391 149391 149391 149391 149391 149391 149391 149391 149391 524624 524624 524624 524624 524624 524624 524624
149391 149391 149391 149391 149391 149391 149391 149391 149391 149391 149391 149391 149391 149391 149391 149391 149391 149391 149391 149391 149391 149391 149391 149391 149391 149391 149391 149391 149391 149391 315747 315747 315747 315747 315747 315747 315747 315747
149391 149391 149391 149391 149391 149391 149391 149391 149391 149391 149391 149391 149391 149391 149391 149391 149391 149391 149391 149391 149391 149391 149391 149391 149391 149391 149391 149391 149391 149391 216054 216054 216054 216054 216054 216054 216054 216054 216054
181102
181102 311857
181102 311857 404284
181102 311857 404284 421254
181102 311857 404284 421254 423218
181102 311857 404284 421254 423218 462177
181102 311857 404284 421254 423218 462177 475376
181102 311857 404284 421254 423218 462177 475376 684253
181102 311857 404284 421254 423218 462177 475376 684253 783946
181102 311857 404284 421254 423218 462177 475376 684253 783946 850609
181102 181102 181102 181102 181102 181102 181102 181102 181102 181102 181102
181102 181102 181102 181102 181102 181102 181102 181102 181102 181102 181102 311857
181102 181102 181102 181102 181102 181102 181102 181102 181102 181102 181102 75985 404284
181102 181102 181102 181102 181102 181102 181102 181102 181102 181102 181102 311857 404284 421254
181102 181102 181102 181102 181102 181102 181102 181102 181102 181102 181102 311857 404284 421254 423218
181102 181102 181102 181102 181102 181102 181102 181102 181102 181102 181102 311857 404284 421254 423218 462177
181102 181102 181102 181102 181102 181102 181102 181102 181102 181102 181102 311857 404284 421254 423218 462177 475376
181102 181102 181102 181102 181102 181102 181102 181102 181102 181102 181102 311857 404284 421254 423218 462177 475376 684253
181102 181102 181102 181102 181102 181102 181102 181102 181102 181102 181102 311857 404284 421254 423218 462177 475376 684253 783946
181102 181102 181102 181102 181102 181102 181102 181102 181102 181102 181102 311857 404284 421254 423218 462177 475376 684253 783946 850609
181102 181102 181102 181102 181102 181102 181102 181102 181102 181102 181102 181102 181102 181102 181102 181102 181102 181102 181102 181102 181102
181102 181102 181102 181102 181102 181102 181102 181102 181102 181102 181102 181102 181102 181102 181102 181102 181102 181102 181102 181102 181102 311857
181102 181102 181102 181102 181102 181102 181102 181102 181102 181102 181102 181102 181102 181102 181102 181102 181102 181102 181102 181102 181102 311857 404284
181102 181102 181102 181102 181102 181102 181102 181102 181102 181102 181102 181102 181102 181102 181102 181102 181102 181102 181102 181102 181102 311857 404284 421254
181102 181102 181102 181102 181102 181102 181102 181102 181102 181102 181102 181102 181102 181102 181102 181102 181102 181102 181102 181102 181102 311857 404284 421254 423218
181102 181102 181102 181102 181102 181102 181102 181102 181102 181102 181102 181102 181102 181102 181102 181102 181102 181102 181102 181102 181102 311857 404284 421254 423218 462177
181102 181102 181102 181102 181102 181102 181102 181102 181102 181102 181102 181102 181102 181102 181102 181102 181102 181102 181102 181102 181102 311857 404284 421254 423218 462177 475376
181102 181102 181102 181102 181102 181102 181102 181102 181102 181102 181102 181102 181102 181102 181102 181102 181102 181102 181102 181102 181102 311857 404284 421254 423218 462177 475376 684253
181102 181102 181102 181102 181102 181102 181102 181102 181102 181102 181102 181102 181102 181102 181102 181102 181102 181102 181102 181102 181102 311857 404284 421254 423218 462177 475376 684253 783946
181102 181102 181102 181102 181102 181102 181102 181102 181102 181102 181102 181102 181102 181102 181102 181102 181102 181102 181102 181102 181102 311857 404284 421254 423218 462177 475376 684253 783946 850609
181102 181102 181102 181102 181102 181102 181102 181102 181102 181102 181102 181102 181102 181102 181102 181102 181102 181102 181102 181102 181102 181102 181102 181102 181102 181102 181102 181102 181102 181102 181102
181102 181102 181102 181102 181102 181102 181102 181102 181102 181102 181102 181102 181102 181102 181102 181102 181102 181102 181102 181102 181102 181102 181102 181102 181102 181102 181102 181102 181102 181102 181102 311857
181102 181102 181102 181102 181102 181102 181102 181102 181102 181102 181102 181102 181102 181102 181102 181102 181102 181102 181102 181102 181102 181102 181102 181102 181102 181102 181102 181102 181102 181102 181102 311857 404284
181102 181102 181102 181102 181102 181102 181102 181102 181102 181102 181102 181102 181102 181102 181102 181102 181102 181102 181102 181102 181102 181102 181102 181102 181102 181102 181102 181102 181102 181102 181102 311857 404284 421254
181102 181102 181102 181102 181102 181102 181102 181102 181102 181102 181102 181102 181102 181102 181102 181102 181102 181102 181102 181102 181102 181102 181102 181102 181102 181102 181102 181102 181102 181102 181102 311857 404284 421254 423218
181102 181102 181102 181102 181102 181102 181102 181102 181102 181102 181102 181102 181102 181102 181102 181102 181102 181102 181102 181102 181102 181102 181102 181102 181102 181102 181102 181102 181102 181102 181102 311857 404284 421254 423218 462177
181102 181102 181102 181102 181102 181102 181102 181102 181102 181102 181102 181102 181102 181102 181102 181102 181102 181102 181102 181102 181102 181102 181102 181102 181102 181102 181102 181102 181102 181102 181102 311857 404284 421254 423218 462177 475376
181102 181102 181102 181102 181102 181102 181102 181102 181102 181102 181102 181102 181102 181102 181102 181102 181102 181102 181102 181102 181102 181102 181102 181102 181102 181102 181102 181102 181102 181102 181102 311857 404284 421254 423218 462177 475376 684253
181102 181102 181102 181102 181102 181102 181102 181102 181102 181102 181102 181102 181102 181102 181102 181102 181102 181102 181102 181102 181102 181102 181102 181102 181102 181102 181102 181102 181102 181102 181102 311857 404284 421254 423218 462177 475376 684253 783946
