39 1000000
533305
533305 533305
533305 533305 533305
533305 533305 854250 533305
533305 533305 533305 533305 533305
533305 533305 533305 533305 533305 533305
533305 533305 533305 533305 533305 533305 533305
533305 533305 533305 533305 533305 854250 533305 533305
533305 533305 533305 533305 533305 533305 854250 533305 533305
533305 533305 533305 533305 533305 854250 533305 533305 854250 533305
533305 533305 533305 533305 533305 533305 533305 533305 533305 533305 533305
533305 533305 533305 533305 533305 533305 533305 533305 533305 533305 533305 533305
533305 533305 533305 533305 533305 533305 533305 533305 533305 533305 533305 854250 533305
533305 533305 854250 533305 854250 533305 533305 533305 533305 533305 533305 533305 533305 533305
533305 533305 533305 533305 533305 533305 533305 533305 533305 533305 533305 533305 533305 533305 533305
533305 533305 533305 533305 533305 533305 533305 533305 533305 533305 533305 533305 533305 533305 533305 533305
533305 533305 533305 533305 533305 533305 533305 533305 533305 533305 533305 533305 533305 533305 533305 533305 533305
854250 533305 533305 533305 533305 533305 533305 533305 533305 533305 533305 533305 533305 533305 533305 533305 533305 533305
533305 533305 533305 533305 533305 533305 533305 533305 533305 533305 533305 533305 533305 533305 533305 533305 533305 533305 533305
533305 533305 533305 533305 533305 533305 533305 533305 533305 533305 533305 533305 533305 533305 533305 533305 533305 533305 533305 533305
533305 533305 533305 533305 533305 533305 533305 533305 533305 533305 533305 533305 533305 533305 533305 533305 533305 533305 533305 533305 533305
533305 533305 533305 533305 533305 533305 533305 533305 533305 533305 533305 533305 533305 533305 533305 533305 533305 533305 533305 533305 533305 533305
854250 533305 533305 533305 533305 533305 533305 533305 533305 533305 533305 533305 533305 533305 533305 533305 533305 533305 854250 533305 533305 533305 533305
533305 854250 533305 533305 533305 533305 533305 533305 533305 533305 533305 533305 533305 533305 533305 533305 533305 533305 533305 533305 533305 533305 533305 533305
533305 533305 533305 533305 533305 533305 533305 533305 533305 533305 533305 854250 533305 854250 533305 533305 533305 533305 533305 533305 533305 533305 533305 533305 533305
533305 533305 533305 533305 533305 533305 533305 533305 533305 533305 533305 533305 533305 533305 533305 533305 533305 533305 533305 533305 533305 533305 533305 533305 533305 533305
533305 533305 533305 533305 533305 533305 533305 533305 533305 533305 533305 533305 533305 533305 533305 533305 533305 533305 533305 533305 533305 533305 533305 533305 533305 533305 533305
854250 533305 533305 533305 533305 533305 533305 533305 533305 533305 533305 533305 533305 533305 533305 533305 533305 533305 854250 533305 533305 533305 533305 854250 533305 533305 533305 533305
533305 533305 533305 533305 533305 533305 533305 533305 533305 533305 533305 533305 533305 533305 533305 533305 533305 533305 533305 533305 854250 533305 533305 533305 533305 533305 533305 533305 533305
533305 533305 533305 533305 533305 533305 533305 533305 533305 533305 533305 533305 533305 533305 533305 533305 533305 533305 533305 533305 533305 533305 533305 533305 533305 533305 533305 533305 533305 533305
533305 533305 533305 533305 533305 533305 533305 533305 533305 533305 533305 533305 533305 533305 533305 533305 533305 533305 533305 533305 533305 533305 533305 533305 533305 533305 533305 533305 533305 533305 533305
854250 533305 533305 533305 533305 533305 533305 533305 533305 533305 533305 533305 533305 533305 533305 533305 533305 533305 854250 533305 533305 533305 533305 854250 533305 533305 533305 533305 854250 533305 533305 533305
533305 533305 533305 533305 533305 533305 533305 533305 533305 533305 533305 533305 533305 533305 533305 533305 533305 533305 533305 533305 533305 533305 533305 533305 533305 533305 533305 533305 533305 533305 533305 533305 533305
533305 533305 533305 533305 533305 533305 533305 533305 533305 533305 533305 533305 533305 533305 533305 533305 533305 533305 533305 533305 533305 533305 533305 533305 533305 533305 533305 533305 533305 533305 533305 533305 533305 533305
854250 533305 533305 533305 533305 533305 533305 533305 533305 533305 533305 533305 533305 533305 533305 533305 533305 533305 854250 533305 533305 533305 533305 854250 533305 533305 533305 533305 854250 533305 533305 533305 854250 533305 533305
533305 533305 533305 533305 533305 533305 533305 533305 533305 533305 533305 533305 533305 533305 533305 533305 533305 533305 533305 533305 533305 533305 533305 533305 533305 533305 533305 533305 533305 533305 533305 533305 533305 533305 533305 533305
533305 533305 533305 533305 533305 533305 533305 533305 533305 533305 533305 533305 533305 533305 533305 533305 533305 533305 533305 533305 533305 533305 533305 533305 533305 533305 533305 533305 533305 533305 533305 533305 533305 533305 533305 533305 533305
533305 533305 533305 533305 533305 533305 533305 533305 533305 533305 533305 533305 533305 533305 533305 533305 533305 533305 533305 533305 533305 533305 533305 533305 533305 533305 533305 533305 533305 533305 533305 533305 533305 533305 533305 533305 533305 533305
466695
466695 466695
466695 466695 466695
145750 145750 145750 145750
466695 466695 466695 466695 145750
466695 466695 466695 466695 145750 466695
466695 466695 466695 466695 145750 466695 466695
145750 145750 145750 145750 145750 145750 145750 145750
145750 145750 145750 145750 145750 145750 145750 145750 145750
145750 145750 145750 145750 145750 145750 145750 145750 145750 145750
466695 466695 466695 466695 145750 466695 466695 466695 145750 145750 145750
466695 466695 466695 466695 145750 466695 466695 466695 145750 145750 145750 466695
145750 145750 145750 145750 145750 145750 145750 145750 145750 145750 145750 145750 145750
145750 145750 145750 145750 145750 145750 145750 145750 145750 145750 145750 145750 145750 145750
466695 466695 466695 466695 145750 466695 466695 466695 145750 145750 145750 466695 466695 145750 145750
145750 145750 145750 145750 145750 145750 145750 145750 145750 145750 145750 145750 145750 466695 145750 145750
466695 466695 466695 466695 145750 466695 466695 466695 145750 145750 145750 466695 466695 145750 145750 466695 145750
145750 145750 145750 145750 145750 145750 145750 145750 145750 145750 145750 145750 145750 145750 145750 145750 145750 145750
145750 145750 145750 145750 145750 145750 145750 145750 145750 145750 466695 145750 145750 145750 145750 145750 145750 145750 145750
466695 466695 466695 466695 145750 466695 466695 466695 145750 145750 145750 466695 466695 145750 145750 466695 145750 466695 145750 145750
145750 145750 145750 145750 466695 145750 145750 145750 145750 145750 145750 145750 145750 145750 145750 145750 145750 145750 145750 145750 145750
145750 145750 145750 145750 145750 145750 145750 145750 145750 145750 145750 145750 145750 466695 145750 145750 466695 145750 145750 145750 145750 145750
145750 145750 145750 145750 145750 145750 145750 145750 145750 145750 145750 145750 145750 145750 145750 145750 145750 145750 145750 145750 145750 145750 145750
145750 145750 145750 145750 145750 145750 145750 145750 145750 145750 145750 145750 145750 145750 145750 145750 145750 145750 145750 145750 145750 145750 145750 145750
145750 145750 145750 145750 145750 145750 145750 145750 145750 145750 145750 145750 145750 145750 145750 145750 145750 145750 145750 145750 145750 145750 145750 145750 145750
466695 466695 466695 466695 145750 466695 466695 466695 145750 145750 145750 466695 466695 145750 145750 466695 145750 466695 145750 145750 466695 145750 145750 145750 145750 145750
466695 466695 466695 466695 145750 466695 466695 466695 145750 145750 145750 466695 466695 145750 145750 466695 145750 466695 145750 145750 466695 145750 145750 145750 145750 145750 466695
145750 145750 145750 145750 145750 145750 145750 145750 145750 145750 145750 145750 145750 145750 145750 145750 145750 145750 145750 145750 145750 145750 145750 145750 145750 145750 145750 145750
145750 145750 145750 145750 145750 145750 145750 145750 145750 145750 145750 145750 145750 145750 145750 145750 145750 145750 145750 145750 145750 145750 145750 145750 145750 145750 145750 145750 145750
145750 145750 145750 145750 145750 145750 145750 145750 145750 466695 145750 145750 145750 145750 145750 145750 145750 145750 145750 145750 145750 145750 145750 145750 145750 145750 145750 145750 145750 145750
145750 145750 145750 145750 145750 145750 145750 145750 145750 145750 466695 145750 145750 145750 145750 145750 145750 145750 145750 466695 145750 145750 145750 145750 145750 145750 145750 145750 145750 145750 145750
145750 145750 145750 145750 145750 145750 145750 145750 145750 145750 145750 145750 145750 145750 145750 145750 145750 145750 145750 145750 145750 145750 145750 145750 145750 145750 145750 145750 145750 145750 145750 145750
145750 145750 145750 145750 145750 145750 145750 145750 145750 466695 145750 145750 145750 145750 145750 145750 145750 145750 145750 145750 145750 145750 145750 145750 145750 145750 145750 145750 145750 145750 466695 145750 145750
145750 145750 145750 145750 145750 145750 145750 145750 145750 145750 145750 145750 145750 145750 145750 145750 145750 145750 145750 145750 145750 145750 145750 145750 145750 466695 145750 145750 145750 145750 145750 145750 145750 145750
145750 145750 145750 145750 145750 145750 145750 145750 145750 145750 145750 145750 145750 145750 145750 145750 145750 145750 145750 145750 145750 145750 145750 145750 145750 145750 145750 145750 145750 145750 145750 145750 145750 145750 145750
145750 145750 145750 145750 145750 145750 145750 145750 145750 466695 145750 145750 145750 145750 145750 145750 145750 145750 145750 145750 145750 145750 145750 145750 145750 145750 145750 145750 145750 145750 466695 145750 145750 466695 145750 145750
145750 145750 145750 145750 145750 145750 145750 145750 145750 145750 145750 145750 145750 145750 145750 145750 145750 145750 145750 145750 145750 145750 145750 145750 145750 466695 145750 145750 145750 145750 145750 145750 145750 145750 466695 145750 145750
466695 466695 466695 466695 145750 466695 466695 466695 145750 145750 145750 466695 466695 145750 145750 466695 145750 466695 145750 145750 466695 145750 145750 145750 145750 145750 466695 466695 145750 145750 145750 145750 145750 145750 145750 145750 145750 145750
