76
35 28 145750
28 18 145750
35 0 145750
32 18 145750
23 0 145750
25 13 145750
13 11 145750
9 6 145750
8 5 145750
29 20 145750
24 1 145750
4 2 145750
10 8 145750
14 4 145750
31 19 466695
31 10 466695
33 9 466695
30 9 466695
37 25 466695
36 30 466695
38 27 466695
38 17 466695
38 20 466695
38 26 466695
38 15 466695
37 34 466695
38 0 466695
38 1 466695
38 2 466695
38 3 466695
38 5 466695
38 6 466695
38 7 466695
38 11 466695
38 12 466695
16 13 466695
21 4 466695
22 16 466695
26 1 466695
17 15 466695
38 26 466695
38 15 466695
21 4 466695
26 0 466695
27 2 466695
27 1 466695
5 0 466695
26 3 466695
26 20 466695
26 6 466695
33 30 466695
17 12 466695
17 11 466695
19 10 466695
38 7 466695
37 34 466695
34 25 466695
22 16 466695
31 10 466695
36 33 466695
22 13 466695
33 9 466695
14 4 145750
23 18 145750
14 2 145750
10 5 145750
10 8 145750
32 23 145750
28 18 145750
35 0 145750
35 32 145750
25 13 145750
13 11 145750
9 6 145750
29 20 145750
24 1 145750
