78
9 5 304702
28 2 304702
16 3 304702
14 5 304702
36 34 304702
14 1 304702
37 29 304702
16 10 304702
19 6 304702
32 19 304702
33 32 304702
25 22 304702
19 0 304702
36 25 304702
30 13 304702
26 12 304702
21 1 304702
29 20 586715
29 23 586715
29 24 586715
29 27 586715
29 17 586715
29 0 586715
29 1 586715
29 2 586715
29 3 586715
29 4 586715
29 7 586715
29 8 586715
29 11 586715
29 13 586715
29 15 586715
31 20 586715
38 17 586715
39 18 586715
39 6 586715
39 12 586715
35 9 586715
22 14 586715
11 8 586715
31 3 586715
31 4 586715
31 7 586715
38 17 586715
38 7 586715
38 8 586715
38 13 586715
38 15 586715
38 20 586715
38 23 586715
38 24 586715
38 27 586715
12 6 586715
31 2 586715
38 29 586715
38 0 586715
38 1 586715
39 18 586715
18 6 586715
35 9 586715
22 14 586715
34 22 304702
34 25 304702
21 1 304702
32 0 304702
21 5 304702
21 9 304702
6 0 304702
14 9 304702
33 32 304702
28 2 304702
16 3 304702
36 34 304702
37 29 304702
16 10 304702
19 6 304702
30 13 304702
26 12 304702
