40 1000000
413285
413285 413285
413285 413285 413285
413285 413285 413285 413285
413285 695298 413285 413285 413285
695298 413285 413285 413285 413285 413285
413285 413285 413285 413285 413285 413285 413285
413285 413285 413285 413285 413285 413285 413285 413285
413285 695298 413285 413285 413285 695298 413285 413285 413285
413285 413285 413285 695298 413285 413285 413285 413285 413285 413285
413285 413285 413285 413285 413285 413285 413285 413285 413285 413285 413285
413285 413285 413285 413285 413285 413285 413285 413285 413285 413285 413285 413285
413285 413285 413285 413285 413285 413285 413285 413285 413285 413285 413285 413285 413285
413285 695298 413285 413285 413285 695298 413285 413285 413285 695298 413285 413285 413285 413285
413285 413285 413285 413285 413285 413285 413285 413285 413285 413285 413285 413285 413285 413285 413285
413285 413285 413285 695298 413285 413285 413285 413285 413285 413285 695298 413285 413285 413285 413285 413285
413285 413285 413285 413285 413285 413285 413285 413285 413285 413285 413285 413285 413285 413285 413285 413285 413285
413285 413285 413285 413285 413285 413285 413285 413285 413285 413285 413285 413285 413285 413285 413285 413285 413285 413285
695298 413285 413285 413285 413285 413285 695298 413285 413285 413285 413285 413285 413285 413285 413285 413285 413285 413285 413285
413285 413285 413285 413285 413285 413285 413285 413285 413285 413285 413285 413285 413285 413285 413285 413285 413285 413285 413285 413285
413285 695298 413285 413285 413285 695298 413285 413285 413285 695298 413285 413285 413285 413285 695298 413285 413285 413285 413285 413285 413285
413285 413285 413285 413285 413285 413285 413285 413285 413285 413285 413285 413285 413285 413285 413285 413285 413285 413285 413285 413285 413285 413285
413285 413285 413285 413285 413285 413285 413285 413285 413285 413285 413285 413285 413285 413285 413285 413285 413285 413285 413285 413285 413285 413285 413285
413285 413285 413285 413285 413285 413285 413285 413285 413285 413285 413285 413285 413285 413285 413285 413285 413285 413285 413285 413285 413285 413285 413285 413285
413285 413285 413285 413285 413285 413285 413285 413285 413285 413285 413285 413285 413285 413285 413285 413285 413285 413285 413285 413285 413285 413285 695298 413285 413285
413285 413285 413285 413285 413285 413285 413285 413285 413285 413285 413285 413285 695298 413285 413285 413285 413285 413285 413285 413285 413285 413285 413285 413285 413285 413285
413285 413285 413285 413285 413285 413285 413285 413285 413285 413285 413285 413285 413285 413285 413285 413285 413285 413285 413285 413285 413285 413285 413285 413285 413285 413285 413285
413285 413285 695298 413285 413285 413285 413285 413285 413285 413285 413285 413285 413285 413285 413285 413285 413285 413285 413285 413285 413285 413285 413285 413285 413285 413285 413285 413285
413285 413285 413285 413285 413285 413285 413285 413285 413285 413285 413285 413285 413285 413285 413285 413285 413285 413285 413285 413285 413285 413285 413285 413285 413285 413285 413285 413285 413285
413285 413285 413285 413285 413285 413285 413285 413285 413285 413285 413285 413285 413285 695298 413285 413285 413285 413285 413285 413285 413285 413285 413285 413285 413285 413285 413285 413285 413285 413285
413285 413285 413285 413285 413285 413285 413285 413285 413285 413285 413285 413285 413285 413285 413285 413285 413285 413285 413285 413285 413285 413285 413285 413285 413285 413285 413285 413285 413285 413285 413285
695298 413285 413285 413285 413285 413285 695298 413285 413285 413285 413285 413285 413285 413285 413285 413285 413285 413285 413285 695298 413285 413285 413285 413285 413285 413285 413285 413285 413285 413285 413285 413285
695298 413285 413285 413285 413285 413285 695298 413285 413285 413285 413285 413285 413285 413285 413285 413285 413285 413285 413285 695298 413285 413285 413285 413285 413285 413285 413285 413285 413285 413285 413285 413285 695298
413285 413285 413285 413285 413285 413285 413285 413285 413285 413285 413285 413285 413285 413285 413285 413285 413285 413285 413285 413285 413285 413285 695298 413285 413285 695298 413285 413285 413285 413285 413285 413285 413285 413285
413285 413285 413285 413285 413285 413285 413285 413285 413285 413285 413285 413285 413285 413285 413285 413285 413285 413285 413285 413285 413285 413285 413285 413285 413285 413285 413285 413285 413285 413285 413285 413285 413285 413285 413285
413285 413285 413285 413285 413285 413285 413285 413285 413285 413285 413285 413285 413285 413285 413285 413285 413285 413285 413285 413285 413285 413285 695298 413285 413285 695298 413285 413285 413285 413285 413285 413285 413285 413285 695298 413285
413285 413285 413285 413285 413285 413285 413285 413285 413285 413285 413285 413285 413285 413285 413285 413285 413285 413285 413285 413285 413285 413285 413285 413285 413285 413285 413285 413285 413285 695298 413285 413285 413285 413285 413285 413285 413285
413285 413285 413285 413285 413285 413285 413285 413285 413285 413285 413285 413285 413285 413285 413285 413285 413285 413285 413285 413285 413285 413285 413285 413285 413285 413285 413285 413285 413285 413285 413285 413285 413285 413285 413285 413285 413285 413285
413285 413285 413285 413285 413285 413285 413285 413285 413285 413285 413285 413285 413285 413285 413285 413285 413285 413285 413285 413285 413285 413285 413285 413285 413285 413285 413285 413285 413285 413285 413285 413285 413285 413285 413285 413285 413285 413285 413285
586715
586715 586715
586715 586715 586715
586715 586715 586715 586715
304702 304702 304702 304702 304702
304702 304702 304702 304702 304702 304702
586715 586715 586715 586715 586715 304702 304702
586715 586715 586715 586715 586715 304702 304702 586715
304702 304702 304702 304702 304702 304702 304702 304702 304702
304702 304702 304702 304702 304702 304702 304702 304702 304702 304702
586715 586715 586715 586715 586715 304702 304702 586715 586715 304702 304702
304702 304702 304702 304702 304702 304702 586715 304702 304702 304702 304702 304702
586715 586715 586715 586715 586715 304702 304702 586715 586715 304702 304702 586715 304702
304702 304702 304702 304702 304702 304702 304702 304702 304702 304702 304702 304702 304702 304702
586715 586715 586715 586715 586715 304702 304702 586715 586715 304702 304702 586715 304702 586715 304702
304702 304702 304702 304702 304702 304702 304702 304702 304702 304702 304702 304702 304702 304702 304702 304702
586715 586715 586715 586715 586715 304702 304702 586715 586715 304702 304702 586715 304702 586715 304702 586715 304702
304702 304702 304702 304702 304702 304702 586715 304702 304702 304702 304702 304702 586715 304702 304702 304702 304702 304702
304702 304702 304702 304702 304702 304702 304702 304702 304702 304702 304702 304702 304702 304702 304702 304702 304702 304702 304702
586715 586715 586715 586715 586715 304702 304702 586715 586715 304702 304702 586715 304702 586715 304702 586715 304702 586715 304702 304702
304702 304702 304702 304702 304702 304702 304702 304702 304702 304702 304702 304702 304702 304702 304702 304702 304702 304702 304702 304702 304702
304702 304702 304702 304702 304702 304702 304702 304702 304702 304702 304702 304702 304702 304702 586715 304702 304702 304702 304702 304702 304702 304702
586715 586715 586715 586715 586715 304702 304702 586715 586715 304702 304702 586715 304702 586715 304702 586715 304702 586715 304702 304702 586715 304702 304702
586715 586715 586715 586715 586715 304702 304702 586715 586715 304702 304702 586715 304702 586715 304702 586715 304702 586715 304702 304702 586715 304702 304702 586715
304702 304702 304702 304702 304702 304702 304702 304702 304702 304702 304702 304702 304702 304702 304702 304702 304702 304702 304702 304702 304702 304702 304702 304702 304702
304702 304702 304702 304702 304702 304702 304702 304702 304702 304702 304702 304702 304702 304702 304702 304702 304702 304702 304702 304702 304702 304702 304702 304702 304702 304702
586715 586715 586715 586715 586715 304702 304702 586715 586715 304702 304702 586715 304702 586715 304702 586715 304702 586715 304702 304702 586715 304702 304702 586715 586715 304702 304702
304702 304702 304702 304702 304702 304702 304702 304702 304702 304702 304702 304702 304702 304702 304702 304702 304702 304702 304702 304702 304702 304702 304702 304702 304702 304702 304702 304702
586715 586715 586715 586715 586715 304702 304702 586715 586715 304702 304702 586715 304702 586715 304702 586715 304702 586715 304702 304702 586715 304702 304702 586715 586715 304702 304702 586715 304702
304702 304702 304702 304702 304702 304702 304702 304702 304702 304702 304702 304702 304702 304702 304702 304702 304702 304702 304702 304702 304702 304702 304702 304702 304702 304702 304702 304702 304702 304702
586715 586715 586715 586715 586715 304702 304702 586715 586715 304702 304702 586715 304702 586715 304702 586715 304702 586715 304702 304702 586715 304702 304702 586715 586715 304702 304702 586715 304702 586715 304702
304702 304702 304702 304702 304702 304702 304702 304702 304702 304702 304702 304702 304702 304702 304702 304702 304702 304702 304702 304702 304702 304702 304702 304702 304702 304702 304702 304702 304702 304702 304702 304702
304702 304702 304702 304702 304702 304702 304702 304702 304702 304702 304702 304702 304702 304702 304702 304702 304702 304702 304702 304702 304702 304702 304702 304702 304702 304702 304702 304702 304702 304702 304702 304702 304702
304702 304702 304702 304702 304702 304702 304702 304702 304702 304702 304702 304702 304702 304702 304702 304702 304702 304702 304702 304702 304702 304702 304702 304702 304702 304702 304702 304702 304702 304702 304702 304702 304702 304702
304702 304702 304702 304702 304702 304702 304702 304702 304702 586715 304702 304702 304702 304702 304702 304702 304702 304702 304702 304702 304702 304702 304702 304702 304702 304702 304702 304702 304702 304702 304702 304702 304702 304702 304702
304702 304702 304702 304702 304702 304702 304702 304702 304702 304702 304702 304702 304702 304702 304702 304702 304702 304702 304702 304702 304702 304702 304702 304702 304702 304702 304702 304702 304702 304702 304702 304702 304702 304702 304702 304702
304702 304702 304702 304702 304702 304702 304702 304702 304702 304702 304702 304702 304702 304702 304702 304702 304702 304702 304702 304702 304702 304702 304702 304702 304702 304702 304702 304702 304702 304702 304702 304702 304702 304702 304702 304702 304702
586715 586715 586715 586715 586715 304702 304702 586715 586715 304702 304702 586715 304702 586715 304702 586715 304702 586715 304702 304702 586715 304702 304702 586715 586715 304702 304702 586715 304702 586715 304702 586715 304702 304702 304702 304702 304702 304702
304702 304702 304702 304702 304702 304702 586715 304702 304702 304702 304702 304702 586715 304702 304702 304702 304702 304702 586715 304702 304702 304702 304702 304702 304702 304702 304702 304702 304702 304702 304702 304702 304702 304702 304702 304702 304702 304702 304702
