40 1000000
672815
24775 24775
452512 452512 24775
672815 791937 24775 452512
452512 452512 24775 887519 452512
672815 672815 24775 452512 672815 452512
272145 272145 24775 272145 272145 272145 272145
24775 24775 24775 24775 24775 24775 24775 24775
272145 272145 24775 272145 272145 272145 272145 272145 24775
672815 672815 24775 452512 672815 452512 819865 272145 24775 272145
272145 272145 24775 272145 272145 272145 272145 272145 24775 672815 272145
650298 650298 24775 452512 650298 452512 650298 272145 24775 272145 650298 272145
672815 672815 24775 452512 672815 452512 672815 272145 24775 272145 672815 272145 650298
272145 272145 24775 272145 272145 272145 272145 672815 24775 272145 272145 272145 272145 272145
272145 272145 24775 272145 272145 272145 272145 272145 24775 272145 272145 272145 272145 272145 272145
650298 650298 24775 452512 650298 452512 650298 272145 24775 272145 650298 272145 791937 650298 272145 272145
672815 950167 24775 452512 791937 452512 672815 272145 24775 272145 672815 272145 650298 672815 272145 272145 650298
24775 24775 24775 24775 24775 24775 24775 24775 950167 24775 24775 24775 24775 24775 24775 24775 24775 24775
672815 672815 24775 452512 672815 452512 672815 272145 24775 272145 672815 272145 650298 887519 272145 272145 650298 672815 24775
650298 650298 24775 452512 650298 452512 650298 272145 24775 272145 650298 272145 695366 650298 272145 272145 695366 650298 24775 650298
650298 650298 24775 452512 650298 452512 650298 272145 24775 272145 650298 272145 650298 650298 272145 272145 650298 650298 24775 650298 650298
672815 672815 24775 452512 672815 452512 672815 272145 24775 272145 672815 272145 650298 672815 272145 272145 650298 672815 24775 672815 650298 650298
272145 272145 24775 272145 272145 272145 272145 672815 24775 272145 272145 272145 272145 272145 819865 272145 272145 272145 24775 272145 272145 272145 272145
650298 650298 24775 452512 650298 452512 650298 272145 24775 272145 650298 272145 695366 650298 272145 272145 695366 650298 24775 650298 695366 650298 650298 272145
672815 672815 24775 452512 672815 452512 672815 272145 24775 272145 672815 272145 650298 887519 272145 272145 650298 672815 24775 887519 650298 650298 672815 272145 650298
272145 272145 24775 272145 272145 272145 272145 272145 24775 272145 272145 272145 272145 272145 272145 272145 272145 272145 24775 272145 272145 272145 272145 272145 272145 272145
24775 24775 24775 24775 24775 24775 24775 24775 819865 24775 24775 24775 24775 24775 24775 24775 24775 24775 819865 24775 24775 24775 24775 24775 24775 24775 24775
672815 672815 24775 452512 672815 452512 672815 272145 24775 272145 672815 272145 650298 887519 272145 272145 650298 672815 24775 887519 650298 650298 672815 272145 650298 887519 272145 24775
672815 791937 24775 452512 791937 452512 672815 272145 24775 272145 672815 272145 650298 672815 272145 272145 650298 791937 24775 672815 650298 650298 672815 272145 650298 672815 272145 24775 672815
650298 650298 24775 452512 650298 452512 650298 272145 24775 272145 650298 272145 650298 650298 272145 272145 650298 650298 24775 650298 650298 650298 650298 272145 650298 650298 272145 24775 650298 650298
672815 672815 24775 452512 672815 452512 672815 272145 24775 272145 672815 272145 650298 672815 272145 272145 650298 672815 24775 672815 650298 650298 887519 272145 650298 672815 272145 24775 672815 672815 650298
272145 272145 24775 272145 272145 272145 272145 272145 24775 272145 272145 272145 272145 272145 272145 452512 272145 272145 24775 272145 272145 272145 272145 272145 272145 272145 272145 24775 272145 272145 272145 272145
272145 272145 24775 272145 272145 272145 272145 272145 24775 272145 272145 272145 272145 272145 272145 272145 272145 272145 24775 272145 272145 272145 272145 272145 272145 272145 272145 24775 272145 272145 272145 272145 272145
272145 272145 24775 272145 272145 272145 272145 272145 24775 272145 272145 272145 272145 272145 272145 272145 272145 272145 24775 272145 272145 272145 272145 272145 272145 272145 272145 24775 272145 272145 272145 272145 272145 887519
24775 24775 24775 24775 24775 24775 24775 24775 452512 24775 24775 24775 24775 24775 24775 24775 24775 24775 452512 24775 24775 24775 24775 24775 24775 24775 24775 452512 24775 24775 24775 24775 24775 24775 24775
272145 272145 24775 272145 272145 272145 272145 272145 24775 272145 272145 272145 272145 272145 272145 452512 272145 272145 24775 272145 272145 272145 272145 272145 272145 272145 272145 24775 272145 272145 272145 272145 819865 272145 272145 24775
272145 272145 24775 272145 272145 272145 272145 272145 24775 272145 272145 272145 272145 272145 272145 272145 272145 272145 24775 272145 272145 272145 272145 272145 272145 272145 272145 24775 272145 272145 272145 272145 272145 272145 272145 24775 272145
452512 452512 24775 452512 452512 452512 452512 272145 24775 272145 452512 272145 452512 452512 272145 272145 452512 452512 24775 452512 452512 452512 452512 272145 452512 452512 272145 24775 452512 452512 452512 452512 272145 272145 272145 24775 272145 272145
272145 272145 24775 272145 272145 272145 272145 272145 24775 272145 272145 272145 272145 272145 272145 452512 272145 272145 24775 272145 272145 272145 272145 272145 272145 272145 272145 24775 272145 272145 272145 272145 819865 272145 272145 24775 819865 272145 272145
327185
327185 975225
327185 547488 547488
208063 208063 208063 208063
112481 112481 112481 112481 112481
208063 208063 208063 208063 327185 112481
327185 547488 547488 727855 208063 112481 208063
327185 975225 975225 547488 208063 112481 208063 547488
727855 327185 327185 327185 208063 112481 208063 327185 327185
180135 180135 180135 180135 180135 112481 180135 180135 180135 180135
327185 327185 327185 327185 208063 112481 208063 327185 327185 327185 180135
180135 180135 180135 180135 180135 112481 180135 180135 180135 180135 349702 180135
327185 327185 327185 327185 208063 112481 208063 327185 327185 327185 180135 327185 180135
327185 327185 327185 327185 208063 112481 208063 327185 327185 327185 180135 327185 180135 327185
208063 208063 208063 208063 327185 112481 727855 208063 208063 208063 180135 208063 180135 208063 208063
180135 180135 180135 180135 180135 112481 180135 180135 180135 180135 208063 180135 208063 180135 180135 180135
49833 49833 49833 49833 49833 49833 49833 49833 49833 49833 49833 49833 49833 49833 49833 49833 49833
49833 49833 49833 49833 49833 49833 49833 49833 49833 49833 49833 49833 49833 49833 49833 49833 49833 49833
112481 112481 112481 112481 112481 112481 112481 112481 112481 112481 112481 112481 112481 112481 112481 112481 112481 49833 49833
180135 180135 180135 180135 180135 112481 180135 180135 180135 180135 304634 180135 304634 180135 180135 180135 208063 49833 49833 112481
208063 208063 208063 208063 349702 112481 327185 208063 208063 208063 180135 208063 180135 208063 208063 327185 180135 49833 49833 112481 180135
180135 180135 180135 180135 180135 112481 180135 180135 180135 180135 327185 180135 327185 180135 180135 180135 208063 49833 49833 112481 304634 180135
180135 180135 180135 180135 180135 112481 180135 180135 180135 180135 180135 180135 180135 180135 180135 180135 180135 49833 49833 112481 180135 180135 180135
180135 180135 980530 180135 180135 112481 180135 180135 180135 180135 304634 180135 304634 180135 180135 180135 208063 49833 49833 112481 304634 180135 304634 180135
112481 112481 112481 112481 112481 112481 112481 112481 112481 112481 112481 112481 112481 112481 112481 112481 112481 49833 49833 112481 112481 112481 112481 112481 112481
208063 208063 208063 208063 727855 112481 327185 208063 208063 208063 180135 208063 180135 208063 208063 327185 180135 49833 49833 112481 180135 349702 180135 180135 180135 112481
180135 180135 180135 180135 180135 112481 180135 180135 180135 180135 180135 180135 180135 180135 180135 180135 180135 49833 49833 112481 180135 180135 180135 180135 180135 112481 180135
112481 112481 112481 112481 112481 112481 112481 112481 112481 112481 112481 112481 112481 112481 112481 112481 112481 49833 49833 112481 112481 112481 112481 112481 112481 112481 112481 112481
208063 208063 208063 208063 208063 112481 208063 208063 208063 208063 180135 208063 180135 208063 208063 208063 180135 49833 49833 112481 180135 208063 180135 180135 180135 112481 208063 180135 112481
208063 208063 208063 208063 349702 112481 327185 208063 208063 208063 180135 208063 180135 208063 208063 327185 180135 49833 49833 112481 180135 349702 180135 180135 180135 112481 349702 180135 112481 208063
112481 112481 112481 112481 112481 112481 112481 112481 112481 112481 112481 112481 112481 112481 112481 112481 112481 49833 49833 112481 112481 112481 112481 112481 112481 112481 112481 112481 112481 112481 112481
208063 208063 208063 208063 327185 112481 547488 208063 208063 208063 180135 208063 180135 208063 208063 547488 180135 49833 49833 112481 180135 327185 180135 180135 180135 112481 327185 180135 112481 208063 327185 112481
327185 547488 547488 727855 208063 112481 208063 727855 547488 327185 180135 327185 180135 327185 327185 208063 180135 49833 49833 112481 180135 208063 180135 180135 180135 112481 208063 180135 112481 208063 208063 112481 208063
112481 112481 112481 112481 112481 112481 112481 112481 112481 112481 112481 112481 112481 112481 112481 112481 112481 49833 49833 112481 112481 112481 112481 112481 112481 112481 112481 112481 112481 112481 112481 112481 112481 112481
327185 547488 547488 547488 208063 112481 208063 547488 547488 327185 180135 327185 180135 327185 327185 208063 180135 49833 49833 112481 180135 208063 180135 180135 180135 112481 208063 180135 112481 208063 208063 112481 208063 547488 112481
180135 180135 180135 180135 180135 112481 180135 180135 180135 180135 180135 180135 180135 180135 180135 180135 180135 49833 49833 112481 180135 180135 180135 180135 180135 112481 180135 180135 112481 180135 180135 112481 180135 180135 112481 180135
727855 327185 327185 327185 208063 112481 208063 327185 327185 727855 180135 327185 180135 327185 327185 208063 180135 49833 49833 112481 180135 208063 180135 180135 180135 112481 208063 180135 112481 208063 208063 112481 208063 327185 112481 327185 180135
112481 112481 112481 112481 112481 112481 112481 112481 112481 112481 112481 112481 112481 112481 112481 112481 112481 49833 49833 112481 112481 112481 112481 112481 112481 112481 112481 112481 112481 112481 112481 547488 112481 112481 112481 112481 112481 112481
180135 180135 180135 180135 180135 112481 180135 180135 180135 180135 180135 180135 180135 180135 180135 180135 180135 49833 49833 112481 180135 180135 180135 180135 180135 112481 180135 180135 112481 180135 180135 112481 180135 180135 112481 180135 180135 180135 112481
