163 2701
284 2212
395 2923
412 1123
430 1251
438 463
491 2641
581 1273
599 2924
652 1002
790 974
826 1663
912 2065
989 3353
1043 247
1131 1571
1170 2063
1195 1276
1267 1502
1327 3912
1358 397
1391 2619
1513 2255
1523 2646
1597 1868
1601 1619
1694 2834
1713 3035
1800 3863
1803 1954
1813 3295
1828 2385
1870 131
1891 2528
1905 3992
1912 1301
2114 1807
2194 2461
2250 2518
2285 2796
2522 1571
2593 3769
2743 3373
2811 1737
2870 3623
2871 3036
2901 2425
2961 1835
2967 3059
2976 1419
3013 3161
3018 2169
3036 2426
3110 2814
3125 451
3136 3689
3189 243
3190 333
3337 1142
3391 2412
3422 163
3491 2963
3590 1327
3615 3268
3711 2411
3758 869
3795 3272
3851 3524
3866 3206
3969 3625
3988 3904
3991 2763
3997 431
0 3029
1 3029
2 3029
3 3029
4 3029
5 3029
6 3029
7 3029
8 3029
9 3029
10 3029
11 3029
12 3029
13 3029
14 3029
15 3029
16 3029
17 3029
18 3029
19 3029
20 3029
21 3029
22 3029
23 3029
24 3029
25 3029
26 3029
27 3029
28 3029
29 3029
30 3029
31 3029
32 3029
33 3029
34 3029
35 3029
36 3029
37 3029
38 3029
39 3029
40 3029
41 3029
42 3029
43 3029
44 3029
45 3029
46 3029
47 3029
48 3029
49 3029
50 3029
51 3029
52 3029
53 3029
54 3029
55 3029
57 3029
58 3029
59 3029
60 3029
61 3029
62 3029
64 3029
65 3029
66 3029
67 3029
68 3029
69 3029
70 3029
71 3029
72 3029
73 3029
74 3029
75 3029
76 3029
77 3029
78 3029
79 3029
80 3029
81 3029
82 3029
83 3029
84 3029
85 3029
86 3029
87 3029
88 3029
89 3029
90 3029
91 3029
92 3029
93 3029
94 3029
95 3029
96 3029
97 3029
98 3029
99 3029
100 3029
101 3029
102 3029
103 3029
104 3029
105 3029
106 3029
107 3029
108 3029
109 3029
110 3029
111 3029
112 3029
113 3029
114 3029
115 3029
116 3029
117 3029
118 3029
119 3029
120 3029
121 3029
122 3029
123 3029
124 3029
125 3029
126 3029
127 3029
128 3029
129 3029
130 3029
131 3029
132 3029
133 3029
134 3029
135 3029
136 3029
137 3029
138 3029
139 3029
140 3029
141 3029
142 3029
143 3029
144 3029
145 3029
146 3029
148 3029
149 3029
150 3029
151 3029
152 3029
153 3029
154 3029
155 3029
156 3029
157 3029
158 3029
160 3029
161 3029
162 3029
164 3029
165 3029
166 3029
167 3029
168 3029
169 3029
170 3029
171 3029
172 3029
173 3029
174 3029
175 3029
176 3029
177 3029
178 3029
179 3029
180 3029
181 3029
182 3029
183 3029
184 3029
185 3029
186 3029
187 3029
188 3029
189 3029
190 3029
191 3029
192 3029
193 3029
194 3029
195 3029
196 3029
197 3029
198 3029
199 3029
200 3029
201 3029
202 3029
203 3029
204 3029
205 3029
206 3029
207 3029
208 3029
209 3029
210 3029
211 3029
212 3029
213 3029
214 3029
215 3029
216 3029
217 3029
218 3029
219 3029
220 3029
221 3029
222 3029
223 3029
224 3029
225 3029
226 3029
227 3029
228 3029
229 3029
230 3029
231 3029
232 3029
233 3029
234 3029
235 3029
236 3029
237 3029
238 3029
239 3029
240 3029
241 3029
242 3029
244 3029
245 3029
246 3029
247 3029
248 3029
250 3029
251 3029
252 3029
253 3029
254 3029
255 3029
256 3029
258 3029
259 3029
260 3029
261 3029
262 3029
263 3029
264 3029
265 3029
266 3029
267 3029
268 3029
269 3029
270 3029
271 3029
272 3029
273 3029
274 3029
275 3029
276 3029
277 3029
278 3029
279 3029
280 3029
281 3029
282 3029
283 3029
285 3029
286 3029
287 3029
288 3029
289 3029
290 3029
291 3029
292 3029
293 3029
294 3029
295 3029
296 3029
297 3029
298 3029
299 3029
300 3029
301 3029
302 3029
303 3029
304 3029
305 3029
306 3029
307 3029
308 3029
309 3029
310 3029
311 3029
312 3029
313 3029
314 3029
315 3029
316 3029
317 3029
318 3029
319 3029
320 3029
321 3029
322 3029
323 3029
324 3029
325 3029
326 3029
327 3029
328 3029
329 3029
330 3029
331 3029
332 3029
333 3029
334 3029
335 3029
336 3029
337 3029
338 3029
339 3029
340 3029
341 3029
342 3029
343 3029
344 3029
345 3029
346 3029
347 3029
348 3029
349 3029
350 3029
351 3029
352 3029
353 3029
354 3029
355 3029
356 3029
357 3029
359 3029
360 3029
361 3029
362 3029
363 3029
364 3029
365 3029
366 3029
367 3029
368 3029
369 3029
370 3029
371 3029
372 3029
373 3029
374 3029
375 3029
376 3029
377 3029
378 3029
379 3029
380 3029
381 3029
382 3029
383 3029
384 3029
385 3029
386 3029
387 3029
388 3029
389 3029
390 3029
391 3029
392 3029
393 3029
394 3029
396 3029
397 3029
398 3029
399 3029
400 3029
401 3029
402 3029
403 3029
404 3029
405 3029
406 3029
407 3029
408 3029
409 3029
410 3029
411 3029
413 3029
414 3029
415 3029
416 3029
417 3029
418 3029
419 3029
420 3029
421 3029
422 3029
423 3029
424 3029
425 3029
426 3029
427 3029
428 3029
429 3029
432 3029
433 3029
434 3029
435 3029
436 3029
437 3029
439 3029
441 3029
442 3029
443 3029
444 3029
445 3029
446 3029
447 3029
448 3029
449 3029
450 3029
451 3029
452 3029
453 3029
454 3029
456 3029
457 3029
458 3029
459 3029
460 3029
461 3029
462 3029
463 3029
464 3029
465 3029
466 3029
467 3029
468 3029
469 3029
470 3029
471 3029
472 3029
473 3029
474 3029
475 3029
476 3029
477 3029
478 3029
479 3029
480 3029
481 3029
482 3029
483 3029
484 3029
485 3029
486 3029
487 3029
488 3029
489 3029
490 3029
492 3029
493 3029
494 3029
495 3029
496 3029
497 3029
498 3029
499 3029
500 3029
501 3029
502 3029
503 3029
504 3029
505 3029
506 3029
507 3029
508 3029
509 3029
510 3029
511 3029
512 3029
514 3029
515 3029
516 3029
517 3029
518 3029
519 3029
520 3029
521 3029
522 3029
523 3029
524 3029
525 3029
526 3029
527 3029
528 3029
529 3029
530 3029
531 3029
532 3029
533 3029
534 3029
535 3029
536 3029
537 3029
538 3029
539 3029
540 3029
541 3029
542 3029
543 3029
544 3029
545 3029
547 3029
548 3029
549 3029
550 3029
551 3029
552 3029
553 3029
554 3029
555 3029
556 3029
557 3029
558 3029
559 3029
560 3029
561 3029
562 3029
563 3029
564 3029
565 3029
566 3029
567 3029
568 3029
569 3029
570 3029
571 3029
572 3029
573 3029
574 3029
575 3029
576 3029
577 3029
578 3029
579 3029
580 3029
582 3029
583 3029
584 3029
585 3029
586 3029
587 3029
588 3029
589 3029
590 3029
591 3029
592 3029
593 3029
594 3029
595 3029
596 3029
597 3029
598 3029
600 3029
601 3029
602 3029
603 3029
604 3029
605 3029
606 3029
607 3029
608 3029
609 3029
610 3029
611 3029
612 3029
613 3029
614 3029
615 3029
616 3029
617 3029
618 3029
619 3029
620 3029
621 3029
622 3029
623 3029
624 3029
625 3029
627 3029
628 3029
629 3029
630 3029
631 3029
632 3029
633 3029
634 3029
635 3029
636 3029
637 3029
638 3029
639 3029
640 3029
641 3029
642 3029
643 3029
644 3029
645 3029
646 3029
647 3029
648 3029
649 3029
650 3029
651 3029
653 3029
654 3029
655 3029
656 3029
657 3029
658 3029
659 3029
660 3029
661 3029
662 3029
663 3029
664 3029
665 3029
666 3029
667 3029
668 3029
669 3029
670 3029
671 3029
672 3029
673 3029
674 3029
675 3029
676 3029
677 3029
678 3029
679 3029
680 3029
682 3029
683 3029
684 3029
685 3029
686 3029
687 3029
688 3029
689 3029
690 3029
691 3029
693 3029
694 3029
695 3029
696 3029
697 3029
698 3029
699 3029
700 3029
701 3029
702 3029
703 3029
704 3029
705 3029
706 3029
707 3029
708 3029
709 3029
710 3029
711 3029
712 3029
713 3029
714 3029
715 3029
716 3029
717 3029
718 3029
719 3029
720 3029
721 3029
722 3029
723 3029
724 3029
725 3029
726 3029
727 3029
728 3029
729 3029
730 3029
731 3029
732 3029
733 3029
734 3029
735 3029
736 3029
737 3029
738 3029
739 3029
740 3029
741 3029
742 3029
743 3029
744 3029
745 3029
746 3029
747 3029
748 3029
749 3029
750 3029
751 3029
752 3029
753 3029
754 3029
755 3029
756 3029
757 3029
758 3029
759 3029
760 3029
761 3029
762 3029
763 3029
764 3029
765 3029
766 3029
767 3029
768 3029
769 3029
770 3029
771 3029
772 3029
773 3029
774 3029
775 3029
776 3029
777 3029
778 3029
779 3029
780 3029
781 3029
782 3029
783 3029
784 3029
785 3029
786 3029
787 3029
788 3029
789 3029
791 3029
792 3029
793 3029
794 3029
795 3029
796 3029
797 3029
798 3029
799 3029
800 3029
801 3029
802 3029
803 3029
804 3029
805 3029
806 3029
807 3029
808 3029
809 3029
810 3029
811 3029
812 3029
813 3029
814 3029
815 3029
816 3029
817 3029
818 3029
819 3029
820 3029
821 3029
822 3029
823 3029
824 3029
825 3029
827 3029
828 3029
829 3029
830 3029
831 3029
832 3029
833 3029
834 3029
835 3029
836 3029
837 3029
838 3029
839 3029
840 3029
841 3029
842 3029
843 3029
844 3029
845 3029
846 3029
847 3029
848 3029
849 3029
850 3029
851 3029
852 3029
853 3029
854 3029
855 3029
856 3029
857 3029
858 3029
859 3029
860 3029
861 3029
862 3029
863 3029
864 3029
865 3029
866 3029
867 3029
868 3029
869 3029
870 3029
871 3029
872 3029
873 3029
874 3029
875 3029
876 3029
877 3029
878 3029
879 3029
880 3029
881 3029
882 3029
883 3029
884 3029
885 3029
886 3029
887 3029
888 3029
889 3029
890 3029
891 3029
892 3029
893 3029
894 3029
895 3029
896 3029
897 3029
898 3029
899 3029
900 3029
901 3029
902 3029
903 3029
904 3029
905 3029
906 3029
907 3029
908 3029
909 3029
910 3029
911 3029
913 3029
914 3029
915 3029
916 3029
917 3029
918 3029
919 3029
920 3029
921 3029
922 3029
923 3029
924 3029
926 3029
927 3029
928 3029
929 3029
930 3029
931 3029
932 3029
933 3029
934 3029
935 3029
936 3029
937 3029
938 3029
939 3029
940 3029
941 3029
942 3029
943 3029
944 3029
945 3029
946 3029
947 3029
948 3029
949 3029
950 3029
951 3029
952 3029
953 3029
954 3029
955 3029
956 3029
957 3029
958 3029
959 3029
960 3029
961 3029
962 3029
963 3029
964 3029
965 3029
966 3029
967 3029
968 3029
969 3029
970 3029
971 3029
972 3029
973 3029
974 3029
975 3029
976 3029
977 3029
978 3029
979 3029
980 3029
981 3029
982 3029
983 3029
984 3029
985 3029
986 3029
987 3029
988 3029
990 3029
991 3029
992 3029
993 3029
994 3029
995 3029
996 3029
997 3029
998 3029
999 3029
1000 3029
1001 3029
1002 3029
1003 3029
1004 3029
1005 3029
1006 3029
1007 3029
1008 3029
1009 3029
1010 3029
1011 3029
1012 3029
1013 3029
1014 3029
1015 3029
1016 3029
1017 3029
1018 3029
1019 3029
1020 3029
1021 3029
1022 3029
1023 3029
1024 3029
1025 3029
1026 3029
1027 3029
1028 3029
1029 3029
1030 3029
1031 3029
1032 3029
1033 3029
1034 3029
1035 3029
1036 3029
1037 3029
1038 3029
1040 3029
1041 3029
1042 3029
1044 3029
1045 3029
1046 3029
1047 3029
1048 3029
1049 3029
1050 3029
1051 3029
1052 3029
1053 3029
1054 3029
1055 3029
1056 3029
1057 3029
1058 3029
1059 3029
1060 3029
1061 3029
1062 3029
1063 3029
1064 3029
1065 3029
1066 3029
1067 3029
1068 3029
1069 3029
1070 3029
1071 3029
1072 3029
1073 3029
1074 3029
1075 3029
1076 3029
1077 3029
1078 3029
1079 3029
1080 3029
1081 3029
1082 3029
1083 3029
1084 3029
1085 3029
1086 3029
1087 3029
1088 3029
1090 3029
1091 3029
1092 3029
1093 3029
1094 3029
1095 3029
1096 3029
1097 3029
1098 3029
1099 3029
1100 3029
1101 3029
1102 3029
1103 3029
1104 3029
1105 3029
1106 3029
1107 3029
1108 3029
1109 3029
1110 3029
1111 3029
1112 3029
1113 3029
1114 3029
1115 3029
1116 3029
1117 3029
1118 3029
1119 3029
1120 3029
1121 3029
1122 3029
1123 3029
1124 3029
1125 3029
1126 3029
1127 3029
1128 3029
1129 3029
1130 3029
1132 3029
1133 3029
1134 3029
1135 3029
1136 3029
1137 3029
1138 3029
1139 3029
1140 3029
1141 3029
1142 3029
1143 3029
1144 3029
1145 3029
1146 3029
1147 3029
1148 3029
1149 3029
1150 3029
1151 3029
1152 3029
1153 3029
1154 3029
1155 3029
1156 3029
1157 3029
1158 3029
1159 3029
1160 3029
1161 3029
1162 3029
1163 3029
1164 3029
1165 3029
1166 3029
1167 3029
1168 3029
1169 3029
1171 3029
1172 3029
1173 3029
1174 3029
1175 3029
1176 3029
1177 3029
1178 3029
1179 3029
1180 3029
1181 3029
1182 3029
1183 3029
1184 3029
1185 3029
1186 3029
1187 3029
1188 3029
1189 3029
1190 3029
1191 3029
1192 3029
1193 3029
1194 3029
1196 3029
1197 3029
1198 3029
1199 3029
1200 3029
1201 3029
1202 3029
1203 3029
1204 3029
1205 3029
1206 3029
1207 3029
1208 3029
1209 3029
1210 3029
1211 3029
1212 3029
1213 3029
1214 3029
1215 3029
1216 3029
1217 3029
1218 3029
1219 3029
1220 3029
1221 3029
1222 3029
1223 3029
1224 3029
1225 3029
1226 3029
1227 3029
1228 3029
1229 3029
1230 3029
1231 3029
1232 3029
1233 3029
1234 3029
1235 3029
1236 3029
1237 3029
1238 3029
1239 3029
1240 3029
1241 3029
1242 3029
1243 3029
1244 3029
1245 3029
1246 3029
1247 3029
1248 3029
1249 3029
1250 3029
1251 3029
1252 3029
1253 3029
1254 3029
1255 3029
1256 3029
1257 3029
1258 3029
1259 3029
1260 3029
1261 3029
1262 3029
1263 3029
1264 3029
1265 3029
1266 3029
1268 3029
1269 3029
1270 3029
1271 3029
1272 3029
1273 3029
1274 3029
1275 3029
1276 3029
1277 3029
1278 3029
1279 3029
1280 3029
1281 3029
1282 3029
1283 3029
1284 3029
1285 3029
1286 3029
1287 3029
1288 3029
1289 3029
1290 3029
1291 3029
1292 3029
1293 3029
1294 3029
1295 3029
1296 3029
1297 3029
1298 3029
1299 3029
1300 3029
1301 3029
1302 3029
1303 3029
1304 3029
1305 3029
1306 3029
1307 3029
1308 3029
1309 3029
1310 3029
1311 3029
1312 3029
1313 3029
1314 3029
1315 3029
1316 3029
1317 3029
1318 3029
1319 3029
1320 3029
1321 3029
1322 3029
1323 3029
1324 3029
1325 3029
1326 3029
1328 3029
1329 3029
1330 3029
1331 3029
1332 3029
1333 3029
1334 3029
1335 3029
1336 3029
1337 3029
1338 3029
1339 3029
1340 3029
1341 3029
1342 3029
1343 3029
1344 3029
1345 3029
1346 3029
1347 3029
1348 3029
1349 3029
1350 3029
1351 3029
1352 3029
1353 3029
1354 3029
1355 3029
1356 3029
1357 3029
1359 3029
1360 3029
1361 3029
1362 3029
1363 3029
1364 3029
1365 3029
1366 3029
1367 3029
1368 3029
1369 3029
1370 3029
1371 3029
1372 3029
1373 3029
1374 3029
1375 3029
1376 3029
1377 3029
1378 3029
1379 3029
1380 3029
1381 3029
1382 3029
1383 3029
1384 3029
1385 3029
1386 3029
1387 3029
1388 3029
1389 3029
1390 3029
1392 3029
1393 3029
1394 3029
1395 3029
1396 3029
1397 3029
1398 3029
1399 3029
1400 3029
1401 3029
1402 3029
1403 3029
1404 3029
1405 3029
1406 3029
1407 3029
1408 3029
1409 3029
1410 3029
1411 3029
1413 3029
1414 3029
1415 3029
1416 3029
1417 3029
1418 3029
1419 3029
1420 3029
1422 3029
1423 3029
1424 3029
1425 3029
1426 3029
1427 3029
1428 3029
1429 3029
1430 3029
1431 3029
1432 3029
1433 3029
1434 3029
1435 3029
1436 3029
1437 3029
1438 3029
1439 3029
1440 3029
1441 3029
1442 3029
1443 3029
1444 3029
1445 3029
1446 3029
1447 3029
1448 3029
1449 3029
1450 3029
1451 3029
1452 3029
1453 3029
1454 3029
1455 3029
1456 3029
1457 3029
1458 3029
1459 3029
1460 3029
1461 3029
1462 3029
1463 3029
1464 3029
1465 3029
1466 3029
1467 3029
1468 3029
1469 3029
1470 3029
1471 3029
1472 3029
1473 3029
1474 3029
1475 3029
1476 3029
1477 3029
1478 3029
1479 3029
1480 3029
1481 3029
1482 3029
1483 3029
1484 3029
1485 3029
1486 3029
1487 3029
1488 3029
1489 3029
1490 3029
1491 3029
1492 3029
1493 3029
1494 3029
1495 3029
1496 3029
1497 3029
1498 3029
1499 3029
1500 3029
1501 3029
1502 3029
1503 3029
1504 3029
1505 3029
1506 3029
1507 3029
1508 3029
1509 3029
1510 3029
1511 3029
1512 3029
1514 3029
1515 3029
1516 3029
1517 3029
1518 3029
1519 3029
1520 3029
1521 3029
1522 3029
1524 3029
1525 3029
1526 3029
1527 3029
1528 3029
1529 3029
1530 3029
1531 3029
1532 3029
1533 3029
1534 3029
1535 3029
1536 3029
1537 3029
1538 3029
1539 3029
1540 3029
1541 3029
1542 3029
1543 3029
1544 3029
1545 3029
1546 3029
1547 3029
1548 3029
1549 3029
1550 3029
1551 3029
1552 3029
1553 3029
1554 3029
1555 3029
1556 3029
1557 3029
1558 3029
1559 3029
1560 3029
1561 3029
1562 3029
1563 3029
1564 3029
1565 3029
1566 3029
1567 3029
1568 3029
1569 3029
1570 3029
1571 3029
1572 3029
1573 3029
1574 3029
1575 3029
1576 3029
1577 3029
1578 3029
1579 3029
1580 3029
1581 3029
1582 3029
1583 3029
1584 3029
1585 3029
1586 3029
1587 3029
1588 3029
1589 3029
1590 3029
1591 3029
1592 3029
1593 3029
1594 3029
1595 3029
1596 3029
1598 3029
1599 3029
1600 3029
1602 3029
1604 3029
1605 3029
1606 3029
1607 3029
1608 3029
1609 3029
1610 3029
1611 3029
1612 3029
1613 3029
1614 3029
1615 3029
1616 3029
1617 3029
1618 3029
1619 3029
1620 3029
1621 3029
1622 3029
1623 3029
1624 3029
1625 3029
1626 3029
1627 3029
1628 3029
1629 3029
1630 3029
1631 3029
1632 3029
1633 3029
1634 3029
1635 3029
1636 3029
1637 3029
1638 3029
1639 3029
1640 3029
1641 3029
1642 3029
1643 3029
1644 3029
1645 3029
1646 3029
1647 3029
1648 3029
1649 3029
1650 3029
1651 3029
1652 3029
1653 3029
1654 3029
1655 3029
1656 3029
1657 3029
1658 3029
1659 3029
1660 3029
1661 3029
1662 3029
1663 3029
1664 3029
1665 3029
1666 3029
1667 3029
1668 3029
1669 3029
1670 3029
1671 3029
1672 3029
1673 3029
1674 3029
1675 3029
1676 3029
1677 3029
1679 3029
1680 3029
1681 3029
1682 3029
1683 3029
1684 3029
1685 3029
1686 3029
1687 3029
1688 3029
1689 3029
1690 3029
1691 3029
1692 3029
1693 3029
1695 3029
1696 3029
1697 3029
1698 3029
1699 3029
1700 3029
1701 3029
1702 3029
1703 3029
1704 3029
1705 3029
1706 3029
1707 3029
1708 3029
1709 3029
1710 3029
1711 3029
1712 3029
1714 3029
1715 3029
1716 3029
1717 3029
1718 3029
1719 3029
1720 3029
1721 3029
1722 3029
1724 3029
1725 3029
1726 3029
1727 3029
1728 3029
1729 3029
1730 3029
1731 3029
1732 3029
1733 3029
1734 3029
1735 3029
1736 3029
1737 3029
1738 3029
1739 3029
1740 3029
1741 3029
1742 3029
1743 3029
1744 3029
1746 3029
1747 3029
1748 3029
1749 3029
1750 3029
1751 3029
1752 3029
1753 3029
1755 3029
1756 3029
1757 3029
1758 3029
1759 3029
1760 3029
1761 3029
1762 3029
1763 3029
1764 3029
1765 3029
1766 3029
1767 3029
1768 3029
1769 3029
1770 3029
1771 3029
1772 3029
1773 3029
1774 3029
1775 3029
1776 3029
1777 3029
1778 3029
1779 3029
1780 3029
1781 3029
1782 3029
1783 3029
1784 3029
1785 3029
1786 3029
1787 3029
1788 3029
1789 3029
1790 3029
1791 3029
1792 3029
1793 3029
1794 3029
1795 3029
1796 3029
1797 3029
1798 3029
1799 3029
1801 3029
1802 3029
1804 3029
1805 3029
1806 3029
1807 3029
1808 3029
1809 3029
1810 3029
1811 3029
1812 3029
1814 3029
1815 3029
1816 3029
1817 3029
1818 3029
1819 3029
1820 3029
1821 3029
1822 3029
1823 3029
1824 3029
1825 3029
1826 3029
1827 3029
1829 3029
1830 3029
1831 3029
1832 3029
1833 3029
1834 3029
1835 3029
1836 3029
1837 3029
1838 3029
1839 3029
1840 3029
1841 3029
1842 3029
1843 3029
1844 3029
1845 3029
1846 3029
1847 3029
1848 3029
1849 3029
1850 3029
1851 3029
1852 3029
1853 3029
1854 3029
1855 3029
1856 3029
1857 3029
1858 3029
1859 3029
1860 3029
1861 3029
1862 3029
1863 3029
1864 3029
1865 3029
1866 3029
1867 3029
1868 3029
1869 3029
1871 3029
1872 3029
1873 3029
1874 3029
1875 3029
1876 3029
1877 3029
1878 3029
1879 3029
1880 3029
1881 3029
1882 3029
1883 3029
1884 3029
1885 3029
1886 3029
1888 3029
1889 3029
1890 3029
1892 3029
1893 3029
1894 3029
1895 3029
1896 3029
1897 3029
1898 3029
1899 3029
1900 3029
1901 3029
1902 3029
1903 3029
1904 3029
1906 3029
1907 3029
1908 3029
1909 3029
1910 3029
1911 3029
1913 3029
1914 3029
1915 3029
1916 3029
1917 3029
1918 3029
1919 3029
1920 3029
1921 3029
1922 3029
1923 3029
1924 3029
1925 3029
1926 3029
1927 3029
1928 3029
1929 3029
1930 3029
1931 3029
1932 3029
1933 3029
1934 3029
1935 3029
1936 3029
1937 3029
1938 3029
1939 3029
1940 3029
1941 3029
1942 3029
1943 3029
1944 3029
1945 3029
1946 3029
1947 3029
1948 3029
1949 3029
1950 3029
1951 3029
1952 3029
1953 3029
1954 3029
1955 3029
1956 3029
1957 3029
1958 3029
1959 3029
1960 3029
1961 3029
1962 3029
1963 3029
1964 3029
1965 3029
1966 3029
1967 3029
1968 3029
1969 3029
1970 3029
1971 3029
1972 3029
1973 3029
1974 3029
1975 3029
1976 3029
1977 3029
1978 3029
1979 3029
1980 3029
1981 3029
1982 3029
1983 3029
1984 3029
1985 3029
1986 3029
1987 3029
1988 3029
1989 3029
1990 3029
1991 3029
1992 3029
1993 3029
1994 3029
1995 3029
1996 3029
1997 3029
1998 3029
1999 3029
2000 3029
2001 3029
2002 3029
2003 3029
2004 3029
2005 3029
2006 3029
2007 3029
2008 3029
2009 3029
2010 3029
2011 3029
2012 3029
2013 3029
2014 3029
2015 3029
2016 3029
2017 3029
2018 3029
2019 3029
2020 3029
2021 3029
2022 3029
2023 3029
2024 3029
2025 3029
2026 3029
2027 3029
2028 3029
2029 3029
2030 3029
2031 3029
2032 3029
2033 3029
2034 3029
2035 3029
2036 3029
2037 3029
2038 3029
2039 3029
2040 3029
2041 3029
2042 3029
2043 3029
2044 3029
2045 3029
2046 3029
2047 3029
2048 3029
2049 3029
2050 3029
2051 3029
2052 3029
2053 3029
2054 3029
2055 3029
2057 3029
2058 3029
2059 3029
2060 3029
2061 3029
2062 3029
2063 3029
2064 3029
2065 3029
2066 3029
2067 3029
2068 3029
2069 3029
2070 3029
2071 3029
2072 3029
2073 3029
2074 3029
2075 3029
2076 3029
2077 3029
2078 3029
2079 3029
2080 3029
2081 3029
2082 3029
2083 3029
2084 3029
2085 3029
2086 3029
2087 3029
2088 3029
2089 3029
2091 3029
2092 3029
2093 3029
2094 3029
2095 3029
2096 3029
2097 3029
2098 3029
2099 3029
2100 3029
2101 3029
2102 3029
2103 3029
2104 3029
2105 3029
2106 3029
2107 3029
2108 3029
2109 3029
2110 3029
2111 3029
2112 3029
2113 3029
2115 3029
2116 3029
2117 3029
2118 3029
2119 3029
2120 3029
2121 3029
2122 3029
2123 3029
2124 3029
2125 3029
2126 3029
2127 3029
2128 3029
2129 3029
2130 3029
2131 3029
2132 3029
2133 3029
2134 3029
2135 3029
2136 3029
2137 3029
2138 3029
2139 3029
2140 3029
2141 3029
2142 3029
2143 3029
2144 3029
2145 3029
2146 3029
2147 3029
2148 3029
2149 3029
2150 3029
2151 3029
2152 3029
2153 3029
2154 3029
2155 3029
2156 3029
2157 3029
2158 3029
2159 3029
2160 3029
2161 3029
2162 3029
2163 3029
2164 3029
2165 3029
2166 3029
2167 3029
2168 3029
2169 3029
2170 3029
2171 3029
2173 3029
2174 3029
2175 3029
2176 3029
2177 3029
2178 3029
2179 3029
2180 3029
2181 3029
2182 3029
2183 3029
2184 3029
2185 3029
2186 3029
2187 3029
2188 3029
2190 3029
2191 3029
2192 3029
2193 3029
2195 3029
2196 3029
2197 3029
2198 3029
2199 3029
2200 3029
2201 3029
2202 3029
2203 3029
2204 3029
2205 3029
2206 3029
2207 3029
2208 3029
2209 3029
2210 3029
2211 3029
2212 3029
2213 3029
2214 3029
2216 3029
2217 3029
2218 3029
2219 3029
2220 3029
2221 3029
2222 3029
2223 3029
2224 3029
2226 3029
2227 3029
2228 3029
2229 3029
2230 3029
2231 3029
2232 3029
2233 3029
2234 3029
2235 3029
2236 3029
2237 3029
2238 3029
2239 3029
2240 3029
2241 3029
2242 3029
2243 3029
2244 3029
2245 3029
2246 3029
2247 3029
2248 3029
2249 3029
2251 3029
2252 3029
2253 3029
2254 3029
2256 3029
2257 3029
2258 3029
2259 3029
2260 3029
2261 3029
2262 3029
2263 3029
2264 3029
2265 3029
2266 3029
2267 3029
2268 3029
2269 3029
2270 3029
2271 3029
2272 3029
2273 3029
2274 3029
2276 3029
2277 3029
2278 3029
2279 3029
2280 3029
2281 3029
2282 3029
2283 3029
2284 3029
2286 3029
2287 3029
2288 3029
2289 3029
2290 3029
2291 3029
2292 3029
2293 3029
2294 3029
2295 3029
2296 3029
2297 3029
2298 3029
2299 3029
2300 3029
2301 3029
2302 3029
2303 3029
2304 3029
2305 3029
2306 3029
2307 3029
2308 3029
2309 3029
2310 3029
2311 3029
2312 3029
2313 3029
2314 3029
2315 3029
2316 3029
2317 3029
2318 3029
2319 3029
2320 3029
2321 3029
2322 3029
2323 3029
2325 3029
2326 3029
2327 3029
2328 3029
2329 3029
2330 3029
2331 3029
2332 3029
2333 3029
2334 3029
2335 3029
2336 3029
2337 3029
2338 3029
2339 3029
2340 3029
2341 3029
2342 3029
2343 3029
2344 3029
2345 3029
2346 3029
2347 3029
2348 3029
2349 3029
2350 3029
2351 3029
2352 3029
2353 3029
2354 3029
2355 3029
2356 3029
2358 3029
2359 3029
2360 3029
2362 3029
2363 3029
2364 3029
2365 3029
2366 3029
2367 3029
2368 3029
2369 3029
2370 3029
2371 3029
2372 3029
2373 3029
2374 3029
2375 3029
2377 3029
2378 3029
2379 3029
2380 3029
2381 3029
2382 3029
2383 3029
2384 3029
2385 3029
2386 3029
2387 3029
2388 3029
2389 3029
2390 3029
2391 3029
2392 3029
2393 3029
2394 3029
2395 3029
2396 3029
2397 3029
2398 3029
2399 3029
2400 3029
2401 3029
2402 3029
2403 3029
2404 3029
2405 3029
2406 3029
2407 3029
2408 3029
2409 3029
2410 3029
2411 3029
2412 3029
2413 3029
2414 3029
2415 3029
2416 3029
2417 3029
2418 3029
2419 3029
2420 3029
2421 3029
2422 3029
2423 3029
2424 3029
2425 3029
2427 3029
2428 3029
2429 3029
2430 3029
2431 3029
2432 3029
2433 3029
2434 3029
2435 3029
2436 3029
2438 3029
2439 3029
2440 3029
2441 3029
2442 3029
2443 3029
2444 3029
2445 3029
2446 3029
2447 3029
2448 3029
2449 3029
2450 3029
2451 3029
2452 3029
2453 3029
2454 3029
2455 3029
2456 3029
2457 3029
2458 3029
2459 3029
2460 3029
2461 3029
2462 3029
2463 3029
2464 3029
2465 3029
2466 3029
2467 3029
2468 3029
2469 3029
2470 3029
2471 3029
2472 3029
2473 3029
2474 3029
2475 3029
2476 3029
2477 3029
2478 3029
2479 3029
2480 3029
2481 3029
2482 3029
2483 3029
2484 3029
2486 3029
2487 3029
2488 3029
2489 3029
2490 3029
2491 3029
2492 3029
2493 3029
2494 3029
2495 3029
2496 3029
2497 3029
2498 3029
2499 3029
2500 3029
2501 3029
2502 3029
2503 3029
2504 3029
2505 3029
2506 3029
2507 3029
2508 3029
2509 3029
2510 3029
2511 3029
2512 3029
2513 3029
2514 3029
2515 3029
2516 3029
2517 3029
2518 3029
2519 3029
2520 3029
2521 3029
2523 3029
2524 3029
2525 3029
2526 3029
2527 3029
2528 3029
2529 3029
2530 3029
2531 3029
2534 3029
2535 3029
2536 3029
2537 3029
2538 3029
2539 3029
2540 3029
2541 3029
2542 3029
2543 3029
2544 3029
2545 3029
2546 3029
2547 3029
2548 3029
2549 3029
2550 3029
2551 3029
2552 3029
2553 3029
2554 3029
2555 3029
2556 3029
2557 3029
2558 3029
2559 3029
2560 3029
2561 3029
2562 3029
2563 3029
2564 3029
2565 3029
2566 3029
2567 3029
2568 3029
2569 3029
2570 3029
2571 3029
2572 3029
2573 3029
2574 3029
2575 3029
2576 3029
2577 3029
2578 3029
2579 3029
2580 3029
2581 3029
2582 3029
2583 3029
2584 3029
2585 3029
2586 3029
2587 3029
2588 3029
2589 3029
2590 3029
2591 3029
2592 3029
2594 3029
2595 3029
2596 3029
2597 3029
2598 3029
2599 3029
2600 3029
2601 3029
2602 3029
2603 3029
2604 3029
2605 3029
2606 3029
2607 3029
2608 3029
2609 3029
2610 3029
2611 3029
2612 3029
2613 3029
2614 3029
2615 3029
2616 3029
2617 3029
2618 3029
2619 3029
2620 3029
2621 3029
2622 3029
2623 3029
2624 3029
2625 3029
2626 3029
2627 3029
2628 3029
2629 3029
2630 3029
2631 3029
2632 3029
2633 3029
2634 3029
2635 3029
2636 3029
2637 3029
2638 3029
2639 3029
2640 3029
2641 3029
2642 3029
2643 3029
2644 3029
2645 3029
2646 3029
2647 3029
2648 3029
2649 3029
2650 3029
2651 3029
2652 3029
2653 3029
2654 3029
2655 3029
2656 3029
2657 3029
2658 3029
2659 3029
2660 3029
2661 3029
2662 3029
2663 3029
2664 3029
2665 3029
2666 3029
2667 3029
2669 3029
2670 3029
2671 3029
2672 3029
2673 3029
2674 3029
2675 3029
2676 3029
2677 3029
2678 3029
2679 3029
2680 3029
2681 3029
2682 3029
2683 3029
2684 3029
2685 3029
2686 3029
2687 3029
2688 3029
2689 3029
2690 3029
2691 3029
2692 3029
2693 3029
2694 3029
2695 3029
2696 3029
2697 3029
2698 3029
2699 3029
2700 3029
2702 3029
2703 3029
2704 3029
2705 3029
2706 3029
2707 3029
2708 3029
2709 3029
2710 3029
2711 3029
2712 3029
2714 3029
2715 3029
2716 3029
2717 3029
2718 3029
2719 3029
2720 3029
2721 3029
2722 3029
2723 3029
2724 3029
2725 3029
2726 3029
2727 3029
2728 3029
2729 3029
2730 3029
2731 3029
2732 3029
2733 3029
2734 3029
2735 3029
2736 3029
2737 3029
2738 3029
2739 3029
2740 3029
2741 3029
2742 3029
2744 3029
2745 3029
2746 3029
2747 3029
2748 3029
2749 3029
2750 3029
2751 3029
2752 3029
2753 3029
2754 3029
2755 3029
2756 3029
2757 3029
2758 3029
2759 3029
2760 3029
2761 3029
2762 3029
2763 3029
2764 3029
2765 3029
2766 3029
2767 3029
2768 3029
2769 3029
2770 3029
2771 3029
2772 3029
2773 3029
2774 3029
2775 3029
2776 3029
2777 3029
2778 3029
2779 3029
2780 3029
2781 3029
2782 3029
2783 3029
2784 3029
2785 3029
2786 3029
2788 3029
2789 3029
2790 3029
2791 3029
2792 3029
2793 3029
2794 3029
2795 3029
2797 3029
2798 3029
2799 3029
2800 3029
2801 3029
2802 3029
2803 3029
2804 3029
2805 3029
2806 3029
2807 3029
2808 3029
2809 3029
2810 3029
2812 3029
2813 3029
2815 3029
2816 3029
2817 3029
2818 3029
2819 3029
2820 3029
2821 3029
2822 3029
2823 3029
2824 3029
2825 3029
2826 3029
2827 3029
2828 3029
2829 3029
2830 3029
2831 3029
2832 3029
2833 3029
2834 3029
2835 3029
2836 3029
2837 3029
2838 3029
2839 3029
2840 3029
2841 3029
2842 3029
2843 3029
2844 3029
2845 3029
2846 3029
2847 3029
2848 3029
2849 3029
2850 3029
2851 3029
2852 3029
2853 3029
2854 3029
2855 3029
2856 3029
2857 3029
2858 3029
2859 3029
2860 3029
2861 3029
2862 3029
2863 3029
2864 3029
2865 3029
2866 3029
2867 3029
2868 3029
2869 3029
2872 3029
2873 3029
2874 3029
2875 3029
2876 3029
2878 3029
2879 3029
2880 3029
2881 3029
2882 3029
2883 3029
2884 3029
2885 3029
2886 3029
2887 3029
2888 3029
2889 3029
2890 3029
2891 3029
2892 3029
2893 3029
2894 3029
2895 3029
2896 3029
2897 3029
2898 3029
2899 3029
2900 3029
2902 3029
2903 3029
2904 3029
2905 3029
2906 3029
2907 3029
2908 3029
2909 3029
2910 3029
2911 3029
2913 3029
2914 3029
2915 3029
2916 3029
2917 3029
2918 3029
2919 3029
2920 3029
2921 3029
2922 3029
2923 3029
2924 3029
2925 3029
2926 3029
2927 3029
2928 3029
2929 3029
2930 3029
2931 3029
2932 3029
2933 3029
2934 3029
2935 3029
2936 3029
2937 3029
2938 3029
2939 3029
2940 3029
2941 3029
2942 3029
2943 3029
2944 3029
2945 3029
2946 3029
2947 3029
2948 3029
2949 3029
2950 3029
2951 3029
2952 3029
2953 3029
2954 3029
2955 3029
2956 3029
2957 3029
2958 3029
2959 3029
2960 3029
2962 3029
2963 3029
2964 3029
2965 3029
2966 3029
2968 3029
2969 3029
2970 3029
2971 3029
2972 3029
2973 3029
2974 3029
2975 3029
2977 3029
2978 3029
2979 3029
2980 3029
2981 3029
2982 3029
2983 3029
2984 3029
2985 3029
2986 3029
2987 3029
2988 3029
2989 3029
2990 3029
2991 3029
2992 3029
2993 3029
2994 3029
2995 3029
2996 3029
2997 3029
2998 3029
2999 3029
3000 3029
3001 3029
3002 3029
3003 3029
3004 3029
3005 3029
3006 3029
3007 3029
3008 3029
3009 3029
3010 3029
3011 3029
3012 3029
3014 3029
3015 3029
3016 3029
3017 3029
3019 3029
3020 3029
3021 3029
3022 3029
3023 3029
3024 3029
3025 3029
3026 3029
3027 3029
3028 3029
3030 3029
3031 3029
3032 3029
3033 3029
3034 3029
3035 3029
3037 3029
3038 3029
3039 3029
3040 3029
3041 3029
3042 3029
3043 3029
3044 3029
3045 3029
3046 3029
3047 3029
3048 3029
3049 3029
3050 3029
3051 3029
3052 3029
3053 3029
3054 3029
3055 3029
3056 3029
3057 3029
3058 3029
3059 3029
3060 3029
3061 3029
3062 3029
3063 3029
3064 3029
3065 3029
3066 3029
3067 3029
3068 3029
3069 3029
3070 3029
3071 3029
3072 3029
3073 3029
3074 3029
3075 3029
3076 3029
3077 3029
3078 3029
3079 3029
3080 3029
3081 3029
3082 3029
3083 3029
3084 3029
3085 3029
3086 3029
3087 3029
3088 3029
3089 3029
3090 3029
3091 3029
3092 3029
3093 3029
3094 3029
3095 3029
3096 3029
3097 3029
3098 3029
3099 3029
3100 3029
3101 3029
3103 3029
3104 3029
3105 3029
3106 3029
3107 3029
3108 3029
3109 3029
3111 3029
3112 3029
3113 3029
3114 3029
3115 3029
3116 3029
3117 3029
3118 3029
3119 3029
3120 3029
3121 3029
3122 3029
3123 3029
3124 3029
3126 3029
3127 3029
3128 3029
3129 3029
3130 3029
3131 3029
3132 3029
3133 3029
3134 3029
3135 3029
3137 3029
3138 3029
3139 3029
3140 3029
3141 3029
3142 3029
3143 3029
3144 3029
3145 3029
3146 3029
3147 3029
3148 3029
3149 3029
3151 3029
3152 3029
3153 3029
3154 3029
3155 3029
3156 3029
3157 3029
3158 3029
3159 3029
3160 3029
3161 3029
3162 3029
3163 3029
3164 3029
3165 3029
3166 3029
3167 3029
3168 3029
3169 3029
3170 3029
3171 3029
3172 3029
3173 3029
3174 3029
3175 3029
3176 3029
3177 3029
3178 3029
3179 3029
3180 3029
3181 3029
3182 3029
3183 3029
3184 3029
3185 3029
3186 3029
3187 3029
3188 3029
3191 3029
3192 3029
3193 3029
3194 3029
3195 3029
3196 3029
3197 3029
3198 3029
3199 3029
3200 3029
3201 3029
3202 3029
3203 3029
3204 3029
3205 3029
3206 3029
3207 3029
3208 3029
3209 3029
3210 3029
3211 3029
3212 3029
3213 3029
3214 3029
3215 3029
3216 3029
3217 3029
3218 3029
3219 3029
3220 3029
3221 3029
3222 3029
3223 3029
3224 3029
3225 3029
3226 3029
3227 3029
3228 3029
3229 3029
3230 3029
3231 3029
3232 3029
3233 3029
3234 3029
3235 3029
3236 3029
3237 3029
3238 3029
3239 3029
3240 3029
3241 3029
3242 3029
3243 3029
3244 3029
3245 3029
3246 3029
3247 3029
3248 3029
3249 3029
3250 3029
3251 3029
3252 3029
3253 3029
3254 3029
3255 3029
3256 3029
3257 3029
3258 3029
3259 3029
3260 3029
3261 3029
3262 3029
3263 3029
3264 3029
3265 3029
3266 3029
3267 3029
3268 3029
3269 3029
3270 3029
3271 3029
3272 3029
3273 3029
3274 3029
3275 3029
3276 3029
3277 3029
3278 3029
3279 3029
3280 3029
3281 3029
3282 3029
3283 3029
3284 3029
3285 3029
3286 3029
3287 3029
3288 3029
3289 3029
3290 3029
3291 3029
3292 3029
3293 3029
3294 3029
3295 3029
3296 3029
3297 3029
3298 3029
3299 3029
3300 3029
3301 3029
3302 3029
3303 3029
3304 3029
3305 3029
3306 3029
3307 3029
3308 3029
3309 3029
3310 3029
3311 3029
3312 3029
3313 3029
3314 3029
3315 3029
3316 3029
3317 3029
3318 3029
3319 3029
3320 3029
3321 3029
3322 3029
3323 3029
3324 3029
3325 3029
3326 3029
3327 3029
3328 3029
3329 3029
3330 3029
3331 3029
3332 3029
3333 3029
3334 3029
3335 3029
3336 3029
3338 3029
3339 3029
3340 3029
3341 3029
3342 3029
3343 3029
3344 3029
3345 3029
3346 3029
3347 3029
3348 3029
3349 3029
3350 3029
3351 3029
3352 3029
3353 3029
3354 3029
3355 3029
3357 3029
3358 3029
3359 3029
3360 3029
3361 3029
3362 3029
3363 3029
3364 3029
3365 3029
3366 3029
3367 3029
3368 3029
3369 3029
3370 3029
3371 3029
3372 3029
3373 3029
3374 3029
3375 3029
3376 3029
3377 3029
3378 3029
3379 3029
3380 3029
3381 3029
3382 3029
3383 3029
3384 3029
3385 3029
3386 3029
3387 3029
3388 3029
3389 3029
3390 3029
3392 3029
3393 3029
3394 3029
3395 3029
3396 3029
3397 3029
3398 3029
3399 3029
3400 3029
3401 3029
3402 3029
3403 3029
3404 3029
3405 3029
3406 3029
3408 3029
3409 3029
3410 3029
3411 3029
3412 3029
3413 3029
3414 3029
3415 3029
3416 3029
3417 3029
3418 3029
3419 3029
3420 3029
3421 3029
3423 3029
3424 3029
3425 3029
3426 3029
3427 3029
3428 3029
3429 3029
3430 3029
3431 3029
3432 3029
3433 3029
3434 3029
3435 3029
3436 3029
3437 3029
3438 3029
3439 3029
3440 3029
3441 3029
3442 3029
3443 3029
3444 3029
3445 3029
3446 3029
3447 3029
3448 3029
3449 3029
3450 3029
3451 3029
3452 3029
3453 3029
3454 3029
3455 3029
3456 3029
3457 3029
3458 3029
3459 3029
3460 3029
3461 3029
3462 3029
3463 3029
3464 3029
3465 3029
3466 3029
3467 3029
3468 3029
3469 3029
3470 3029
3471 3029
3472 3029
3473 3029
3474 3029
3475 3029
3476 3029
3477 3029
3478 3029
3479 3029
3480 3029
3481 3029
3482 3029
3483 3029
3484 3029
3485 3029
3486 3029
3487 3029
3488 3029
3489 3029
3490 3029
3492 3029
3493 3029
3494 3029
3495 3029
3496 3029
3497 3029
3498 3029
3499 3029
3501 3029
3502 3029
3503 3029
3504 3029
3505 3029
3506 3029
3507 3029
3508 3029
3509 3029
3511 3029
3512 3029
3513 3029
3514 3029
3515 3029
3516 3029
3517 3029
3518 3029
3519 3029
3520 3029
3521 3029
3522 3029
3523 3029
3524 3029
3525 3029
3526 3029
3527 3029
3528 3029
3529 3029
3530 3029
3531 3029
3532 3029
3533 3029
3534 3029
3535 3029
3536 3029
3537 3029
3538 3029
3539 3029
3540 3029
3541 3029
3542 3029
3543 3029
3544 3029
3545 3029
3546 3029
3547 3029
3548 3029
3549 3029
3550 3029
3551 3029
3552 3029
3553 3029
3554 3029
3555 3029
3556 3029
3557 3029
3558 3029
3559 3029
3560 3029
3561 3029
3562 3029
3563 3029
3564 3029
3565 3029
3566 3029
3567 3029
3568 3029
3569 3029
3570 3029
3571 3029
3572 3029
3573 3029
3574 3029
3575 3029
3576 3029
3577 3029
3578 3029
3579 3029
3580 3029
3581 3029
3582 3029
3583 3029
3584 3029
3585 3029
3586 3029
3587 3029
3588 3029
3589 3029
3591 3029
3592 3029
3593 3029
3594 3029
3595 3029
3596 3029
3597 3029
3598 3029
3599 3029
3600 3029
3601 3029
3602 3029
3603 3029
3604 3029
3606 3029
3607 3029
3608 3029
3609 3029
3610 3029
3611 3029
3612 3029
3613 3029
3614 3029
3616 3029
3617 3029
3618 3029
3619 3029
3620 3029
3621 3029
3622 3029
3623 3029
3624 3029
3625 3029
3626 3029
3627 3029
3629 3029
3630 3029
3631 3029
3632 3029
3633 3029
3634 3029
3635 3029
3636 3029
3637 3029
3638 3029
3639 3029
3640 3029
3641 3029
3642 3029
3643 3029
3644 3029
3645 3029
3646 3029
3647 3029
3648 3029
3649 3029
3650 3029
3651 3029
3652 3029
3653 3029
3654 3029
3655 3029
3656 3029
3657 3029
3658 3029
3659 3029
3660 3029
3661 3029
3662 3029
3663 3029
3664 3029
3665 3029
3666 3029
3667 3029
3668 3029
3669 3029
3670 3029
3671 3029
3672 3029
3673 3029
3674 3029
3675 3029
3676 3029
3677 3029
3678 3029
3679 3029
3680 3029
3681 3029
3682 3029
3683 3029
3684 3029
3685 3029
3686 3029
3687 3029
3688 3029
3690 3029
3691 3029
3692 3029
3693 3029
3694 3029
3695 3029
3696 3029
3697 3029
3698 3029
3699 3029
3700 3029
3701 3029
3702 3029
3703 3029
3704 3029
3705 3029
3706 3029
3707 3029
3708 3029
3709 3029
3710 3029
3712 3029
3713 3029
3714 3029
3715 3029
3716 3029
3717 3029
3718 3029
3719 3029
3720 3029
3721 3029
3722 3029
3723 3029
3724 3029
3725 3029
3726 3029
3727 3029
3728 3029
3729 3029
3730 3029
3731 3029
3732 3029
3733 3029
3734 3029
3735 3029
3736 3029
3737 3029
3738 3029
3740 3029
3741 3029
3742 3029
3743 3029
3744 3029
3745 3029
3746 3029
3747 3029
3748 3029
3749 3029
3750 3029
3751 3029
3752 3029
3753 3029
3754 3029
3755 3029
3756 3029
3757 3029
3759 3029
3760 3029
3761 3029
3762 3029
3763 3029
3764 3029
3765 3029
3766 3029
3767 3029
3768 3029
3769 3029
3770 3029
3771 3029
3773 3029
3774 3029
3775 3029
3776 3029
3777 3029
3778 3029
3779 3029
3780 3029
3781 3029
3782 3029
3783 3029
3784 3029
3785 3029
3786 3029
3787 3029
3788 3029
3789 3029
3790 3029
3791 3029
3792 3029
3793 3029
3794 3029
3796 3029
3797 3029
3798 3029
3799 3029
3800 3029
3801 3029
3802 3029
3803 3029
3804 3029
3805 3029
3806 3029
3807 3029
3808 3029
3809 3029
3810 3029
3811 3029
3812 3029
3813 3029
3814 3029
3815 3029
3816 3029
3817 3029
3818 3029
3819 3029
3820 3029
3821 3029
3822 3029
3823 3029
3825 3029
3826 3029
3827 3029
3828 3029
3829 3029
3830 3029
3832 3029
3833 3029
3834 3029
3835 3029
3836 3029
3838 3029
3839 3029
3840 3029
3841 3029
3842 3029
3843 3029
3844 3029
3845 3029
3846 3029
3847 3029
3848 3029
3849 3029
3850 3029
3852 3029
3853 3029
3854 3029
3855 3029
3856 3029
3857 3029
3858 3029
3859 3029
3860 3029
3861 3029
3862 3029
3863 3029
3864 3029
3865 3029
3867 3029
3868 3029
3869 3029
3870 3029
3872 3029
3873 3029
3874 3029
3875 3029
3876 3029
3877 3029
3878 3029
3879 3029
3880 3029
3881 3029
3882 3029
3883 3029
3884 3029
3885 3029
3886 3029
3887 3029
3888 3029
3889 3029
3890 3029
3891 3029
3892 3029
3893 3029
3894 3029
3895 3029
3896 3029
3897 3029
3898 3029
3899 3029
3900 3029
3901 3029
3902 3029
3903 3029
3904 3029
3905 3029
3906 3029
3907 3029
3908 3029
3909 3029
3910 3029
3911 3029
3912 3029
3913 3029
3914 3029
3915 3029
3918 3029
3919 3029
3920 3029
3921 3029
3922 3029
3923 3029
3924 3029
3925 3029
3926 3029
3927 3029
3928 3029
3929 3029
3930 3029
3931 3029
3932 3029
3933 3029
3934 3029
3935 3029
3936 3029
3937 3029
3938 3029
3939 3029
3940 3029
3941 3029
3942 3029
3943 3029
3944 3029
3945 3029
3946 3029
3947 3029
3948 3029
3949 3029
3950 3029
3951 3029
3952 3029
3953 3029
3954 3029
3955 3029
3956 3029
3957 3029
3958 3029
3959 3029
3960 3029
3961 3029
3962 3029
3963 3029
3964 3029
3965 3029
3966 3029
3967 3029
3968 3029
3970 3029
3971 3029
3972 3029
3973 3029
3974 3029
3975 3029
3977 3029
3978 3029
3979 3029
3980 3029
3981 3029
3982 3029
3983 3029
3984 3029
3985 3029
3986 3029
3987 3029
3989 3029
3990 3029
3992 3029
3993 3029
3994 3029
3995 3029
3996 3029
3998 3029
3999 3029
2787 3999
455 3891
692 3891
2426 3891
3102 3891
3510 3891
440 3510
925 3510
2532 3510
3605 2532
3628 2532
1887 3605
159 925
1603 925
2172 925
257 2172
3831 2172
147 3831
431 3831
546 257
3772 257
2533 3772
3150 1603
2275 3150
626 2275
2912 2275
2437 440
3824 440
1412 3824
3500 2426
3739 2426
681 3739
1723 3739
3916 3500
513 455
2090 3834
2215 3834
3356 3834
2324 3356
2485 3356
358 2215
1678 2215
1754 1678
1089 1754
3407 2090
249 917
2796 917
2877 917
2255 2877
1039 2255
1745 2255
2056 2255
2361 2255
2376 2361
3689 2361
3976 2361
1421 3976
2701 3689
3871 3689
63 1745
2189 1745
2357 1745
2814 2796
3837 2796
56 3837
2225 3837
2668 3837
2713 3837
243 2814
3917 249
